"row_uid","ntl_mean","source","year"
1,0.467749838223653,"Zhong2025",1992
2,0,"Zhong2025",1992
3,0.00729659396883193,"Zhong2025",1992
4,0.0866412988510625,"Zhong2025",1992
5,0,"Zhong2025",1992
6,0,"Zhong2025",1992
7,0,"Zhong2025",1992
8,0,"Zhong2025",1992
9,0,"Zhong2025",1992
10,0,"Zhong2025",1992
11,0,"Zhong2025",1992
12,0,"Zhong2025",1992
13,0,"Zhong2025",1992
14,0,"Zhong2025",1992
15,0,"Zhong2025",1992
16,0.0182805510494136,"Zhong2025",1992
17,8.16174445032536,"Zhong2025",1992
18,0.0759184593635221,"Zhong2025",1992
19,0,"Zhong2025",1992
20,0,"Zhong2025",1992
21,0.153059893975309,"Zhong2025",1992
22,0.376735922048717,"Zhong2025",1992
23,1.78305729701467,"Zhong2025",1992
24,1.00875627915647,"Zhong2025",1992
25,1.15357039541878,"Zhong2025",1992
26,1.19106250769344,"Zhong2025",1992
27,0.530272946140524,"Zhong2025",1992
28,5.12879976298254,"Zhong2025",1992
29,0.0379648989782963,"Zhong2025",1992
30,0,"Zhong2025",1992
31,0.0138989043506709,"Zhong2025",1992
32,0,"Zhong2025",1992
33,0.111702712953452,"Zhong2025",1992
34,3.33485453466171,"Zhong2025",1992
35,0.464382152041692,"Zhong2025",1992
36,3.23401913177725,"Zhong2025",1992
37,0.00972077924258438,"Zhong2025",1992
38,0.187144533581514,"Zhong2025",1992
39,0,"Zhong2025",1992
40,10.1382024521106,"Zhong2025",1992
41,12.1090074859816,"Zhong2025",1992
42,0.0637407212678439,"Zhong2025",1992
43,0,"Zhong2025",1992
44,0,"Zhong2025",1992
45,3.9022795672445,"Zhong2025",1992
46,0,"Zhong2025",1992
47,0.47515513106831,"Zhong2025",1992
48,0.188016884982697,"Zhong2025",1992
49,0.931887163242633,"Zhong2025",1992
50,0,"Zhong2025",1992
51,3.21151051479588,"Zhong2025",1992
52,0,"Zhong2025",1992
53,0.17982109220872,"Zhong2025",1992
54,0.0511663102938178,"Zhong2025",1992
55,0,"Zhong2025",1992
56,0,"Zhong2025",1992
57,0,"Zhong2025",1992
58,8.47990394844895,"Zhong2025",1992
59,34.4091818619488,"Zhong2025",1992
60,6.492801721545,"Zhong2025",1992
61,3.57797051023794,"Zhong2025",1992
62,2.96371071722947,"Zhong2025",1992
63,3.76409460236086,"Zhong2025",1992
64,2.75368483306149,"Zhong2025",1992
65,4.37261653973558,"Zhong2025",1992
66,1.98367859631669,"Zhong2025",1992
67,18.5442347109896,"Zhong2025",1992
68,11.7860057795352,"Zhong2025",1992
69,2.02772930976577,"Zhong2025",1992
70,1.06204924703472,"Zhong2025",1992
71,5.66784945902015,"Zhong2025",1992
72,1.00774334360096,"Zhong2025",1992
73,3.46505239284697,"Zhong2025",1992
74,3.40988034975062,"Zhong2025",1992
75,7.9905325366732,"Zhong2025",1992
76,9.57770351263193,"Zhong2025",1992
77,3.62012130312452,"Zhong2025",1992
78,13.2237982666517,"Zhong2025",1992
79,5.30391177551142,"Zhong2025",1992
80,4.75608946881193,"Zhong2025",1992
81,1.85465257741614,"Zhong2025",1992
82,6.48724564936164,"Zhong2025",1992
83,4.23574539781327,"Zhong2025",1992
84,2.13743050289817,"Zhong2025",1992
85,4.85420812195748,"Zhong2025",1992
86,1.58855023726566,"Zhong2025",1992
87,3.54088122047437,"Zhong2025",1992
88,9.62555581331253,"Zhong2025",1992
89,1.53285381195294,"Zhong2025",1992
90,5.19516934373048,"Zhong2025",1992
91,3.87264043836152,"Zhong2025",1992
92,27.9830460027486,"Zhong2025",1992
93,3.78146960083468,"Zhong2025",1992
94,2.57446363576346,"Zhong2025",1992
95,10.244648154913,"Zhong2025",1992
96,6.03990701503068,"Zhong2025",1992
97,5.87455449898868,"Zhong2025",1992
98,0.665336926815631,"Zhong2025",1992
99,4.43702604473315,"Zhong2025",1992
100,0.599730619541893,"Zhong2025",1992
101,0.217469645023171,"Zhong2025",1992
102,1.99897998023559,"Zhong2025",1992
103,1.29527053284982,"Zhong2025",1992
104,3.01133609420121,"Zhong2025",1992
105,0.0908188026242115,"Zhong2025",1992
106,1.04333217775253,"Zhong2025",1992
107,0.229762934479799,"Zhong2025",1992
108,0.286483956843892,"Zhong2025",1992
109,0.0189628346720666,"Zhong2025",1992
110,0.807186205592654,"Zhong2025",1992
111,0.202430929630712,"Zhong2025",1992
112,0,"Zhong2025",1992
113,0.00151417423197706,"Zhong2025",1992
114,3.20989726717983,"Zhong2025",1992
115,0,"Zhong2025",1992
116,0.0176619420126649,"Zhong2025",1992
117,0.194008322150969,"Zhong2025",1992
118,1.3152136206303,"Zhong2025",1992
119,0,"Zhong2025",1992
120,0.0838932687776131,"Zhong2025",1992
121,0.298891970836326,"Zhong2025",1992
122,0,"Zhong2025",1992
123,4.37218602662153,"Zhong2025",1992
124,0.341062786636163,"Zhong2025",1992
125,0.823402203018627,"Zhong2025",1992
126,1.65332398447726,"Zhong2025",1992
127,0.642396861616569,"Zhong2025",1992
128,4.13359421642852,"Zhong2025",1992
129,0.736752566618797,"Zhong2025",1992
130,3.60736593897355,"Zhong2025",1992
131,6.56677742783864,"Zhong2025",1992
132,1.4149917534055,"Zhong2025",1992
133,1.67945035202654,"Zhong2025",1992
134,0.373983873033689,"Zhong2025",1992
135,0.133930722495954,"Zhong2025",1992
136,1.42350637717986,"Zhong2025",1992
137,2.44934524983168,"Zhong2025",1992
138,0.10981330871582,"Zhong2025",1992
139,0.0800574718379095,"Zhong2025",1992
140,0.453800059854984,"Zhong2025",1992
141,0.159969638718554,"Zhong2025",1992
142,0.885253493417829,"Zhong2025",1992
143,0,"Zhong2025",1992
144,0,"Zhong2025",1992
145,3.33458294665648,"Zhong2025",1992
146,0.1896406209448,"Zhong2025",1992
147,0.934779407473925,"Zhong2025",1992
148,0,"Zhong2025",1992
149,0.866234832402482,"Zhong2025",1992
150,0.711180683045552,"Zhong2025",1992
151,0.251186475891289,"Zhong2025",1992
152,0.00695082343718856,"Zhong2025",1992
153,1.50941747667904,"Zhong2025",1992
154,2.48336555542424,"Zhong2025",1992
155,1.01383513209125,"Zhong2025",1992
156,0,"Zhong2025",1992
157,5.18541227976481,"Zhong2025",1992
158,0.014435951126849,"Zhong2025",1992
159,0.450390180551458,"Zhong2025",1992
160,1.05018350947139,"Zhong2025",1992
161,0.143662201076995,"Zhong2025",1992
162,0,"Zhong2025",1992
163,0,"Zhong2025",1992
164,0,"Zhong2025",1992
165,0,"Zhong2025",1992
166,0,"Zhong2025",1992
167,0,"Zhong2025",1992
168,0,"Zhong2025",1992
169,0,"Zhong2025",1992
170,0,"Zhong2025",1992
171,0,"Zhong2025",1992
172,0,"Zhong2025",1992
173,0,"Zhong2025",1992
174,0,"Zhong2025",1992
175,0,"Zhong2025",1992
176,0,"Zhong2025",1992
177,5.30273374377787e-05,"Zhong2025",1992
178,0,"Zhong2025",1992
179,0,"Zhong2025",1992
180,0,"Zhong2025",1992
181,0,"Zhong2025",1992
182,0,"Zhong2025",1992
183,0,"Zhong2025",1992
184,0,"Zhong2025",1992
185,0,"Zhong2025",1992
186,0,"Zhong2025",1992
187,0.0658692602474794,"Zhong2025",1992
188,0,"Zhong2025",1992
189,0.000148054808732786,"Zhong2025",1992
190,2.52770858752772,"Zhong2025",1992
191,3.97563325057661,"Zhong2025",1992
192,0,"Zhong2025",1992
193,0,"Zhong2025",1992
194,0.224656142942413,"Zhong2025",1992
195,0.420939374383491,"Zhong2025",1992
196,0.116617612270357,"Zhong2025",1992
197,0,"Zhong2025",1992
198,0,"Zhong2025",1992
199,0,"Zhong2025",1992
200,0.107771870823604,"Zhong2025",1992
201,0,"Zhong2025",1992
202,0.291033244518133,"Zhong2025",1992
203,0,"Zhong2025",1992
204,0.988774294175612,"Zhong2025",1992
205,0.17859806756899,"Zhong2025",1992
206,0.446127987620549,"Zhong2025",1992
207,0,"Zhong2025",1992
208,0.0226810004576207,"Zhong2025",1992
209,0.111356781270879,"Zhong2025",1992
210,0,"Zhong2025",1992
211,0,"Zhong2025",1992
212,0,"Zhong2025",1992
213,0,"Zhong2025",1992
214,0,"Zhong2025",1992
215,0,"Zhong2025",1992
216,0,"Zhong2025",1992
217,0,"Zhong2025",1992
218,0,"Zhong2025",1992
219,0,"Zhong2025",1992
220,0,"Zhong2025",1992
221,0,"Zhong2025",1992
222,0,"Zhong2025",1992
223,0,"Zhong2025",1992
224,0,"Zhong2025",1992
225,0,"Zhong2025",1992
226,0.0126874790991421,"Zhong2025",1992
227,0,"Zhong2025",1992
228,0,"Zhong2025",1992
229,0,"Zhong2025",1992
230,14.9168116337752,"Zhong2025",1992
231,1.15782043600608,"Zhong2025",1992
232,3.81639561436428,"Zhong2025",1992
233,0,"Zhong2025",1992
234,3.68002607663113,"Zhong2025",1992
235,5.76386982026613,"Zhong2025",1992
236,2.12781169829451,"Zhong2025",1992
237,1.64386775155842,"Zhong2025",1992
238,3.14791923907168,"Zhong2025",1992
239,2.95456767157827,"Zhong2025",1992
240,12.5106209077333,"Zhong2025",1992
241,7.09497389955036,"Zhong2025",1992
242,2.14392073618947,"Zhong2025",1992
243,8.11053811568334,"Zhong2025",1992
244,0,"Zhong2025",1992
245,7.65014597627088,"Zhong2025",1992
246,2.31455615240298,"Zhong2025",1992
247,0.255377639875171,"Zhong2025",1992
248,8.85947960009798,"Zhong2025",1992
249,7.08299881570479,"Zhong2025",1992
250,0.127021902599284,"Zhong2025",1992
251,1.03918757484565,"Zhong2025",1992
252,8.35884595435599,"Zhong2025",1992
253,0.703886958986876,"Zhong2025",1992
254,15.2755606578568,"Zhong2025",1992
255,0.794054145694494,"Zhong2025",1992
256,4.32867185219537,"Zhong2025",1992
257,25.1476171501284,"Zhong2025",1992
258,6.05456612276476,"Zhong2025",1992
259,8.35917099301915,"Zhong2025",1992
260,24.2724744975567,"Zhong2025",1992
261,1.48656619292113,"Zhong2025",1992
262,8.62266929038858,"Zhong2025",1992
263,0.505847718273185,"Zhong2025",1992
264,7.70272065618116,"Zhong2025",1992
265,9.63071198459667,"Zhong2025",1992
266,0.460980586381405,"Zhong2025",1992
267,12.2472070255219,"Zhong2025",1992
268,1.43411985079402,"Zhong2025",1992
269,17.4347249951442,"Zhong2025",1992
270,3.43284911676761,"Zhong2025",1992
271,8.47254449389284,"Zhong2025",1992
272,7.13372434770807,"Zhong2025",1992
273,39.4700769980749,"Zhong2025",1992
274,6.524035589578,"Zhong2025",1992
275,4.419572691942,"Zhong2025",1992
276,10.5721365844502,"Zhong2025",1992
277,10.6847727757234,"Zhong2025",1992
278,0.55204109341139,"Zhong2025",1992
279,0.0730764986084843,"Zhong2025",1992
280,7.94982725895684,"Zhong2025",1992
281,4.25495176875664,"Zhong2025",1992
282,3.92935785444656,"Zhong2025",1992
283,42.0055829199495,"Zhong2025",1992
284,4.49360201665415,"Zhong2025",1992
285,0,"Zhong2025",1992
286,0.011125916155676,"Zhong2025",1992
287,0.132154012934657,"Zhong2025",1992
288,0.896907057265168,"Zhong2025",1992
289,3.35919584846124,"Zhong2025",1992
290,35.8357565114453,"Zhong2025",1992
291,0.104861413038546,"Zhong2025",1992
292,13.2902456101946,"Zhong2025",1992
293,3.53914933449501,"Zhong2025",1992
294,0.357265170809114,"Zhong2025",1992
295,0.108450275436044,"Zhong2025",1992
296,0.010719446534522,"Zhong2025",1992
297,1.62425609532258,"Zhong2025",1992
298,0.172958922481177,"Zhong2025",1992
299,0.660985393371569,"Zhong2025",1992
300,13.6109739471884,"Zhong2025",1992
301,3.62623399540009,"Zhong2025",1992
302,0.295771313642161,"Zhong2025",1992
303,17.5742091682222,"Zhong2025",1992
304,0.688024863114823,"Zhong2025",1992
305,0,"Zhong2025",1992
306,1.77785136847011,"Zhong2025",1992
307,0.624948900902987,"Zhong2025",1992
308,1.03998792972084,"Zhong2025",1992
309,0.377648618540563,"Zhong2025",1992
310,1.15075075492466,"Zhong2025",1992
311,0.142898915542497,"Zhong2025",1992
312,5.45313082834085,"Zhong2025",1992
313,0.350133964612076,"Zhong2025",1992
314,3.91355905495584,"Zhong2025",1992
315,0,"Zhong2025",1992
316,0.0553825673558371,"Zhong2025",1992
317,0.712096625496513,"Zhong2025",1992
318,0,"Zhong2025",1992
319,5.66787195925745,"Zhong2025",1992
320,2.29492232611775,"Zhong2025",1992
321,0.229793847418559,"Zhong2025",1992
322,4.27486586706397,"Zhong2025",1992
323,4.71175644394689,"Zhong2025",1992
324,0.726329153345845,"Zhong2025",1992
325,0.450940551861352,"Zhong2025",1992
326,13.1129854900783,"Zhong2025",1992
327,1.56351847735678,"Zhong2025",1992
328,0.65300788309586,"Zhong2025",1992
329,7.55114819268579,"Zhong2025",1992
330,0.443960739732391,"Zhong2025",1992
331,6.94260672507118,"Zhong2025",1992
332,32.0404664158821,"Zhong2025",1992
333,0.86930580211005,"Zhong2025",1992
334,0.196982579873416,"Zhong2025",1992
335,4.28298477843464,"Zhong2025",1992
336,6.19587575264,"Zhong2025",1992
337,39.1690917655603,"Zhong2025",1992
338,3.12421013907849,"Zhong2025",1992
339,0.856079616269397,"Zhong2025",1992
340,3.18099218530006,"Zhong2025",1992
341,6.12582532370773,"Zhong2025",1992
342,1.04295760992043,"Zhong2025",1992
343,0.888492952594385,"Zhong2025",1992
344,0.939325634627395,"Zhong2025",1992
345,7.13356190332071,"Zhong2025",1992
346,2.69517290656981,"Zhong2025",1992
347,3.59972316982469,"Zhong2025",1992
348,0.410895032350693,"Zhong2025",1992
349,0.385601282476596,"Zhong2025",1992
350,0.457583166147944,"Zhong2025",1992
351,14.3291749115501,"Zhong2025",1992
352,0.0526335112322746,"Zhong2025",1992
353,6.87543074969301,"Zhong2025",1992
354,0.572003679095832,"Zhong2025",1992
355,2.77063551076564,"Zhong2025",1992
356,0.328229180231643,"Zhong2025",1992
357,8.34459318803569,"Zhong2025",1992
358,0.177048162128776,"Zhong2025",1992
359,0.151145573373067,"Zhong2025",1992
360,0.320169984456152,"Zhong2025",1992
361,8.51347042911922,"Zhong2025",1992
362,0.132943984810953,"Zhong2025",1992
363,1.15649824665448,"Zhong2025",1992
364,0.0722825058602004,"Zhong2025",1992
365,1.33713124403654,"Zhong2025",1992
366,0.234398399878587,"Zhong2025",1992
367,45.5368911303007,"Zhong2025",1992
368,15.240564951992,"Zhong2025",1992
369,0.313996788600524,"Zhong2025",1992
370,2.64281689017201,"Zhong2025",1992
371,2.16147270841183,"Zhong2025",1992
372,0.519102151569379,"Zhong2025",1992
373,4.70151372822492,"Zhong2025",1992
374,0,"Zhong2025",1992
375,10.813282959719,"Zhong2025",1992
376,2.63537848474872,"Zhong2025",1992
377,0.117390297789385,"Zhong2025",1992
378,0.190713301506948,"Zhong2025",1992
379,0.275097551694263,"Zhong2025",1992
380,0.021266842287566,"Zhong2025",1992
381,8.68302164673805,"Zhong2025",1992
382,21.8375387999971,"Zhong2025",1992
383,0.311009682347009,"Zhong2025",1992
384,1.0080815565246,"Zhong2025",1992
385,10.0530862818811,"Zhong2025",1992
386,7.42296714793172,"Zhong2025",1992
387,26.694721024377,"Zhong2025",1992
388,2.5329898011862,"Zhong2025",1992
389,2.36147603222302,"Zhong2025",1992
390,61.6289972305298,"Zhong2025",1992
391,4.11564160847948,"Zhong2025",1992
392,7.58243223704582,"Zhong2025",1992
393,3.51779505307657,"Zhong2025",1992
394,24.1750694403619,"Zhong2025",1992
395,1.59029093213261,"Zhong2025",1992
396,3.11920463682298,"Zhong2025",1992
397,0.48130054300205,"Zhong2025",1992
398,31.2595869952982,"Zhong2025",1992
399,0.0693508676050798,"Zhong2025",1992
400,0.149222778720721,"Zhong2025",1992
401,0.0403545692004947,"Zhong2025",1992
402,0.138315491444437,"Zhong2025",1992
403,0,"Zhong2025",1992
404,0,"Zhong2025",1992
405,4.29398304894234,"Zhong2025",1992
406,0,"Zhong2025",1992
407,0.213953469172665,"Zhong2025",1992
408,0.042446047558504,"Zhong2025",1992
409,0,"Zhong2025",1992
410,0.00968526876889742,"Zhong2025",1992
411,0,"Zhong2025",1992
412,0,"Zhong2025",1992
413,0,"Zhong2025",1992
414,0,"Zhong2025",1992
415,0,"Zhong2025",1992
416,0,"Zhong2025",1992
417,0.0515962218696421,"Zhong2025",1992
418,0.117350053309881,"Zhong2025",1992
419,0.0716219485132992,"Zhong2025",1992
420,0,"Zhong2025",1992
421,0.0553363308731596,"Zhong2025",1992
422,0,"Zhong2025",1992
423,0,"Zhong2025",1992
424,0,"Zhong2025",1992
425,0,"Zhong2025",1992
426,0.0327347693601986,"Zhong2025",1992
427,0,"Zhong2025",1992
428,0,"Zhong2025",1992
429,0.0910736511536275,"Zhong2025",1992
430,0.0601842156953968,"Zhong2025",1992
431,0,"Zhong2025",1992
432,0,"Zhong2025",1992
433,0.0425529495572412,"Zhong2025",1992
434,0,"Zhong2025",1992
435,0.00644085788598625,"Zhong2025",1992
436,0.0964916619215503,"Zhong2025",1992
437,1.88620471260143,"Zhong2025",1992
438,0.260815028200044,"Zhong2025",1992
439,0.416133613518234,"Zhong2025",1992
440,0.0487253446281956,"Zhong2025",1992
441,9.72797845033513,"Zhong2025",1992
442,0.533810663156125,"Zhong2025",1992
443,1.76560128815606,"Zhong2025",1992
444,1.49762791968816,"Zhong2025",1992
445,3.61815584929366,"Zhong2025",1992
446,0.680069203160897,"Zhong2025",1992
447,2.24118700307675,"Zhong2025",1992
448,0.00509188890226128,"Zhong2025",1992
449,2.00594077053565,"Zhong2025",1992
450,0.0895670431168226,"Zhong2025",1992
451,0.78827999894481,"Zhong2025",1992
452,0.240277285381338,"Zhong2025",1992
453,0.0516865491421697,"Zhong2025",1992
454,3.17418620463402,"Zhong2025",1992
455,1.47515294498862,"Zhong2025",1992
456,4.09475943569348,"Zhong2025",1992
457,2.83303292080358,"Zhong2025",1992
458,0.547423820632199,"Zhong2025",1992
459,0.971270653325282,"Zhong2025",1992
460,0.255144115933892,"Zhong2025",1992
461,3.19987878269641,"Zhong2025",1992
462,5.5710903868593,"Zhong2025",1992
463,0.418928865694739,"Zhong2025",1992
464,0.798544710769968,"Zhong2025",1992
465,0.376249218818306,"Zhong2025",1992
466,0.0578314866141874,"Zhong2025",1992
467,51.8889984619327,"Zhong2025",1992
468,14.0200776941221,"Zhong2025",1992
469,4.87492526773186,"Zhong2025",1992
470,2.08997399190492,"Zhong2025",1992
471,20.963239628928,"Zhong2025",1992
472,2.88157625989022,"Zhong2025",1992
473,3.19337764074589,"Zhong2025",1992
474,21.9412135848632,"Zhong2025",1992
475,1.45864970581484,"Zhong2025",1992
476,4.1155262945638,"Zhong2025",1992
477,0.449197939388565,"Zhong2025",1992
478,8.40574330397141,"Zhong2025",1992
479,1.87252524292847,"Zhong2025",1992
480,23.9542509969076,"Zhong2025",1992
481,1.20154093034841,"Zhong2025",1992
482,18.224390359635,"Zhong2025",1992
483,5.32111052981904,"Zhong2025",1992
484,2.43705336991698,"Zhong2025",1992
485,9.58994613938472,"Zhong2025",1992
486,41.5616364992582,"Zhong2025",1992
487,5.8773198191387,"Zhong2025",1992
488,5.80430013348277,"Zhong2025",1992
489,2.094819572396,"Zhong2025",1992
490,13.7119281956216,"Zhong2025",1992
491,0.000145043880934734,"Zhong2025",1992
492,0,"Zhong2025",1992
493,0,"Zhong2025",1992
494,2.12906008835309,"Zhong2025",1992
495,0.570921378237104,"Zhong2025",1992
496,0.0628320435428073,"Zhong2025",1992
497,1.79879284896149,"Zhong2025",1992
498,0.924553750445311,"Zhong2025",1992
499,2.75372184186967,"Zhong2025",1992
500,0.303043875938485,"Zhong2025",1992
501,1.51602401842292,"Zhong2025",1992
502,1.19263318842277,"Zhong2025",1992
503,0.327582363531103,"Zhong2025",1992
504,0.23587869922089,"Zhong2025",1992
505,1.15856712281063,"Zhong2025",1992
506,0.607027892068682,"Zhong2025",1992
507,1.20702669758964,"Zhong2025",1992
508,0,"Zhong2025",1992
509,0.762298139549933,"Zhong2025",1992
510,0.0545547349358996,"Zhong2025",1992
511,0,"Zhong2025",1992
512,0,"Zhong2025",1992
513,0.00619502106942043,"Zhong2025",1992
514,0.0333283346654718,"Zhong2025",1992
515,0.574403620043466,"Zhong2025",1992
516,1.14620596424846,"Zhong2025",1992
517,0.944766995435751,"Zhong2025",1992
518,0,"Zhong2025",1992
519,0.916292781324679,"Zhong2025",1992
520,0.295801591191251,"Zhong2025",1992
521,0.0689099417624762,"Zhong2025",1992
522,1.1144364196746,"Zhong2025",1992
523,4.38638275918876,"Zhong2025",1992
524,0.043819305689116,"Zhong2025",1992
525,0.0607815564356067,"Zhong2025",1992
526,0.324985844000141,"Zhong2025",1992
527,0.96384700791995,"Zhong2025",1992
528,0,"Zhong2025",1992
529,12.7942201221642,"Zhong2025",1992
530,4.51691849605732,"Zhong2025",1992
531,1.42511477462343,"Zhong2025",1992
532,0.694513894332287,"Zhong2025",1992
533,0.260248376342454,"Zhong2025",1992
534,0.927788309138589,"Zhong2025",1992
535,0.215089184624226,"Zhong2025",1992
536,0.416830674135357,"Zhong2025",1992
537,0.682100950395237,"Zhong2025",1992
538,0.71366909367303,"Zhong2025",1992
539,0.302985660809,"Zhong2025",1992
540,0.624951426594677,"Zhong2025",1992
541,1.44323523659731,"Zhong2025",1992
542,0.492579704665034,"Zhong2025",1992
543,0.469071012482679,"Zhong2025",1992
544,0.795507567666777,"Zhong2025",1992
545,0.484272175058201,"Zhong2025",1992
546,0.845527465643169,"Zhong2025",1992
547,0.795090370918921,"Zhong2025",1992
548,0.420251369614173,"Zhong2025",1992
549,0.427545003205699,"Zhong2025",1992
550,0.193062835083355,"Zhong2025",1992
551,1.27330258258524,"Zhong2025",1992
552,0.555805140846135,"Zhong2025",1992
553,0.210603694160449,"Zhong2025",1992
554,0.693483320735362,"Zhong2025",1992
555,0.121935794095409,"Zhong2025",1992
556,0.244342729326887,"Zhong2025",1992
557,1.78295078099812,"Zhong2025",1992
558,1.93219803257974,"Zhong2025",1992
559,1.18248570881902,"Zhong2025",1992
560,0.839511431462597,"Zhong2025",1992
561,1.82558566500584,"Zhong2025",1992
562,8.80355531664615,"Zhong2025",1992
563,0.124845743300142,"Zhong2025",1992
564,0.467127422066896,"Zhong2025",1992
565,3.17901734895368,"Zhong2025",1992
566,0.395039523606356,"Zhong2025",1992
567,3.31888013905067,"Zhong2025",1992
568,0.1557928986086,"Zhong2025",1992
569,0.774334194629586,"Zhong2025",1992
570,0.146708876663764,"Zhong2025",1992
571,1.47430636846142,"Zhong2025",1992
572,0.266674719375131,"Zhong2025",1992
573,0.206014218767082,"Zhong2025",1992
574,0.820251924665623,"Zhong2025",1992
575,1.04144559915725,"Zhong2025",1992
576,1.25662894220522,"Zhong2025",1992
577,0.227402136892711,"Zhong2025",1992
578,0.797214774900124,"Zhong2025",1992
579,0.168805331105801,"Zhong2025",1992
580,1.7468137752453,"Zhong2025",1992
581,0.338641891327495,"Zhong2025",1992
582,0.0800420469432159,"Zhong2025",1992
583,0.0358901354510569,"Zhong2025",1992
584,0.273488944494523,"Zhong2025",1992
585,0.50208658622475,"Zhong2025",1992
586,0.418463646723992,"Zhong2025",1992
587,0.17476386207286,"Zhong2025",1992
588,0.0198897223885661,"Zhong2025",1992
589,0.4767101694166,"Zhong2025",1992
590,0.315931930635934,"Zhong2025",1992
591,1.18870945487197,"Zhong2025",1992
592,0.224311991010094,"Zhong2025",1992
593,0.0560503300207739,"Zhong2025",1992
594,3.70407058489994,"Zhong2025",1992
595,0.168816412141447,"Zhong2025",1992
596,0.0180725507398552,"Zhong2025",1992
597,4.02929279674334,"Zhong2025",1992
598,0.549370049394133,"Zhong2025",1992
599,1.11884071718197,"Zhong2025",1992
600,0.674043503389906,"Zhong2025",1992
601,2.16533490667333,"Zhong2025",1992
602,0.745288416523323,"Zhong2025",1992
603,16.3204399548471,"Zhong2025",1992
604,1.05010965254669,"Zhong2025",1992
605,0.138824126460976,"Zhong2025",1992
606,2.09052384536874,"Zhong2025",1992
607,4.3750195013312,"Zhong2025",1992
608,8.67605699189007,"Zhong2025",1992
609,0.732155237603804,"Zhong2025",1992
610,0.133504622388892,"Zhong2025",1992
611,0.845844182277346,"Zhong2025",1992
612,0.0361912373530989,"Zhong2025",1992
613,0.84359379505657,"Zhong2025",1992
614,2.34541169649739,"Zhong2025",1992
615,0.0956620327343187,"Zhong2025",1992
616,1.30255519742619,"Zhong2025",1992
617,1.98720661560757,"Zhong2025",1992
618,5.30733198397571,"Zhong2025",1992
619,0.0720667061831031,"Zhong2025",1992
620,2.50874123667944,"Zhong2025",1992
621,0.901991245925755,"Zhong2025",1992
622,0.49938833218291,"Zhong2025",1992
623,2.92871097638272,"Zhong2025",1992
624,2.01365879633455,"Zhong2025",1992
625,0.0719290166751792,"Zhong2025",1992
626,1.5393797780405,"Zhong2025",1992
627,4.61969975110377,"Zhong2025",1992
628,8.16803293101123,"Zhong2025",1992
629,32.1281014018589,"Zhong2025",1992
630,4.44554604395576,"Zhong2025",1992
631,0.328547349583921,"Zhong2025",1992
632,0,"Zhong2025",1992
633,0,"Zhong2025",1992
634,0.697423608957309,"Zhong2025",1992
635,0.0262480796068564,"Zhong2025",1992
636,0.93273230346742,"Zhong2025",1992
637,0.109035151770859,"Zhong2025",1992
638,17.0988052163739,"Zhong2025",1992
639,0,"Zhong2025",1992
640,0.178919301035346,"Zhong2025",1992
641,0.209619716167042,"Zhong2025",1992
642,0.249477934395505,"Zhong2025",1992
643,0.0857314282939548,"Zhong2025",1992
644,0.0942650829042707,"Zhong2025",1992
645,0.608732590463854,"Zhong2025",1992
646,1.99630896659458,"Zhong2025",1992
647,0,"Zhong2025",1992
648,0,"Zhong2025",1992
649,2.19067561626434,"Zhong2025",1992
650,0.547699274771191,"Zhong2025",1992
651,0,"Zhong2025",1992
652,0.26800088784185,"Zhong2025",1992
653,0.930550046624808,"Zhong2025",1992
654,5.38132857471362,"Zhong2025",1992
655,0,"Zhong2025",1992
656,0,"Zhong2025",1992
657,0.0343823988904368,"Zhong2025",1992
658,1.23889670173327,"Zhong2025",1992
659,1.39836037354907,"Zhong2025",1992
660,0,"Zhong2025",1992
661,4.9941781233215,"Zhong2025",1992
662,0,"Zhong2025",1992
663,1.45755478094021,"Zhong2025",1992
664,0,"Zhong2025",1992
665,0.263033604249358,"Zhong2025",1992
666,0.0327841535904929,"Zhong2025",1992
667,0,"Zhong2025",1992
668,0.658862959292012,"Zhong2025",1992
669,0.363700099830521,"Zhong2025",1992
670,0,"Zhong2025",1992
671,0.763028721710679,"Zhong2025",1992
672,7.84390944118786,"Zhong2025",1992
673,1.86998140307203,"Zhong2025",1992
674,0,"Zhong2025",1992
675,1.55977716148343,"Zhong2025",1992
676,0.507899650505611,"Zhong2025",1992
677,0.00451160227915026,"Zhong2025",1992
678,0.107285374534075,"Zhong2025",1992
679,1.362542114827,"Zhong2025",1992
680,0.130411952040916,"Zhong2025",1992
681,0.0126981755334233,"Zhong2025",1992
682,0.647044272733885,"Zhong2025",1992
683,8.42591750357129,"Zhong2025",1992
684,0.327225972456761,"Zhong2025",1992
685,0,"Zhong2025",1992
686,4.20302877725886,"Zhong2025",1992
687,2.23421007532464,"Zhong2025",1992
688,0,"Zhong2025",1992
689,0.159706438503539,"Zhong2025",1992
690,1.17521488529818,"Zhong2025",1992
691,0.00171908810734749,"Zhong2025",1992
692,11.4364427162541,"Zhong2025",1992
693,1.09693779756064,"Zhong2025",1992
694,1.741597666006,"Zhong2025",1992
695,1.72331762084117,"Zhong2025",1992
696,0,"Zhong2025",1992
697,2.77816141043839,"Zhong2025",1992
698,0.00146099204700705,"Zhong2025",1992
699,0,"Zhong2025",1992
700,0.891980929120823,"Zhong2025",1992
701,0.0531346512435302,"Zhong2025",1992
702,1.51882960496173,"Zhong2025",1992
703,2.03415592402088,"Zhong2025",1992
704,7.73482617684479,"Zhong2025",1992
705,0.778994352704492,"Zhong2025",1992
706,21.6991608572788,"Zhong2025",1992
707,1.72573315315614,"Zhong2025",1992
708,0.173323600479062,"Zhong2025",1992
709,0.000444292932748795,"Zhong2025",1992
710,4.75494013280726,"Zhong2025",1992
711,0.156907811325755,"Zhong2025",1992
712,3.67081208035025,"Zhong2025",1992
713,0,"Zhong2025",1992
714,1.20396523468378,"Zhong2025",1992
715,0.0757609219865853,"Zhong2025",1992
716,0,"Zhong2025",1992
717,0.713723047528156,"Zhong2025",1992
718,1.22572184562909,"Zhong2025",1992
719,0.284894812019899,"Zhong2025",1992
720,0,"Zhong2025",1992
721,0.374319832943953,"Zhong2025",1992
722,0.439634747916099,"Zhong2025",1992
723,4.85560845134704,"Zhong2025",1992
724,0,"Zhong2025",1992
725,0.318884124818407,"Zhong2025",1992
726,0.0434482240289994,"Zhong2025",1992
727,0.00460389938492041,"Zhong2025",1992
728,0,"Zhong2025",1992
729,0.0645247324577813,"Zhong2025",1992
730,1.52494595420193,"Zhong2025",1992
731,0.0530432498582253,"Zhong2025",1992
732,3.80352180850293,"Zhong2025",1992
733,0.689930041424102,"Zhong2025",1992
734,0,"Zhong2025",1992
735,0.00780970508402044,"Zhong2025",1992
736,0.00156066070000331,"Zhong2025",1992
737,1.5977627567554,"Zhong2025",1992
738,1.73611175056547,"Zhong2025",1992
739,0.593359001449599,"Zhong2025",1992
740,2.48745187520981,"Zhong2025",1992
741,0.118921572834717,"Zhong2025",1992
742,0.180916350097819,"Zhong2025",1992
743,7.59745722876655,"Zhong2025",1992
744,0.299587095344176,"Zhong2025",1992
745,5.72535211291719,"Zhong2025",1992
746,0.622232633198683,"Zhong2025",1992
747,10.3979199940757,"Zhong2025",1992
748,0.144001208955333,"Zhong2025",1992
749,0,"Zhong2025",1992
750,0.276304460601525,"Zhong2025",1992
751,0.284439924474875,"Zhong2025",1992
752,5.84666202015973,"Zhong2025",1992
753,0,"Zhong2025",1992
754,0,"Zhong2025",1992
755,2.20383083993612,"Zhong2025",1992
756,0.642908920815518,"Zhong2025",1992
757,0,"Zhong2025",1992
758,0,"Zhong2025",1992
759,0,"Zhong2025",1992
760,0,"Zhong2025",1992
761,6.91269394039523,"Zhong2025",1992
762,7.55725543382451,"Zhong2025",1992
763,4.79770428450808,"Zhong2025",1992
764,3.47477687466399,"Zhong2025",1992
765,0.00139515672592407,"Zhong2025",1992
766,0,"Zhong2025",1992
767,5.26583793514541,"Zhong2025",1992
768,0,"Zhong2025",1992
769,6.2753104262187,"Zhong2025",1992
770,41.8850280761719,"Zhong2025",1992
771,0.0708009212507078,"Zhong2025",1992
772,1.94672318043299,"Zhong2025",1992
773,0.290265620516512,"Zhong2025",1992
774,0,"Zhong2025",1992
775,1.0450451590885,"Zhong2025",1992
776,1.44112932541713,"Zhong2025",1992
777,2.2337627817714,"Zhong2025",1992
778,9.44767179875307,"Zhong2025",1992
779,47.267893613395,"Zhong2025",1992
780,0.638971085130269,"Zhong2025",1992
781,10.0349791489723,"Zhong2025",1992
782,0,"Zhong2025",1992
783,22.1903520757776,"Zhong2025",1992
784,0.166918778480943,"Zhong2025",1992
785,0,"Zhong2025",1992
786,46.5811270545511,"Zhong2025",1992
787,2.67100212498602,"Zhong2025",1992
788,0.138408390772931,"Zhong2025",1992
789,13.4362086140832,"Zhong2025",1992
790,0.416806013565579,"Zhong2025",1992
791,0.0238097680026087,"Zhong2025",1992
792,4.48237783730519,"Zhong2025",1992
793,2.87473394173301,"Zhong2025",1992
794,0.856945154199056,"Zhong2025",1992
795,3.78605693507574,"Zhong2025",1992
796,0,"Zhong2025",1992
797,1.51270735686395,"Zhong2025",1992
798,2.09471835750642,"Zhong2025",1992
799,0,"Zhong2025",1992
800,0,"Zhong2025",1992
801,0,"Zhong2025",1992
802,0.405055978936209,"Zhong2025",1992
803,11.2434115820173,"Zhong2025",1992
804,11.4711347109172,"Zhong2025",1992
805,0.718350528753156,"Zhong2025",1992
806,0,"Zhong2025",1992
807,4.99171404924709,"Zhong2025",1992
808,1.5346394870372,"Zhong2025",1992
809,0.209557789221343,"Zhong2025",1992
810,37.1920283402854,"Zhong2025",1992
811,0.791379969895518,"Zhong2025",1992
812,0,"Zhong2025",1992
813,0.294983463233401,"Zhong2025",1992
814,6.67294880926896,"Zhong2025",1992
815,4.83373790973177,"Zhong2025",1992
816,0.0171135736008485,"Zhong2025",1992
817,1.84730507679284,"Zhong2025",1992
818,0,"Zhong2025",1992
819,1.40112189541697,"Zhong2025",1992
820,0,"Zhong2025",1992
821,0,"Zhong2025",1992
822,0,"Zhong2025",1992
823,0.196963656302081,"Zhong2025",1992
824,1.93295436287764,"Zhong2025",1992
825,0,"Zhong2025",1992
826,0,"Zhong2025",1992
827,0,"Zhong2025",1992
828,0,"Zhong2025",1992
829,1.42234142096713,"Zhong2025",1992
830,5.5142304820181,"Zhong2025",1992
831,13.7477082844744,"Zhong2025",1992
832,0,"Zhong2025",1992
833,0,"Zhong2025",1992
834,2.58503970376305,"Zhong2025",1992
835,5.58189317784157,"Zhong2025",1992
836,4.4722178504371,"Zhong2025",1992
837,10.8292744308409,"Zhong2025",1992
838,2.25868547347137,"Zhong2025",1992
839,18.5236535395606,"Zhong2025",1992
840,5.72781148071808,"Zhong2025",1992
841,5.87995101888057,"Zhong2025",1992
842,0.266192830432832,"Zhong2025",1992
843,0.606375247872341,"Zhong2025",1992
844,4.69670220125805,"Zhong2025",1992
845,22.2057934025232,"Zhong2025",1992
846,1.05157777622003,"Zhong2025",1992
847,11.6250173730983,"Zhong2025",1992
848,31.2832103635444,"Zhong2025",1992
849,8.59729990330007,"Zhong2025",1992
850,1.56230909351645,"Zhong2025",1992
851,2.04943919588219,"Zhong2025",1992
852,20.7036107603709,"Zhong2025",1992
853,0,"Zhong2025",1992
854,0.414543943647695,"Zhong2025",1992
855,0.620269443121107,"Zhong2025",1992
856,8.85175833395786,"Zhong2025",1992
857,0,"Zhong2025",1992
858,0,"Zhong2025",1992
859,0.126421970845274,"Zhong2025",1992
860,0,"Zhong2025",1992
861,9.56424901232822e-06,"Zhong2025",1992
862,2.45132671946983,"Zhong2025",1992
863,5.24778810111635,"Zhong2025",1992
864,0.589253354263167,"Zhong2025",1992
865,0.0662746279789135,"Zhong2025",1992
866,5.53460387127884,"Zhong2025",1992
867,10.6579584793933,"Zhong2025",1992
868,2.54912732001189,"Zhong2025",1992
869,8.8727911460211,"Zhong2025",1992
870,0.17892056932241,"Zhong2025",1992
871,0,"Zhong2025",1992
872,1.04319211042059,"Zhong2025",1992
873,0,"Zhong2025",1992
874,0,"Zhong2025",1992
875,0.119121479272771,"Zhong2025",1992
876,2.67149116121232,"Zhong2025",1992
877,0.050177295050376,"Zhong2025",1992
878,0.287575811234682,"Zhong2025",1992
879,1.41329547067761,"Zhong2025",1992
880,0.374859795071088,"Zhong2025",1992
881,0,"Zhong2025",1992
882,0.0294077602299777,"Zhong2025",1992
883,0.708110524474012,"Zhong2025",1992
884,0.0519238954425609,"Zhong2025",1992
885,0,"Zhong2025",1992
886,13.7001780336102,"Zhong2025",1992
887,0,"Zhong2025",1992
888,0,"Zhong2025",1992
889,2.97652155981685,"Zhong2025",1992
890,2.55539052380519,"Zhong2025",1992
891,0.624899614288851,"Zhong2025",1992
892,2.77039370099281,"Zhong2025",1992
893,1.36764449474436,"Zhong2025",1992
894,0.135768287221189,"Zhong2025",1992
895,0.143985887977177,"Zhong2025",1992
896,8.25643832580797,"Zhong2025",1992
897,0.74842391430673,"Zhong2025",1992
898,0.0658030478499285,"Zhong2025",1992
899,0,"Zhong2025",1992
900,0.0401574860202313,"Zhong2025",1992
901,21.7278635257648,"Zhong2025",1992
902,0.0426478156543161,"Zhong2025",1992
903,0.471333665312315,"Zhong2025",1992
904,0.0758403299919598,"Zhong2025",1992
905,0.181708623347565,"Zhong2025",1992
906,0.460750379385669,"Zhong2025",1992
907,0.309038413518343,"Zhong2025",1992
908,0.0883442661974001,"Zhong2025",1992
909,19.5044805088176,"Zhong2025",1992
910,3.57373406194438,"Zhong2025",1992
911,0.398804054345277,"Zhong2025",1992
912,0,"Zhong2025",1992
913,0,"Zhong2025",1992
914,0,"Zhong2025",1992
915,0,"Zhong2025",1992
916,0,"Zhong2025",1992
917,0,"Zhong2025",1992
918,0.00591521823672132,"Zhong2025",1992
919,0,"Zhong2025",1992
920,0,"Zhong2025",1992
921,1.57143134480208,"Zhong2025",1992
922,0.0865797745803046,"Zhong2025",1992
923,0,"Zhong2025",1992
924,0,"Zhong2025",1992
925,0,"Zhong2025",1992
926,0.0821410265569496,"Zhong2025",1992
927,0.041670889171555,"Zhong2025",1992
928,0,"Zhong2025",1992
929,0,"Zhong2025",1992
930,0.00131896447023579,"Zhong2025",1992
931,0,"Zhong2025",1992
932,0,"Zhong2025",1992
933,0,"Zhong2025",1992
934,0.0437396394374737,"Zhong2025",1992
935,0,"Zhong2025",1992
936,0,"Zhong2025",1992
937,0,"Zhong2025",1992
938,0,"Zhong2025",1992
939,5.54868513476934,"Zhong2025",1992
940,0.574305796928329,"Zhong2025",1992
941,0.204327752752092,"Zhong2025",1992
942,0.614959874428332,"Zhong2025",1992
943,0.122045082787673,"Zhong2025",1992
944,0.0984839451674202,"Zhong2025",1992
945,0,"Zhong2025",1992
946,0.364835545275914,"Zhong2025",1992
947,0,"Zhong2025",1992
948,0.173970331025846,"Zhong2025",1992
949,0,"Zhong2025",1992
950,4.40388551315906,"Zhong2025",1992
951,0,"Zhong2025",1992
952,0.459966735859023,"Zhong2025",1992
953,1.41758503048074,"Zhong2025",1992
954,2.7089097446508,"Zhong2025",1992
955,0.0430574946128476,"Zhong2025",1992
956,0.089002538634418,"Zhong2025",1992
957,0,"Zhong2025",1992
958,0.098872291189101,"Zhong2025",1992
959,0.0630309898062243,"Zhong2025",1992
960,0.102913975377086,"Zhong2025",1992
961,0.376131445352357,"Zhong2025",1992
962,0.053671339831569,"Zhong2025",1992
963,1.04096603895407,"Zhong2025",1992
964,0.0535843195549175,"Zhong2025",1992
965,4.50888658683203,"Zhong2025",1992
966,1.13308816589269,"Zhong2025",1992
967,1.63708579612066,"Zhong2025",1992
968,0,"Zhong2025",1992
969,1.18149239275658,"Zhong2025",1992
970,0,"Zhong2025",1992
971,1.10044184909821,"Zhong2025",1992
972,0.187694178480576,"Zhong2025",1992
973,3.92459577556508,"Zhong2025",1992
974,0.255814788666305,"Zhong2025",1992
975,0.0960496572121952,"Zhong2025",1992
976,0,"Zhong2025",1992
977,0,"Zhong2025",1992
978,0.259587587265157,"Zhong2025",1992
979,10.5233018088097,"Zhong2025",1992
980,1.18551541262606,"Zhong2025",1992
981,5.36559886968271,"Zhong2025",1992
982,0.000304482114341005,"Zhong2025",1992
983,0.0249588156447691,"Zhong2025",1992
984,0,"Zhong2025",1992
985,0.208281590121573,"Zhong2025",1992
986,0,"Zhong2025",1992
987,0,"Zhong2025",1992
988,0.0665169987189877,"Zhong2025",1992
989,0.278892984487352,"Zhong2025",1992
990,0.181338788858101,"Zhong2025",1992
991,0,"Zhong2025",1992
992,0.335377956868387,"Zhong2025",1992
993,0.0909799159855807,"Zhong2025",1992
994,0.13898109946941,"Zhong2025",1992
995,0,"Zhong2025",1992
996,1.3574213158059,"Zhong2025",1992
997,4.32487618952715,"Zhong2025",1992
998,0,"Zhong2025",1992
999,0.0283275500781113,"Zhong2025",1992
1000,6.20316611429688,"Zhong2025",1992
1001,0,"Zhong2025",1992
1002,1.25975776178601,"Zhong2025",1992
1003,0,"Zhong2025",1992
1004,0.357847847144648,"Zhong2025",1992
1005,0,"Zhong2025",1992
1006,0,"Zhong2025",1992
1007,0.00348261902742673,"Zhong2025",1992
1008,3.05040194767493,"Zhong2025",1992
1009,0.115337873416576,"Zhong2025",1992
1010,0.00201734927616918,"Zhong2025",1992
1011,0.0435767932937476,"Zhong2025",1992
1012,0.669037247502806,"Zhong2025",1992
1013,0.105428316956386,"Zhong2025",1992
1014,0.31147001499761,"Zhong2025",1992
1015,0,"Zhong2025",1992
1016,1.22581324269637,"Zhong2025",1992
1017,0.633816180519578,"Zhong2025",1992
1018,0,"Zhong2025",1992
1019,0,"Zhong2025",1992
1020,0,"Zhong2025",1992
1021,0,"Zhong2025",1992
1022,4.5129233300638,"Zhong2025",1992
1023,0.137703856169585,"Zhong2025",1992
1024,0,"Zhong2025",1992
1025,6.34188428943463,"Zhong2025",1992
1026,0.040710011996874,"Zhong2025",1992
1027,0.112690706325655,"Zhong2025",1992
1028,0.0165212949905446,"Zhong2025",1992
1029,0.0820306839444969,"Zhong2025",1992
1030,0.124819272882398,"Zhong2025",1992
1031,0,"Zhong2025",1992
1032,1.11402160742066,"Zhong2025",1992
1033,0,"Zhong2025",1992
1034,0.353923419817024,"Zhong2025",1992
1035,3.51362142522346,"Zhong2025",1992
1036,0.525795847279041,"Zhong2025",1992
1037,0,"Zhong2025",1992
1038,0.35624469009888,"Zhong2025",1992
1039,0.129460078325315,"Zhong2025",1992
1040,0,"Zhong2025",1992
1041,0.170768048128671,"Zhong2025",1992
1042,0,"Zhong2025",1992
1043,0,"Zhong2025",1992
1044,0.336749703130754,"Zhong2025",1992
1045,0,"Zhong2025",1992
1046,0.282937648968819,"Zhong2025",1992
1047,0,"Zhong2025",1992
1048,0.00218219233450489,"Zhong2025",1992
1049,0.000380173302291894,"Zhong2025",1992
1050,0,"Zhong2025",1992
1051,0,"Zhong2025",1992
1052,0,"Zhong2025",1992
1053,0.0767341608350927,"Zhong2025",1992
1054,2.30787954106927,"Zhong2025",1992
1055,0.00339337340530071,"Zhong2025",1992
1056,0.164438097301791,"Zhong2025",1992
1057,6.56961695431337,"Zhong2025",1992
1058,26.7315814773613,"Zhong2025",1992
1059,0,"Zhong2025",1992
1060,0,"Zhong2025",1992
1061,4.74549613109275,"Zhong2025",1992
1062,33.520268738815,"Zhong2025",1992
1063,4.95941075201693,"Zhong2025",1992
1064,0,"Zhong2025",1992
1065,0.00631588016711902,"Zhong2025",1992
1066,0.234049068005542,"Zhong2025",1992
1067,0,"Zhong2025",1992
1068,0.695643594936991,"Zhong2025",1992
1069,0,"Zhong2025",1992
1070,0.259415534192891,"Zhong2025",1992
1071,1.25826859687056,"Zhong2025",1992
1072,0.181847540607489,"Zhong2025",1992
1073,0.146269855926241,"Zhong2025",1992
1074,0.347020174492759,"Zhong2025",1992
1075,0,"Zhong2025",1992
1076,0,"Zhong2025",1992
1077,0,"Zhong2025",1992
1078,7.3366003183405,"Zhong2025",1992
1079,1.16172501914002,"Zhong2025",1992
1080,5.09840987688478,"Zhong2025",1992
1081,2.80992057940326,"Zhong2025",1992
1082,0.86330179293829,"Zhong2025",1992
1083,0.0777190393871731,"Zhong2025",1992
1084,0.0581624662144142,"Zhong2025",1992
1085,1.54453905726734,"Zhong2025",1992
1086,1.75366835639483,"Zhong2025",1992
1087,3.68881847035122,"Zhong2025",1992
1088,2.46904735409057,"Zhong2025",1992
1089,0,"Zhong2025",1992
1090,0.0912387494271822,"Zhong2025",1992
1091,0,"Zhong2025",1992
1092,1.51365514613793,"Zhong2025",1992
1093,0.602517803564464,"Zhong2025",1992
1094,0.0305420145625883,"Zhong2025",1992
1095,0,"Zhong2025",1992
1096,0.494458558425374,"Zhong2025",1992
1097,0.00637318870044873,"Zhong2025",1992
1098,0,"Zhong2025",1992
1099,0,"Zhong2025",1992
1100,1.2879815130808,"Zhong2025",1992
1101,0,"Zhong2025",1992
1102,0.16472310557483,"Zhong2025",1992
1103,0,"Zhong2025",1992
1104,0.099355035572472,"Zhong2025",1992
1105,0,"Zhong2025",1992
1106,0.619247240786042,"Zhong2025",1992
1107,0.512464969080134,"Zhong2025",1992
1108,0,"Zhong2025",1992
1109,1.07293973005773,"Zhong2025",1992
1110,0.53845857939845,"Zhong2025",1992
1111,2.09567299830793,"Zhong2025",1992
1112,18.3692286606326,"Zhong2025",1992
1113,25.2295966175333,"Zhong2025",1992
1114,43.2410171713148,"Zhong2025",1992
1115,23.2902067744142,"Zhong2025",1992
1116,34.761472583872,"Zhong2025",1992
1117,7.85450872042431,"Zhong2025",1992
1118,17.7834759445695,"Zhong2025",1992
1119,0,"Zhong2025",1992
1120,3.79450731606553,"Zhong2025",1992
1121,41.1046133041382,"Zhong2025",1992
1122,43.0648550234343,"Zhong2025",1992
1,0.729192217484021,"Zhong2025",1993
2,0,"Zhong2025",1993
3,0.0269031167125931,"Zhong2025",1993
4,0.185019051259512,"Zhong2025",1993
5,0.05446171710272,"Zhong2025",1993
6,0,"Zhong2025",1993
7,0,"Zhong2025",1993
8,0,"Zhong2025",1993
9,0,"Zhong2025",1993
10,0,"Zhong2025",1993
11,0.0035181313020444,"Zhong2025",1993
12,0.00377872856339962,"Zhong2025",1993
13,0,"Zhong2025",1993
14,0,"Zhong2025",1993
15,0.144596721478541,"Zhong2025",1993
16,0.036169549504709,"Zhong2025",1993
17,11.2985370279829,"Zhong2025",1993
18,0.249052648357446,"Zhong2025",1993
19,0,"Zhong2025",1993
20,0.0559437724899639,"Zhong2025",1993
21,0.341512901071344,"Zhong2025",1993
22,0.931845198542314,"Zhong2025",1993
23,2.59879381219816,"Zhong2025",1993
24,1.6408911218998,"Zhong2025",1993
25,2.46794274627687,"Zhong2025",1993
26,2.4928245815443,"Zhong2025",1993
27,0.601176296755419,"Zhong2025",1993
28,10.0862856008629,"Zhong2025",1993
29,0,"Zhong2025",1993
30,0,"Zhong2025",1993
31,0.102744737402959,"Zhong2025",1993
32,0,"Zhong2025",1993
33,0.255384410730224,"Zhong2025",1993
34,6.84909535694848,"Zhong2025",1993
35,0.545252614965042,"Zhong2025",1993
36,8.2275707784134,"Zhong2025",1993
37,0,"Zhong2025",1993
38,0.452037341488871,"Zhong2025",1993
39,0.0203597247182345,"Zhong2025",1993
40,12.4579535315549,"Zhong2025",1993
41,16.0430876386577,"Zhong2025",1993
42,0.286151666906573,"Zhong2025",1993
43,0.462290140326395,"Zhong2025",1993
44,0,"Zhong2025",1993
45,5.82859756314863,"Zhong2025",1993
46,0,"Zhong2025",1993
47,1.18054200863173,"Zhong2025",1993
48,0.789427682926925,"Zhong2025",1993
49,1.56657253164183,"Zhong2025",1993
50,0,"Zhong2025",1993
51,6.16658356380476,"Zhong2025",1993
52,0.0572245420110457,"Zhong2025",1993
53,0.667852735840979,"Zhong2025",1993
54,0.191385246800945,"Zhong2025",1993
55,0.0109053413548218,"Zhong2025",1993
56,0,"Zhong2025",1993
57,0,"Zhong2025",1993
58,11.2740513143085,"Zhong2025",1993
59,36.924730160705,"Zhong2025",1993
60,10.4703340440475,"Zhong2025",1993
61,4.85042724707277,"Zhong2025",1993
62,3.65101047252354,"Zhong2025",1993
63,5.48891630715249,"Zhong2025",1993
64,4.34131292744224,"Zhong2025",1993
65,7.49564761352741,"Zhong2025",1993
66,2.53464837195251,"Zhong2025",1993
67,23.3322342715217,"Zhong2025",1993
68,15.3574855543801,"Zhong2025",1993
69,1.71534500446839,"Zhong2025",1993
70,1.23773062259166,"Zhong2025",1993
71,7.02594875089534,"Zhong2025",1993
72,1.92564183690896,"Zhong2025",1993
73,5.19004330782313,"Zhong2025",1993
74,4.95606819622457,"Zhong2025",1993
75,11.2557581135455,"Zhong2025",1993
76,11.117532649407,"Zhong2025",1993
77,5.38595632187683,"Zhong2025",1993
78,14.9638654639886,"Zhong2025",1993
79,7.46565157483502,"Zhong2025",1993
80,7.52799444747706,"Zhong2025",1993
81,3.94054284264092,"Zhong2025",1993
82,8.02901219521858,"Zhong2025",1993
83,6.76890140364843,"Zhong2025",1993
84,3.17805758633325,"Zhong2025",1993
85,5.76572447128954,"Zhong2025",1993
86,2.3985172113878,"Zhong2025",1993
87,4.84601953973262,"Zhong2025",1993
88,11.7237929821014,"Zhong2025",1993
89,1.77493904460714,"Zhong2025",1993
90,7.46170092981403,"Zhong2025",1993
91,7.01525257754396,"Zhong2025",1993
92,29.5125235629683,"Zhong2025",1993
93,6.33803605990416,"Zhong2025",1993
94,3.90556721761823,"Zhong2025",1993
95,12.4323017973834,"Zhong2025",1993
96,7.70522108691622,"Zhong2025",1993
97,8.24230541785842,"Zhong2025",1993
98,1.1964334926723,"Zhong2025",1993
99,5.15071011678059,"Zhong2025",1993
100,0.852379682666614,"Zhong2025",1993
101,0.630851884471609,"Zhong2025",1993
102,3.07535281580161,"Zhong2025",1993
103,1.3758972274822,"Zhong2025",1993
104,4.38290590228456,"Zhong2025",1993
105,0.333642925276901,"Zhong2025",1993
106,2.11704413379407,"Zhong2025",1993
107,0.759317398455394,"Zhong2025",1993
108,0.420025376655109,"Zhong2025",1993
109,0.0764699805994442,"Zhong2025",1993
110,0.990385221503483,"Zhong2025",1993
111,0.430949067152502,"Zhong2025",1993
112,0.00686877095469437,"Zhong2025",1993
113,0.00573618629867159,"Zhong2025",1993
114,5.46175102258012,"Zhong2025",1993
115,0.00449214680563836,"Zhong2025",1993
116,0.0569541866087732,"Zhong2025",1993
117,0.819121661103081,"Zhong2025",1993
118,2.24569582389465,"Zhong2025",1993
119,1.37243783683516e-05,"Zhong2025",1993
120,0.416460144153812,"Zhong2025",1993
121,0.571627831683386,"Zhong2025",1993
122,0,"Zhong2025",1993
123,6.24133743540219,"Zhong2025",1993
124,0.705679178234963,"Zhong2025",1993
125,2.25807852763683,"Zhong2025",1993
126,3.24593474931187,"Zhong2025",1993
127,1.00178148210803,"Zhong2025",1993
128,5.78458552580645,"Zhong2025",1993
129,3.09825546542803,"Zhong2025",1993
130,5.40992697998089,"Zhong2025",1993
131,9.66882225214425,"Zhong2025",1993
132,2.10784137698069,"Zhong2025",1993
133,3.2250952417812,"Zhong2025",1993
134,1.18716837134626,"Zhong2025",1993
135,0.428140634552858,"Zhong2025",1993
136,4.41628850618052,"Zhong2025",1993
137,4.92299995690584,"Zhong2025",1993
138,1.6947914366682,"Zhong2025",1993
139,1.60514710690887,"Zhong2025",1993
140,0.90219840044003,"Zhong2025",1993
141,1.69634324142285,"Zhong2025",1993
142,2.5707690336979,"Zhong2025",1993
143,0.0331248290538788,"Zhong2025",1993
144,0.019777747370952,"Zhong2025",1993
145,5.0152219055593,"Zhong2025",1993
146,0.596595091054906,"Zhong2025",1993
147,1.33139756781476,"Zhong2025",1993
148,0,"Zhong2025",1993
149,1.24041092471476,"Zhong2025",1993
150,1.36780576879351,"Zhong2025",1993
151,0.68686202516542,"Zhong2025",1993
152,0.407040420073818,"Zhong2025",1993
153,2.93851455339526,"Zhong2025",1993
154,4.11921238524839,"Zhong2025",1993
155,2.15450246181832,"Zhong2025",1993
156,0,"Zhong2025",1993
157,6.15844540596008,"Zhong2025",1993
158,0.265181890655966,"Zhong2025",1993
159,1.59165172287445,"Zhong2025",1993
160,1.52474593561833,"Zhong2025",1993
161,0.401052373691333,"Zhong2025",1993
162,0,"Zhong2025",1993
163,0.0343537926333369,"Zhong2025",1993
164,0.0572138476440805,"Zhong2025",1993
165,0.0509610591324966,"Zhong2025",1993
166,0.00106021593388856,"Zhong2025",1993
167,0,"Zhong2025",1993
168,0,"Zhong2025",1993
169,0,"Zhong2025",1993
170,0,"Zhong2025",1993
171,0,"Zhong2025",1993
172,0,"Zhong2025",1993
173,0,"Zhong2025",1993
174,0,"Zhong2025",1993
175,0,"Zhong2025",1993
176,0,"Zhong2025",1993
177,0.0127581138430138,"Zhong2025",1993
178,0,"Zhong2025",1993
179,0,"Zhong2025",1993
180,0.00389385318374923,"Zhong2025",1993
181,0.00117728290609707,"Zhong2025",1993
182,0,"Zhong2025",1993
183,0,"Zhong2025",1993
184,0,"Zhong2025",1993
185,0,"Zhong2025",1993
186,0,"Zhong2025",1993
187,0.118989585128053,"Zhong2025",1993
188,0.00275565642844295,"Zhong2025",1993
189,0.000450452029112943,"Zhong2025",1993
190,3.74874650439133,"Zhong2025",1993
191,4.33255769557209,"Zhong2025",1993
192,0,"Zhong2025",1993
193,0,"Zhong2025",1993
194,0.420911613480355,"Zhong2025",1993
195,0.747053208039085,"Zhong2025",1993
196,0.145483514024467,"Zhong2025",1993
197,0.0232949517495621,"Zhong2025",1993
198,0.0696174164118216,"Zhong2025",1993
199,0,"Zhong2025",1993
200,0.216282841539831,"Zhong2025",1993
201,0,"Zhong2025",1993
202,0.453114669119088,"Zhong2025",1993
203,0.0163727794686261,"Zhong2025",1993
204,1.19332577959588,"Zhong2025",1993
205,0.366949359736906,"Zhong2025",1993
206,0.915214521342615,"Zhong2025",1993
207,0.0146181303592129,"Zhong2025",1993
208,0.0707642225247929,"Zhong2025",1993
209,0.119969629837029,"Zhong2025",1993
210,0,"Zhong2025",1993
211,0,"Zhong2025",1993
212,0,"Zhong2025",1993
213,0,"Zhong2025",1993
214,0,"Zhong2025",1993
215,0,"Zhong2025",1993
216,0,"Zhong2025",1993
217,0.00654397015079884,"Zhong2025",1993
218,0,"Zhong2025",1993
219,0,"Zhong2025",1993
220,0.00340721627721834,"Zhong2025",1993
221,0,"Zhong2025",1993
222,0,"Zhong2025",1993
223,0,"Zhong2025",1993
224,0,"Zhong2025",1993
225,0,"Zhong2025",1993
226,0.0220841163671543,"Zhong2025",1993
227,0,"Zhong2025",1993
228,0.00739899659246676,"Zhong2025",1993
229,0,"Zhong2025",1993
230,17.2357474021781,"Zhong2025",1993
231,2.25884173213988,"Zhong2025",1993
232,4.17599939074435,"Zhong2025",1993
233,0.0416828501465901,"Zhong2025",1993
234,4.46883982906216,"Zhong2025",1993
235,9.72964609993829,"Zhong2025",1993
236,3.13882305263318,"Zhong2025",1993
237,3.19758874463088,"Zhong2025",1993
238,3.98568516962616,"Zhong2025",1993
239,3.74551583421739,"Zhong2025",1993
240,15.0244664392973,"Zhong2025",1993
241,8.57274117611222,"Zhong2025",1993
242,2.80258005000651,"Zhong2025",1993
243,9.56981735235708,"Zhong2025",1993
244,0.259374475357484,"Zhong2025",1993
245,9.26194667001056,"Zhong2025",1993
246,4.65232795873016,"Zhong2025",1993
247,0.358866162937661,"Zhong2025",1993
248,11.215788140893,"Zhong2025",1993
249,8.55091277992024,"Zhong2025",1993
250,0.201306597194371,"Zhong2025",1993
251,1.77486888961388,"Zhong2025",1993
252,9.86319895412611,"Zhong2025",1993
253,1.06771080080775,"Zhong2025",1993
254,16.136983875501,"Zhong2025",1993
255,1.61600787908774,"Zhong2025",1993
256,5.28164349130243,"Zhong2025",1993
257,29.5280149855265,"Zhong2025",1993
258,7.17869767477346,"Zhong2025",1993
259,15.1867233302225,"Zhong2025",1993
260,25.7376367052396,"Zhong2025",1993
261,3.64922702208322,"Zhong2025",1993
262,11.5696361655683,"Zhong2025",1993
263,1.14441574391253,"Zhong2025",1993
264,13.0336399582093,"Zhong2025",1993
265,11.0508513539275,"Zhong2025",1993
266,1.3673885095578,"Zhong2025",1993
267,14.2146208369649,"Zhong2025",1993
268,3.39812530014757,"Zhong2025",1993
269,20.5788730545733,"Zhong2025",1993
270,4.02463442682018,"Zhong2025",1993
271,10.0429077247779,"Zhong2025",1993
272,8.44083780335619,"Zhong2025",1993
273,45.9738994969262,"Zhong2025",1993
274,7.64107858842221,"Zhong2025",1993
275,5.63040757471139,"Zhong2025",1993
276,14.3223132806666,"Zhong2025",1993
277,11.4189582749819,"Zhong2025",1993
278,0.644594607289828,"Zhong2025",1993
279,0.194072895246431,"Zhong2025",1993
280,9.59253263359825,"Zhong2025",1993
281,6.38869062266671,"Zhong2025",1993
282,4.72146561959445,"Zhong2025",1993
283,44.5095958061122,"Zhong2025",1993
284,6.8362034948222,"Zhong2025",1993
285,0.123200135693181,"Zhong2025",1993
286,0.271165922380984,"Zhong2025",1993
287,0.316091434712382,"Zhong2025",1993
288,0.912254318431184,"Zhong2025",1993
289,3.23353877440483,"Zhong2025",1993
290,36.8983711497799,"Zhong2025",1993
291,0.409532226429832,"Zhong2025",1993
292,17.4211589509647,"Zhong2025",1993
293,4.36522736152013,"Zhong2025",1993
294,0.680480667477241,"Zhong2025",1993
295,0.232169306986034,"Zhong2025",1993
296,0.199278261918659,"Zhong2025",1993
297,2.03979412690345,"Zhong2025",1993
298,0.314675392236736,"Zhong2025",1993
299,1.31035548175427,"Zhong2025",1993
300,14.36776118559,"Zhong2025",1993
301,3.89693136536077,"Zhong2025",1993
302,0.486861817609082,"Zhong2025",1993
303,20.6972823222478,"Zhong2025",1993
304,1.62135273611236,"Zhong2025",1993
305,0,"Zhong2025",1993
306,2.6174148935615,"Zhong2025",1993
307,0.856102845051257,"Zhong2025",1993
308,1.31069222434409,"Zhong2025",1993
309,0.634605513529575,"Zhong2025",1993
310,1.84856297537111,"Zhong2025",1993
311,0.615777048560926,"Zhong2025",1993
312,6.6827252052476,"Zhong2025",1993
313,0.815112766830966,"Zhong2025",1993
314,5.79531446627494,"Zhong2025",1993
315,0.136933687214891,"Zhong2025",1993
316,0.221841171331203,"Zhong2025",1993
317,0.954319332329224,"Zhong2025",1993
318,0.526454531260631,"Zhong2025",1993
319,6.62327090285768,"Zhong2025",1993
320,3.17043544411659,"Zhong2025",1993
321,0.409723979669748,"Zhong2025",1993
322,5.73532848005306,"Zhong2025",1993
323,5.70287286588486,"Zhong2025",1993
324,1.10662843270478,"Zhong2025",1993
325,0.525351053108528,"Zhong2025",1993
326,17.7796519954553,"Zhong2025",1993
327,4.28185778655993,"Zhong2025",1993
328,1.54113958159757,"Zhong2025",1993
329,9.28104622756104,"Zhong2025",1993
330,0.667172426527197,"Zhong2025",1993
331,8.08366587825671,"Zhong2025",1993
332,40.4795679926872,"Zhong2025",1993
333,2.13040686432838,"Zhong2025",1993
334,0.417802534553303,"Zhong2025",1993
335,5.57870965135325,"Zhong2025",1993
336,8.08259193111889,"Zhong2025",1993
337,44.0591067556125,"Zhong2025",1993
338,3.39258183544667,"Zhong2025",1993
339,1.79446271765465,"Zhong2025",1993
340,4.58697215597931,"Zhong2025",1993
341,10.0058281836876,"Zhong2025",1993
342,1.44196467187694,"Zhong2025",1993
343,1.24086178584637,"Zhong2025",1993
344,1.73832848331161,"Zhong2025",1993
345,9.4024616738878,"Zhong2025",1993
346,3.71005885528203,"Zhong2025",1993
347,4.47001093445402,"Zhong2025",1993
348,0.739316628353768,"Zhong2025",1993
349,0.650489284966977,"Zhong2025",1993
350,0.657781338711545,"Zhong2025",1993
351,19.438994204998,"Zhong2025",1993
352,0.209119499246612,"Zhong2025",1993
353,9.00187078038933,"Zhong2025",1993
354,1.318120927727,"Zhong2025",1993
355,4.96715884705928,"Zhong2025",1993
356,0.50623015748269,"Zhong2025",1993
357,9.89403394229367,"Zhong2025",1993
358,0.572015368350678,"Zhong2025",1993
359,0.283103915492287,"Zhong2025",1993
360,0.890585364359948,"Zhong2025",1993
361,10.7624055376523,"Zhong2025",1993
362,0.267181128302895,"Zhong2025",1993
363,2.1288706527951,"Zhong2025",1993
364,0.57834191099129,"Zhong2025",1993
365,1.69568386086431,"Zhong2025",1993
366,0.357203931150471,"Zhong2025",1993
367,46.9503399867278,"Zhong2025",1993
368,16.8363208520998,"Zhong2025",1993
369,0.497288902635378,"Zhong2025",1993
370,3.67381427691744,"Zhong2025",1993
371,2.45527380094798,"Zhong2025",1993
372,0.77514163568445,"Zhong2025",1993
373,6.69545581985853,"Zhong2025",1993
374,0.0627995271373678,"Zhong2025",1993
375,13.3833327430391,"Zhong2025",1993
376,4.02180433703793,"Zhong2025",1993
377,0.183125010716906,"Zhong2025",1993
378,0.222339656024047,"Zhong2025",1993
379,0.603377007159912,"Zhong2025",1993
380,0.140439420410465,"Zhong2025",1993
381,9.80693668564782,"Zhong2025",1993
382,25.2668267023765,"Zhong2025",1993
383,0.665579253366148,"Zhong2025",1993
384,1.58579312543506,"Zhong2025",1993
385,11.8233806665309,"Zhong2025",1993
386,9.82166381415568,"Zhong2025",1993
387,30.1424751796893,"Zhong2025",1993
388,3.70903358605873,"Zhong2025",1993
389,3.4125821513789,"Zhong2025",1993
390,62.1541122436523,"Zhong2025",1993
391,5.48608191382317,"Zhong2025",1993
392,10.1425670030688,"Zhong2025",1993
393,7.28204876339943,"Zhong2025",1993
394,26.7579046670645,"Zhong2025",1993
395,2.53691860084378,"Zhong2025",1993
396,5.11278117141303,"Zhong2025",1993
397,1.38548337942593,"Zhong2025",1993
398,35.5260492129759,"Zhong2025",1993
399,0.103256868679022,"Zhong2025",1993
400,0.209983926829467,"Zhong2025",1993
401,0.0577694617254081,"Zhong2025",1993
402,0.169499574212589,"Zhong2025",1993
403,0,"Zhong2025",1993
404,0,"Zhong2025",1993
405,6.10603150295792,"Zhong2025",1993
406,0,"Zhong2025",1993
407,0.317560133866641,"Zhong2025",1993
408,0.0698314855028601,"Zhong2025",1993
409,0,"Zhong2025",1993
410,0.00916718465710118,"Zhong2025",1993
411,0,"Zhong2025",1993
412,0,"Zhong2025",1993
413,0,"Zhong2025",1993
414,0,"Zhong2025",1993
415,0,"Zhong2025",1993
416,0,"Zhong2025",1993
417,0.0609400768171657,"Zhong2025",1993
418,0.258820163255731,"Zhong2025",1993
419,0.154041255056411,"Zhong2025",1993
420,0,"Zhong2025",1993
421,0.0839846896580487,"Zhong2025",1993
422,0,"Zhong2025",1993
423,0,"Zhong2025",1993
424,0,"Zhong2025",1993
425,0,"Zhong2025",1993
426,0.0294088356863455,"Zhong2025",1993
427,0,"Zhong2025",1993
428,0,"Zhong2025",1993
429,0.134433242557515,"Zhong2025",1993
430,0.0900459206099711,"Zhong2025",1993
431,0,"Zhong2025",1993
432,0,"Zhong2025",1993
433,0.110138078690167,"Zhong2025",1993
434,0,"Zhong2025",1993
435,0,"Zhong2025",1993
436,0.2274070997183,"Zhong2025",1993
437,2.64817711593045,"Zhong2025",1993
438,0.39648480767279,"Zhong2025",1993
439,0.707712262372176,"Zhong2025",1993
440,0.171397864331035,"Zhong2025",1993
441,12.718540819777,"Zhong2025",1993
442,1.57500518144915,"Zhong2025",1993
443,3.27693675247527,"Zhong2025",1993
444,3.18163047294382,"Zhong2025",1993
445,5.15052163208786,"Zhong2025",1993
446,1.52541461488663,"Zhong2025",1993
447,3.13603322030251,"Zhong2025",1993
448,0.162524460769169,"Zhong2025",1993
449,3.8357473772132,"Zhong2025",1993
450,0.206705042692159,"Zhong2025",1993
451,1.24690023523324,"Zhong2025",1993
452,0.548515652199437,"Zhong2025",1993
453,0.171776435742744,"Zhong2025",1993
454,4.87497442617776,"Zhong2025",1993
455,2.79565046059221,"Zhong2025",1993
456,6.85601830319925,"Zhong2025",1993
457,4.31089775309736,"Zhong2025",1993
458,1.16298986135405,"Zhong2025",1993
459,2.18568141382782,"Zhong2025",1993
460,0.368051344582784,"Zhong2025",1993
461,3.80325191964585,"Zhong2025",1993
462,7.31072831770469,"Zhong2025",1993
463,0.63521865446927,"Zhong2025",1993
464,1.25469659796947,"Zhong2025",1993
465,0.449243748115419,"Zhong2025",1993
466,0.117798813126801,"Zhong2025",1993
467,53.4251212143317,"Zhong2025",1993
468,18.1153432200201,"Zhong2025",1993
469,6.55316480703297,"Zhong2025",1993
470,3.14495417250631,"Zhong2025",1993
471,25.575101956867,"Zhong2025",1993
472,4.07453433277666,"Zhong2025",1993
473,5.07927205879387,"Zhong2025",1993
474,28.1456799140343,"Zhong2025",1993
475,2.17742061878526,"Zhong2025",1993
476,6.72192333121689,"Zhong2025",1993
477,0.616050040842826,"Zhong2025",1993
478,11.3444289610936,"Zhong2025",1993
479,2.81300154560966,"Zhong2025",1993
480,27.2866605885824,"Zhong2025",1993
481,2.38795735329878,"Zhong2025",1993
482,25.0622878023919,"Zhong2025",1993
483,7.09289350637882,"Zhong2025",1993
484,3.26411977764219,"Zhong2025",1993
485,12.70847032263,"Zhong2025",1993
486,51.1179868404682,"Zhong2025",1993
487,6.81845202483237,"Zhong2025",1993
488,7.93250266651695,"Zhong2025",1993
489,3.17937292781873,"Zhong2025",1993
490,16.9195379840594,"Zhong2025",1993
491,0.0556781867563546,"Zhong2025",1993
492,0.180883161746752,"Zhong2025",1993
493,0,"Zhong2025",1993
494,3.7454814354598,"Zhong2025",1993
495,0.896816544929207,"Zhong2025",1993
496,0.154928383543502,"Zhong2025",1993
497,2.19551813603822,"Zhong2025",1993
498,0.936957794168108,"Zhong2025",1993
499,6.35881102043721,"Zhong2025",1993
500,0.49859918649611,"Zhong2025",1993
501,4.8336098452027,"Zhong2025",1993
502,1.80431328919712,"Zhong2025",1993
503,0.557009860736598,"Zhong2025",1993
504,0.967459807757202,"Zhong2025",1993
505,2.07144698075229,"Zhong2025",1993
506,1.36375864053655,"Zhong2025",1993
507,2.38151584676676,"Zhong2025",1993
508,0,"Zhong2025",1993
509,1.28806759774966,"Zhong2025",1993
510,0.116901939730923,"Zhong2025",1993
511,0,"Zhong2025",1993
512,0.108783946201694,"Zhong2025",1993
513,0.0476962537191075,"Zhong2025",1993
514,0.134825947559053,"Zhong2025",1993
515,3.2250779219145,"Zhong2025",1993
516,1.8738270512528,"Zhong2025",1993
517,1.7044469710781,"Zhong2025",1993
518,0,"Zhong2025",1993
519,1.56067329194761,"Zhong2025",1993
520,0.593521798893778,"Zhong2025",1993
521,0.105033541698161,"Zhong2025",1993
522,3.02897349537031,"Zhong2025",1993
523,7.83228843183788,"Zhong2025",1993
524,0.0595570286355352,"Zhong2025",1993
525,0.0860816335709362,"Zhong2025",1993
526,1.64832141733553,"Zhong2025",1993
527,1.4539941826255,"Zhong2025",1993
528,0.0288828576328578,"Zhong2025",1993
529,17.8162866699845,"Zhong2025",1993
530,7.83466113570021,"Zhong2025",1993
531,3.2320694216225,"Zhong2025",1993
532,1.11516203417222,"Zhong2025",1993
533,0.56403708406724,"Zhong2025",1993
534,1.33582222850404,"Zhong2025",1993
535,0.324236494797743,"Zhong2025",1993
536,0.761540873685838,"Zhong2025",1993
537,1.19169191342285,"Zhong2025",1993
538,1.09209411196236,"Zhong2025",1993
539,0.453029697859765,"Zhong2025",1993
540,1.31289454554315,"Zhong2025",1993
541,4.54124843753591,"Zhong2025",1993
542,1.10763551633436,"Zhong2025",1993
543,1.00967567778213,"Zhong2025",1993
544,1.48733548786848,"Zhong2025",1993
545,0.887112853989995,"Zhong2025",1993
546,1.52590604040003,"Zhong2025",1993
547,1.17083495089114,"Zhong2025",1993
548,0.812097887971828,"Zhong2025",1993
549,0.712869493046896,"Zhong2025",1993
550,0.505933991404427,"Zhong2025",1993
551,1.48597574280449,"Zhong2025",1993
552,0.934327717804823,"Zhong2025",1993
553,0.348567458431542,"Zhong2025",1993
554,1.09397661681172,"Zhong2025",1993
555,0.183273331279158,"Zhong2025",1993
556,0.412103955079058,"Zhong2025",1993
557,2.7401760065743,"Zhong2025",1993
558,2.92241896331459,"Zhong2025",1993
559,1.24101655143831,"Zhong2025",1993
560,1.14122707600472,"Zhong2025",1993
561,2.40763777939748,"Zhong2025",1993
562,10.0108629887083,"Zhong2025",1993
563,0.260708735963783,"Zhong2025",1993
564,0.694947598922185,"Zhong2025",1993
565,4.08751536780473,"Zhong2025",1993
566,0.556236883137364,"Zhong2025",1993
567,4.00369344852585,"Zhong2025",1993
568,0.246528620676697,"Zhong2025",1993
569,1.00844260274033,"Zhong2025",1993
570,0.22181003883254,"Zhong2025",1993
571,2.22798557720823,"Zhong2025",1993
572,0.543377394868888,"Zhong2025",1993
573,0.529412222595487,"Zhong2025",1993
574,0.968585149817663,"Zhong2025",1993
575,1.35264636125366,"Zhong2025",1993
576,2.28532581752346,"Zhong2025",1993
577,0.34547933376997,"Zhong2025",1993
578,1.34822175858401,"Zhong2025",1993
579,0.316296544706298,"Zhong2025",1993
580,2.11638836541788,"Zhong2025",1993
581,1.00161471236839,"Zhong2025",1993
582,0.153211626719637,"Zhong2025",1993
583,0.123217714476888,"Zhong2025",1993
584,0.426673965605417,"Zhong2025",1993
585,0.784953590099376,"Zhong2025",1993
586,0.617443875430359,"Zhong2025",1993
587,0.329128142440431,"Zhong2025",1993
588,0.0270466859686672,"Zhong2025",1993
589,0.982906224730924,"Zhong2025",1993
590,0.854027904310952,"Zhong2025",1993
591,2.23192944684449,"Zhong2025",1993
592,0.352599538611358,"Zhong2025",1993
593,0.104395118793652,"Zhong2025",1993
594,4.72399354242835,"Zhong2025",1993
595,0.424250755978052,"Zhong2025",1993
596,0.0820855698597796,"Zhong2025",1993
597,5.29338941955156,"Zhong2025",1993
598,0.821565856969946,"Zhong2025",1993
599,1.65094367777571,"Zhong2025",1993
600,0.933710173487304,"Zhong2025",1993
601,2.98934003830355,"Zhong2025",1993
602,1.27776910391827,"Zhong2025",1993
603,19.8218619934958,"Zhong2025",1993
604,2.10234321953327,"Zhong2025",1993
605,0.470253499386381,"Zhong2025",1993
606,4.65735747314078,"Zhong2025",1993
607,7.84939980878807,"Zhong2025",1993
608,16.2962695141633,"Zhong2025",1993
609,2.37198633054036,"Zhong2025",1993
610,0.71365837136542,"Zhong2025",1993
611,1.79328734571965,"Zhong2025",1993
612,0.119059398957082,"Zhong2025",1993
613,1.49802573824457,"Zhong2025",1993
614,4.69537176143065,"Zhong2025",1993
615,0.184900865781501,"Zhong2025",1993
616,2.40911653588266,"Zhong2025",1993
617,3.51390587877097,"Zhong2025",1993
618,8.898408560042,"Zhong2025",1993
619,0.243788644418619,"Zhong2025",1993
620,5.56737760446612,"Zhong2025",1993
621,1.59428248886914,"Zhong2025",1993
622,1.31489143694055,"Zhong2025",1993
623,4.75477595630952,"Zhong2025",1993
624,3.61427126864813,"Zhong2025",1993
625,0.230428636427969,"Zhong2025",1993
626,4.19638693418712,"Zhong2025",1993
627,6.57982661860316,"Zhong2025",1993
628,9.86002181437823,"Zhong2025",1993
629,38.5373936759101,"Zhong2025",1993
630,8.45323979336282,"Zhong2025",1993
631,0.760494958243055,"Zhong2025",1993
632,0.0329562741101346,"Zhong2025",1993
633,0.0115477928396774,"Zhong2025",1993
634,1.20932108195929,"Zhong2025",1993
635,0.11901079850464,"Zhong2025",1993
636,1.73081816022505,"Zhong2025",1993
637,0.185050558846908,"Zhong2025",1993
638,23.4081091969274,"Zhong2025",1993
639,1.85529560415495,"Zhong2025",1993
640,0.397393435952587,"Zhong2025",1993
641,0.596228013376463,"Zhong2025",1993
642,0.615989896024816,"Zhong2025",1993
643,0.543830824276758,"Zhong2025",1993
644,0.0976787130037944,"Zhong2025",1993
645,0.786793474588663,"Zhong2025",1993
646,4.92107955176456,"Zhong2025",1993
647,0,"Zhong2025",1993
648,0.386911991091461,"Zhong2025",1993
649,4.19000265689997,"Zhong2025",1993
650,0.985881867784041,"Zhong2025",1993
651,0,"Zhong2025",1993
652,0.832287509088823,"Zhong2025",1993
653,1.63645963797282,"Zhong2025",1993
654,8.42733901910398,"Zhong2025",1993
655,0.0364577195965327,"Zhong2025",1993
656,0.83424254618362,"Zhong2025",1993
657,0.596219000529568,"Zhong2025",1993
658,2.51039822498957,"Zhong2025",1993
659,2.73453757419952,"Zhong2025",1993
660,0.162086496368433,"Zhong2025",1993
661,6.84875542117703,"Zhong2025",1993
662,0,"Zhong2025",1993
663,2.15848410868396,"Zhong2025",1993
664,0.0125279682023185,"Zhong2025",1993
665,0.6354127530615,"Zhong2025",1993
666,0.661301995751091,"Zhong2025",1993
667,0,"Zhong2025",1993
668,1.43467719929224,"Zhong2025",1993
669,0.715991145613806,"Zhong2025",1993
670,0,"Zhong2025",1993
671,1.24252962154947,"Zhong2025",1993
672,11.7210066920545,"Zhong2025",1993
673,5.43836120173575,"Zhong2025",1993
674,0.243238540920051,"Zhong2025",1993
675,3.82253304475896,"Zhong2025",1993
676,1.85748703186474,"Zhong2025",1993
677,0.108159615225949,"Zhong2025",1993
678,0.614541870093456,"Zhong2025",1993
679,5.39018166411755,"Zhong2025",1993
680,0.914403915232004,"Zhong2025",1993
681,0.571266518397597,"Zhong2025",1993
682,1.50214997205164,"Zhong2025",1993
683,10.0334212827734,"Zhong2025",1993
684,0.620213367193344,"Zhong2025",1993
685,1.31750309431594,"Zhong2025",1993
686,4.66171530601895,"Zhong2025",1993
687,3.89168708034508,"Zhong2025",1993
688,9.49182810828738e-05,"Zhong2025",1993
689,0.860845164367647,"Zhong2025",1993
690,2.65032243045974,"Zhong2025",1993
691,1.02063398539904,"Zhong2025",1993
692,15.1461222039329,"Zhong2025",1993
693,2.36654467619239,"Zhong2025",1993
694,3.80044552396451,"Zhong2025",1993
695,4.07185847945511,"Zhong2025",1993
696,0.135724865183558,"Zhong2025",1993
697,4.48053220831229,"Zhong2025",1993
698,0.528743883691975,"Zhong2025",1993
699,0,"Zhong2025",1993
700,1.6890162212205,"Zhong2025",1993
701,0.149950439535727,"Zhong2025",1993
702,2.23180116956001,"Zhong2025",1993
703,4.39399485736429,"Zhong2025",1993
704,8.86753211009862,"Zhong2025",1993
705,1.33896620725763,"Zhong2025",1993
706,22.7583855800941,"Zhong2025",1993
707,3.17628424441708,"Zhong2025",1993
708,2.07900518699298,"Zhong2025",1993
709,0.038299748532474,"Zhong2025",1993
710,5.48487157199014,"Zhong2025",1993
711,0.280987996438205,"Zhong2025",1993
712,5.42308893467871,"Zhong2025",1993
713,0,"Zhong2025",1993
714,1.60500812315859,"Zhong2025",1993
715,0.24422951844915,"Zhong2025",1993
716,0,"Zhong2025",1993
717,0.916948124188785,"Zhong2025",1993
718,2.32987269781756,"Zhong2025",1993
719,0.892622487805784,"Zhong2025",1993
720,0,"Zhong2025",1993
721,1.08148648210156,"Zhong2025",1993
722,2.79600674083287,"Zhong2025",1993
723,6.50072502210801,"Zhong2025",1993
724,0,"Zhong2025",1993
725,3.59563028330075,"Zhong2025",1993
726,0.205575546374427,"Zhong2025",1993
727,0.168551899034243,"Zhong2025",1993
728,1.71800397186437,"Zhong2025",1993
729,0.281519550338469,"Zhong2025",1993
730,4.81987972557545,"Zhong2025",1993
731,0.587700330584151,"Zhong2025",1993
732,5.67235524315269,"Zhong2025",1993
733,0.974477422987053,"Zhong2025",1993
734,0,"Zhong2025",1993
735,0.00780970508402044,"Zhong2025",1993
736,0.962986457087691,"Zhong2025",1993
737,2.58191820493084,"Zhong2025",1993
738,3.99549101680517,"Zhong2025",1993
739,1.37149219663925,"Zhong2025",1993
740,10.1748245954514,"Zhong2025",1993
741,0,"Zhong2025",1993
742,1.02682164058259,"Zhong2025",1993
743,11.3361018604702,"Zhong2025",1993
744,0.613948867785422,"Zhong2025",1993
745,8.01792169758614,"Zhong2025",1993
746,1.95235210095461,"Zhong2025",1993
747,13.7248428449871,"Zhong2025",1993
748,0.841588899848007,"Zhong2025",1993
749,0.311540631822457,"Zhong2025",1993
750,0.624137067016256,"Zhong2025",1993
751,0.764047859926467,"Zhong2025",1993
752,10.3929921743032,"Zhong2025",1993
753,0.00201642527603186,"Zhong2025",1993
754,0,"Zhong2025",1993
755,4.23265425228449,"Zhong2025",1993
756,2.02360775676924,"Zhong2025",1993
757,0,"Zhong2025",1993
758,0.0667244421692859,"Zhong2025",1993
759,0.0508810377829979,"Zhong2025",1993
760,0.0100339418785811,"Zhong2025",1993
761,12.7328512434866,"Zhong2025",1993
762,13.9990634548572,"Zhong2025",1993
763,10.9666979275053,"Zhong2025",1993
764,10.4392948500616,"Zhong2025",1993
765,1.02827102930701,"Zhong2025",1993
766,6.28583401441574,"Zhong2025",1993
767,13.0634802682059,"Zhong2025",1993
768,0.17560788331465,"Zhong2025",1993
769,12.9600221685001,"Zhong2025",1993
770,45.0582680095326,"Zhong2025",1993
771,0.341118815026891,"Zhong2025",1993
772,8.63921201636649,"Zhong2025",1993
773,0.80938544712318,"Zhong2025",1993
774,1.54232962546839,"Zhong2025",1993
775,9.00190175955112,"Zhong2025",1993
776,8.50760776178719,"Zhong2025",1993
777,5.39980946992716,"Zhong2025",1993
778,11.1027193861984,"Zhong2025",1993
779,47.4450707516428,"Zhong2025",1993
780,3.58538793213665,"Zhong2025",1993
781,17.1296531087984,"Zhong2025",1993
782,0,"Zhong2025",1993
783,24.4493609297843,"Zhong2025",1993
784,1.24771806175254,"Zhong2025",1993
785,2.23078504345622,"Zhong2025",1993
786,49.3875933534959,"Zhong2025",1993
787,5.42235084129385,"Zhong2025",1993
788,0.484003395651594,"Zhong2025",1993
789,16.7818051049876,"Zhong2025",1993
790,1.21566388544186,"Zhong2025",1993
791,1.1834410819795,"Zhong2025",1993
792,12.4117152260952,"Zhong2025",1993
793,5.67252684356645,"Zhong2025",1993
794,2.56061953045149,"Zhong2025",1993
795,6.7812248644881,"Zhong2025",1993
796,3.50773028687251,"Zhong2025",1993
797,3.18674884322655,"Zhong2025",1993
798,8.27103924395433,"Zhong2025",1993
799,0.452323915577365,"Zhong2025",1993
800,0.0252812801275489,"Zhong2025",1993
801,1.46511117483866,"Zhong2025",1993
802,0.901448159203143,"Zhong2025",1993
803,20.357661441584,"Zhong2025",1993
804,15.5790388435125,"Zhong2025",1993
805,1.5872749420516,"Zhong2025",1993
806,0.00992102219777949,"Zhong2025",1993
807,10.236564281546,"Zhong2025",1993
808,3.14544472498819,"Zhong2025",1993
809,0.863677243201234,"Zhong2025",1993
810,40.0192351922756,"Zhong2025",1993
811,1.55131506001843,"Zhong2025",1993
812,0.183935705501126,"Zhong2025",1993
813,6.4775047207187,"Zhong2025",1993
814,8.87667691650299,"Zhong2025",1993
815,11.3177406191826,"Zhong2025",1993
816,0.539904542515675,"Zhong2025",1993
817,5.57035083254178,"Zhong2025",1993
818,1.06532497916903,"Zhong2025",1993
819,2.64836685989167,"Zhong2025",1993
820,0,"Zhong2025",1993
821,7.99491930612036,"Zhong2025",1993
822,0.0689952608065882,"Zhong2025",1993
823,2.75607371148768,"Zhong2025",1993
824,2.81023147722875,"Zhong2025",1993
825,0.229589635638666,"Zhong2025",1993
826,2.34141840022944,"Zhong2025",1993
827,1.2923807445786,"Zhong2025",1993
828,5.82315176610763,"Zhong2025",1993
829,8.725959447714,"Zhong2025",1993
830,17.409649820681,"Zhong2025",1993
831,18.5192501494225,"Zhong2025",1993
832,1.51550528665002,"Zhong2025",1993
833,0,"Zhong2025",1993
834,8.83506496188541,"Zhong2025",1993
835,12.4421870215865,"Zhong2025",1993
836,7.3763953672922,"Zhong2025",1993
837,16.4358441913829,"Zhong2025",1993
838,4.86426493331936,"Zhong2025",1993
839,25.5669934547554,"Zhong2025",1993
840,10.0943529043347,"Zhong2025",1993
841,8.12605219327025,"Zhong2025",1993
842,1.68206933401797,"Zhong2025",1993
843,2.34628800246779,"Zhong2025",1993
844,6.974352460919,"Zhong2025",1993
845,24.4413536711584,"Zhong2025",1993
846,2.12829868028933,"Zhong2025",1993
847,15.0551982985602,"Zhong2025",1993
848,33.4191239779113,"Zhong2025",1993
849,13.8703973346286,"Zhong2025",1993
850,2.4004864232165,"Zhong2025",1993
851,9.17599342627959,"Zhong2025",1993
852,27.0663197199504,"Zhong2025",1993
853,0,"Zhong2025",1993
854,1.05024559132714,"Zhong2025",1993
855,10.5364257322775,"Zhong2025",1993
856,11.6718275566516,"Zhong2025",1993
857,1.57666950635781,"Zhong2025",1993
858,0.802436025890032,"Zhong2025",1993
859,0.902354772472264,"Zhong2025",1993
860,5.55042618594758,"Zhong2025",1993
861,0.090882639400661,"Zhong2025",1993
862,4.85374816744165,"Zhong2025",1993
863,12.0289281541798,"Zhong2025",1993
864,8.90112479675648,"Zhong2025",1993
865,0.121489705373533,"Zhong2025",1993
866,12.382029678862,"Zhong2025",1993
867,14.6237166998535,"Zhong2025",1993
868,10.1661168664366,"Zhong2025",1993
869,10.2009617976257,"Zhong2025",1993
870,0.325269013371975,"Zhong2025",1993
871,0.0713237023823489,"Zhong2025",1993
872,2.79945565200313,"Zhong2025",1993
873,0,"Zhong2025",1993
874,0.000175752006471157,"Zhong2025",1993
875,0.240714744398227,"Zhong2025",1993
876,5.17943051470178,"Zhong2025",1993
877,0.170355535390084,"Zhong2025",1993
878,2.2489433061027,"Zhong2025",1993
879,2.09741483422454,"Zhong2025",1993
880,1.10241610392348,"Zhong2025",1993
881,0,"Zhong2025",1993
882,0.409893550588326,"Zhong2025",1993
883,0.8575594550773,"Zhong2025",1993
884,0.255555591851222,"Zhong2025",1993
885,0.170029831833618,"Zhong2025",1993
886,18.0648276439419,"Zhong2025",1993
887,0.540281457546097,"Zhong2025",1993
888,0.304757881887566,"Zhong2025",1993
889,4.8415074848406,"Zhong2025",1993
890,3.95259112061282,"Zhong2025",1993
891,0.800952174640963,"Zhong2025",1993
892,4.11871485538939,"Zhong2025",1993
893,1.83097921104895,"Zhong2025",1993
894,0.428279882174897,"Zhong2025",1993
895,0.261271803518691,"Zhong2025",1993
896,10.8010552110343,"Zhong2025",1993
897,1.43949608418844,"Zhong2025",1993
898,0.15494197266298,"Zhong2025",1993
899,0.150470221595866,"Zhong2025",1993
900,0.108319251729751,"Zhong2025",1993
901,25.1997658560579,"Zhong2025",1993
902,0.0540043635181634,"Zhong2025",1993
903,0.703248278999871,"Zhong2025",1993
904,0.271634149736117,"Zhong2025",1993
905,0.375396548412167,"Zhong2025",1993
906,0.668289645938918,"Zhong2025",1993
907,0.535040968524578,"Zhong2025",1993
908,0.225422385801128,"Zhong2025",1993
909,21.9785018267869,"Zhong2025",1993
910,8.34275078040453,"Zhong2025",1993
911,2.28017808703015,"Zhong2025",1993
912,0.0741324361387171,"Zhong2025",1993
913,0,"Zhong2025",1993
914,0.939453791813037,"Zhong2025",1993
915,0.0940601909050235,"Zhong2025",1993
916,0.675279308441359,"Zhong2025",1993
917,0,"Zhong2025",1993
918,0.344461856127688,"Zhong2025",1993
919,0,"Zhong2025",1993
920,0.269683101669228,"Zhong2025",1993
921,4.05112741480823,"Zhong2025",1993
922,0.868326139178068,"Zhong2025",1993
923,0.0403566496506009,"Zhong2025",1993
924,0,"Zhong2025",1993
925,0,"Zhong2025",1993
926,0.0821410265569496,"Zhong2025",1993
927,0.107923237226086,"Zhong2025",1993
928,0.0427965257812503,"Zhong2025",1993
929,0.0225880658451188,"Zhong2025",1993
930,2.80856952327424,"Zhong2025",1993
931,0.0874699772706139,"Zhong2025",1993
932,0.0740173482241534,"Zhong2025",1993
933,0,"Zhong2025",1993
934,0.115092541654235,"Zhong2025",1993
935,0.0092249025102004,"Zhong2025",1993
936,0,"Zhong2025",1993
937,0,"Zhong2025",1993
938,0.00947591898592354,"Zhong2025",1993
939,7.54206655658405,"Zhong2025",1993
940,1.26276100478741,"Zhong2025",1993
941,0.525645916824907,"Zhong2025",1993
942,3.15239882135264,"Zhong2025",1993
943,1.16096813186631,"Zhong2025",1993
944,0.349979948649552,"Zhong2025",1993
945,0.169303998272046,"Zhong2025",1993
946,0.545733120957812,"Zhong2025",1993
947,0.119056549610187,"Zhong2025",1993
948,0.571555772152814,"Zhong2025",1993
949,0,"Zhong2025",1993
950,5.37562474815348,"Zhong2025",1993
951,0,"Zhong2025",1993
952,0.973618517675907,"Zhong2025",1993
953,2.59978804013753,"Zhong2025",1993
954,5.41227010756054,"Zhong2025",1993
955,0.109451622223106,"Zhong2025",1993
956,0.183021468085465,"Zhong2025",1993
957,0.376954167458672,"Zhong2025",1993
958,0.175289586650001,"Zhong2025",1993
959,0.550338519830502,"Zhong2025",1993
960,0.457203485350323,"Zhong2025",1993
961,1.71079063936565,"Zhong2025",1993
962,0.768139577594896,"Zhong2025",1993
963,2.17198025644636,"Zhong2025",1993
964,0.722711348267,"Zhong2025",1993
965,11.6704108126269,"Zhong2025",1993
966,2.05918881655583,"Zhong2025",1993
967,2.39908529755222,"Zhong2025",1993
968,0.0546412981079461,"Zhong2025",1993
969,3.98124778080215,"Zhong2025",1993
970,0.229694744023148,"Zhong2025",1993
971,1.70216411962471,"Zhong2025",1993
972,0.523601432558831,"Zhong2025",1993
973,5.26988888328948,"Zhong2025",1993
974,0.698945276334252,"Zhong2025",1993
975,0.202718318342668,"Zhong2025",1993
976,0.00562459947187689,"Zhong2025",1993
977,0,"Zhong2025",1993
978,0.537750118528493,"Zhong2025",1993
979,11.8636713739561,"Zhong2025",1993
980,2.45501720633885,"Zhong2025",1993
981,7.69594336477787,"Zhong2025",1993
982,0.140355210446941,"Zhong2025",1993
983,0.202879001167329,"Zhong2025",1993
984,0.00661520279116101,"Zhong2025",1993
985,0.923323132448305,"Zhong2025",1993
986,0,"Zhong2025",1993
987,0,"Zhong2025",1993
988,0.10487379838486,"Zhong2025",1993
989,0.460017086289048,"Zhong2025",1993
990,0.549802060447522,"Zhong2025",1993
991,0,"Zhong2025",1993
992,0.977447499831518,"Zhong2025",1993
993,0.242559578653071,"Zhong2025",1993
994,0.212995251547025,"Zhong2025",1993
995,0,"Zhong2025",1993
996,2.67505735869996,"Zhong2025",1993
997,6.91700771610966,"Zhong2025",1993
998,0.3374809335026,"Zhong2025",1993
999,0.937558237298001,"Zhong2025",1993
1000,9.29581910649398,"Zhong2025",1993
1001,0,"Zhong2025",1993
1002,1.97231156443372,"Zhong2025",1993
1003,0,"Zhong2025",1993
1004,0.593530020789801,"Zhong2025",1993
1005,0,"Zhong2025",1993
1006,0,"Zhong2025",1993
1007,0.0686315588926146,"Zhong2025",1993
1008,5.93999111718602,"Zhong2025",1993
1009,0.644772711303397,"Zhong2025",1993
1010,0.0300156223589388,"Zhong2025",1993
1011,0.0621014455048983,"Zhong2025",1993
1012,1.09851627332316,"Zhong2025",1993
1013,0.670886803199263,"Zhong2025",1993
1014,0.814250750035485,"Zhong2025",1993
1015,0.423100371028959,"Zhong2025",1993
1016,2.75021640538202,"Zhong2025",1993
1017,1.02973018227795,"Zhong2025",1993
1018,0.00121708162302195,"Zhong2025",1993
1019,0.0334136992054326,"Zhong2025",1993
1020,0.0454247149154302,"Zhong2025",1993
1021,0.0418787951637434,"Zhong2025",1993
1022,5.4153351679186,"Zhong2025",1993
1023,0.74065388958602,"Zhong2025",1993
1024,0,"Zhong2025",1993
1025,7.90034953027899,"Zhong2025",1993
1026,0.369730027339504,"Zhong2025",1993
1027,0.161926936489953,"Zhong2025",1993
1028,0.0660846209715283,"Zhong2025",1993
1029,0.180423681117311,"Zhong2025",1993
1030,0.41122881620999,"Zhong2025",1993
1031,0.0344058393504369,"Zhong2025",1993
1032,1.75266409462148,"Zhong2025",1993
1033,0.0495412933119273,"Zhong2025",1993
1034,1.08038152347911,"Zhong2025",1993
1035,4.58728221745083,"Zhong2025",1993
1036,1.12122682374167,"Zhong2025",1993
1037,0.0480545325847181,"Zhong2025",1993
1038,0.716541602543023,"Zhong2025",1993
1039,0.378653677976851,"Zhong2025",1993
1040,0,"Zhong2025",1993
1041,1.39269513674515,"Zhong2025",1993
1042,0.0146698422699277,"Zhong2025",1993
1043,0,"Zhong2025",1993
1044,0.615127355198969,"Zhong2025",1993
1045,0,"Zhong2025",1993
1046,0.460650918193353,"Zhong2025",1993
1047,0.0465803433578202,"Zhong2025",1993
1048,0.0236226599489417,"Zhong2025",1993
1049,0.00809389873525468,"Zhong2025",1993
1050,0.172623199129861,"Zhong2025",1993
1051,0.248774915884912,"Zhong2025",1993
1052,0.0020651537925005,"Zhong2025",1993
1053,1.267049404094,"Zhong2025",1993
1054,6.86871209554374,"Zhong2025",1993
1055,0.00511050648862423,"Zhong2025",1993
1056,0.210844464441563,"Zhong2025",1993
1057,8.23377878871083,"Zhong2025",1993
1058,31.953718831606,"Zhong2025",1993
1059,0.0579547073648359,"Zhong2025",1993
1060,0,"Zhong2025",1993
1061,7.24205790013161,"Zhong2025",1993
1062,35.4668677853102,"Zhong2025",1993
1063,9.16774631549978,"Zhong2025",1993
1064,0.127252295942834,"Zhong2025",1993
1065,1.32907741758609,"Zhong2025",1993
1066,1.08168561692191,"Zhong2025",1993
1067,0.115677313371138,"Zhong2025",1993
1068,1.33679861334353,"Zhong2025",1993
1069,0.0400586310808904,"Zhong2025",1993
1070,1.10473092486248,"Zhong2025",1993
1071,7.33103395044216,"Zhong2025",1993
1072,0.808928458909529,"Zhong2025",1993
1073,0.352732464240725,"Zhong2025",1993
1074,4.44298458317362,"Zhong2025",1993
1075,0.596658949842239,"Zhong2025",1993
1076,0.558803740644253,"Zhong2025",1993
1077,0.250965966722417,"Zhong2025",1993
1078,15.2459501722585,"Zhong2025",1993
1079,2.75553846274679,"Zhong2025",1993
1080,16.8727611747443,"Zhong2025",1993
1081,5.11259999909483,"Zhong2025",1993
1082,5.95497042713407,"Zhong2025",1993
1083,0.223303833673776,"Zhong2025",1993
1084,4.15338732451997,"Zhong2025",1993
1085,4.01961320430988,"Zhong2025",1993
1086,2.92961123782416,"Zhong2025",1993
1087,6.02593440976408,"Zhong2025",1993
1088,12.7688695112208,"Zhong2025",1993
1089,0.0490949275455612,"Zhong2025",1993
1090,0.460622277548247,"Zhong2025",1993
1091,0.449977523750106,"Zhong2025",1993
1092,4.38118123756328,"Zhong2025",1993
1093,4.12132563254834,"Zhong2025",1993
1094,0.053029340676131,"Zhong2025",1993
1095,1.76727433565319,"Zhong2025",1993
1096,5.0822628771354,"Zhong2025",1993
1097,0,"Zhong2025",1993
1098,0,"Zhong2025",1993
1099,0.36756551851257,"Zhong2025",1993
1100,6.05438055839426,"Zhong2025",1993
1101,0.339365316360783,"Zhong2025",1993
1102,1.97211571734552,"Zhong2025",1993
1103,0.00494382896489798,"Zhong2025",1993
1104,4.11491457838083,"Zhong2025",1993
1105,0.416840489094074,"Zhong2025",1993
1106,2.69448889909312,"Zhong2025",1993
1107,0.640890677144815,"Zhong2025",1993
1108,0.544445448812391,"Zhong2025",1993
1109,1.53386139085418,"Zhong2025",1993
1110,1.33413743994482,"Zhong2025",1993
1111,2.9010733745472,"Zhong2025",1993
1112,23.270087256255,"Zhong2025",1993
1113,31.4237724379753,"Zhong2025",1993
1114,52.0493224688939,"Zhong2025",1993
1115,27.1253633918343,"Zhong2025",1993
1116,37.245811825305,"Zhong2025",1993
1117,15.8589005605533,"Zhong2025",1993
1118,27.7566413543012,"Zhong2025",1993
1119,1.61437749252231,"Zhong2025",1993
1120,5.57769994124723,"Zhong2025",1993
1121,51.2347220182419,"Zhong2025",1993
1122,45.6478807549728,"Zhong2025",1993
1,0.772098178134157,"Zhong2025",1994
2,0,"Zhong2025",1994
3,0.0308520182094865,"Zhong2025",1994
4,0.200499022076035,"Zhong2025",1994
5,0.0610408141654161,"Zhong2025",1994
6,0,"Zhong2025",1994
7,0,"Zhong2025",1994
8,0,"Zhong2025",1994
9,0,"Zhong2025",1994
10,0,"Zhong2025",1994
11,0.00597117553618559,"Zhong2025",1994
12,0.00515567815832862,"Zhong2025",1994
13,0,"Zhong2025",1994
14,0,"Zhong2025",1994
15,0.184742805193847,"Zhong2025",1994
16,0.0393944240376196,"Zhong2025",1994
17,11.4194336893496,"Zhong2025",1994
18,0.283199243112317,"Zhong2025",1994
19,0,"Zhong2025",1994
20,0.0679279201043149,"Zhong2025",1994
21,0.40536334850386,"Zhong2025",1994
22,0.853458505133911,"Zhong2025",1994
23,2.59550006508868,"Zhong2025",1994
24,1.62238997476735,"Zhong2025",1994
25,2.50016463814792,"Zhong2025",1994
26,2.62786710671863,"Zhong2025",1994
27,0.839492976286654,"Zhong2025",1994
28,10.0485664003409,"Zhong2025",1994
29,0,"Zhong2025",1994
30,0,"Zhong2025",1994
31,0.0372602162036029,"Zhong2025",1994
32,0,"Zhong2025",1994
33,0.297671397275064,"Zhong2025",1994
34,7.26349581709973,"Zhong2025",1994
35,0.525533186753144,"Zhong2025",1994
36,8.13216110887761,"Zhong2025",1994
37,0,"Zhong2025",1994
38,0.537322526373789,"Zhong2025",1994
39,0.0198034013336804,"Zhong2025",1994
40,12.5467378755149,"Zhong2025",1994
41,16.5795464762326,"Zhong2025",1994
42,0.292613349071336,"Zhong2025",1994
43,0.374164631075854,"Zhong2025",1994
44,0,"Zhong2025",1994
45,5.77318722814141,"Zhong2025",1994
46,0,"Zhong2025",1994
47,1.04706617774891,"Zhong2025",1994
48,0.748812962806799,"Zhong2025",1994
49,1.69922695211723,"Zhong2025",1994
50,0,"Zhong2025",1994
51,6.15644482928501,"Zhong2025",1994
52,0.0460326981052612,"Zhong2025",1994
53,0.517276069544748,"Zhong2025",1994
54,0.182508985475226,"Zhong2025",1994
55,0,"Zhong2025",1994
56,0,"Zhong2025",1994
57,0,"Zhong2025",1994
58,11.595454516865,"Zhong2025",1994
59,37.3643378456434,"Zhong2025",1994
60,10.3124647777656,"Zhong2025",1994
61,4.94350421774377,"Zhong2025",1994
62,3.46510015224156,"Zhong2025",1994
63,5.59515122827553,"Zhong2025",1994
64,4.37561501936783,"Zhong2025",1994
65,7.60169935100159,"Zhong2025",1994
66,2.6132781794643,"Zhong2025",1994
67,23.6334359777012,"Zhong2025",1994
68,15.9193725665633,"Zhong2025",1994
69,1.6566504616947,"Zhong2025",1994
70,1.25993522271721,"Zhong2025",1994
71,7.17278096770053,"Zhong2025",1994
72,2.48473257903101,"Zhong2025",1994
73,5.35934796171913,"Zhong2025",1994
74,4.97709103824829,"Zhong2025",1994
75,11.3404286936802,"Zhong2025",1994
76,11.4446206239554,"Zhong2025",1994
77,5.33462760585614,"Zhong2025",1994
78,15.2576461109281,"Zhong2025",1994
79,7.37499106683398,"Zhong2025",1994
80,7.5718065797262,"Zhong2025",1994
81,4.10884470984708,"Zhong2025",1994
82,8.32269141190514,"Zhong2025",1994
83,6.47656033484748,"Zhong2025",1994
84,3.11184211414268,"Zhong2025",1994
85,5.86975782856305,"Zhong2025",1994
86,2.63656569683614,"Zhong2025",1994
87,4.90538924978166,"Zhong2025",1994
88,11.7662989377975,"Zhong2025",1994
89,1.79087604266011,"Zhong2025",1994
90,7.41031137183935,"Zhong2025",1994
91,6.70358023824707,"Zhong2025",1994
92,29.7720963173554,"Zhong2025",1994
93,6.30911753314007,"Zhong2025",1994
94,3.71818933068446,"Zhong2025",1994
95,12.8416507508107,"Zhong2025",1994
96,7.43901487109515,"Zhong2025",1994
97,8.34308381632673,"Zhong2025",1994
98,1.20109806499968,"Zhong2025",1994
99,5.10269308328549,"Zhong2025",1994
100,0.854053109639118,"Zhong2025",1994
101,0.690228541427438,"Zhong2025",1994
102,3.15369971638874,"Zhong2025",1994
103,1.37898276594639,"Zhong2025",1994
104,4.73405389231865,"Zhong2025",1994
105,0.321930326816641,"Zhong2025",1994
106,2.10702640447185,"Zhong2025",1994
107,0.750018371290154,"Zhong2025",1994
108,0.423560145986212,"Zhong2025",1994
109,0.0777696496612881,"Zhong2025",1994
110,0.985081744481005,"Zhong2025",1994
111,0.43475509299966,"Zhong2025",1994
112,0.0104334553564289,"Zhong2025",1994
113,0.00629965213492137,"Zhong2025",1994
114,5.22502888497852,"Zhong2025",1994
115,0.00449214680563836,"Zhong2025",1994
116,0.0577822448188112,"Zhong2025",1994
117,0.726214151965772,"Zhong2025",1994
118,2.36673466489731,"Zhong2025",1994
119,0.00652096187695861,"Zhong2025",1994
120,0.352807424570385,"Zhong2025",1994
121,0.550703053481012,"Zhong2025",1994
122,0,"Zhong2025",1994
123,6.12515073606525,"Zhong2025",1994
124,0.750992150286511,"Zhong2025",1994
125,2.22578872364735,"Zhong2025",1994
126,3.06494382950995,"Zhong2025",1994
127,1.03063700451881,"Zhong2025",1994
128,5.96121645563988,"Zhong2025",1994
129,3.12553870448699,"Zhong2025",1994
130,5.41814980342826,"Zhong2025",1994
131,9.81565296447883,"Zhong2025",1994
132,2.14366553261978,"Zhong2025",1994
133,3.22044091311193,"Zhong2025",1994
134,1.69143706891272,"Zhong2025",1994
135,0.445054424651316,"Zhong2025",1994
136,4.27130211026423,"Zhong2025",1994
137,4.72840513974428,"Zhong2025",1994
138,1.32170321629024,"Zhong2025",1994
139,1.64721790520993,"Zhong2025",1994
140,0.986600965883613,"Zhong2025",1994
141,1.58884875786801,"Zhong2025",1994
142,2.74528766038434,"Zhong2025",1994
143,0,"Zhong2025",1994
144,0.0193759037882363,"Zhong2025",1994
145,5.13729558646679,"Zhong2025",1994
146,0.596956839563547,"Zhong2025",1994
147,1.61416048661014,"Zhong2025",1994
148,0,"Zhong2025",1994
149,1.39725541096344,"Zhong2025",1994
150,1.33259119576421,"Zhong2025",1994
151,0.651209012342754,"Zhong2025",1994
152,0.392648989595653,"Zhong2025",1994
153,2.95453721611945,"Zhong2025",1994
154,4.20001922104508,"Zhong2025",1994
155,2.19823834634856,"Zhong2025",1994
156,0,"Zhong2025",1994
157,6.18745446602503,"Zhong2025",1994
158,0.226085354300106,"Zhong2025",1994
159,1.65195082761775,"Zhong2025",1994
160,1.53841344379908,"Zhong2025",1994
161,0.495326035340398,"Zhong2025",1994
162,0,"Zhong2025",1994
163,0.0528278269650077,"Zhong2025",1994
164,0,"Zhong2025",1994
165,0.0532088017622018,"Zhong2025",1994
166,0.00277305349806724,"Zhong2025",1994
167,0,"Zhong2025",1994
168,0,"Zhong2025",1994
169,0,"Zhong2025",1994
170,0,"Zhong2025",1994
171,0,"Zhong2025",1994
172,0,"Zhong2025",1994
173,0,"Zhong2025",1994
174,0,"Zhong2025",1994
175,0,"Zhong2025",1994
176,0,"Zhong2025",1994
177,0.0141572177360048,"Zhong2025",1994
178,0.00054395926086635,"Zhong2025",1994
179,0,"Zhong2025",1994
180,0.00431829716518333,"Zhong2025",1994
181,0.00133552878681849,"Zhong2025",1994
182,0,"Zhong2025",1994
183,0,"Zhong2025",1994
184,0,"Zhong2025",1994
185,0,"Zhong2025",1994
186,0.00238062211118062,"Zhong2025",1994
187,0.110126545456135,"Zhong2025",1994
188,0.00371822488116321,"Zhong2025",1994
189,0.000483707267163308,"Zhong2025",1994
190,3.61223720770951,"Zhong2025",1994
191,4.18421676421587,"Zhong2025",1994
192,0,"Zhong2025",1994
193,0,"Zhong2025",1994
194,0.462519064540432,"Zhong2025",1994
195,0.847633317044611,"Zhong2025",1994
196,0.0463813324169866,"Zhong2025",1994
197,0.0270137969569414,"Zhong2025",1994
198,0.111720681488331,"Zhong2025",1994
199,0,"Zhong2025",1994
200,0.232412609995577,"Zhong2025",1994
201,0,"Zhong2025",1994
202,0.451565094431624,"Zhong2025",1994
203,0.0190068798761114,"Zhong2025",1994
204,2.11467098820147,"Zhong2025",1994
205,0.325366962587506,"Zhong2025",1994
206,0.951232770609524,"Zhong2025",1994
207,0.0168776424736032,"Zhong2025",1994
208,0.0859736984426185,"Zhong2025",1994
209,0.127087667674227,"Zhong2025",1994
210,0,"Zhong2025",1994
211,0,"Zhong2025",1994
212,0,"Zhong2025",1994
213,0,"Zhong2025",1994
214,0,"Zhong2025",1994
215,0,"Zhong2025",1994
216,0,"Zhong2025",1994
217,0.0114602849434102,"Zhong2025",1994
218,0,"Zhong2025",1994
219,0,"Zhong2025",1994
220,0.0064622340460821,"Zhong2025",1994
221,0,"Zhong2025",1994
222,0,"Zhong2025",1994
223,0,"Zhong2025",1994
224,0,"Zhong2025",1994
225,0,"Zhong2025",1994
226,0.025635006181653,"Zhong2025",1994
227,0,"Zhong2025",1994
228,0.00489376249479483,"Zhong2025",1994
229,0,"Zhong2025",1994
230,17.4036039693737,"Zhong2025",1994
231,2.25102123826414,"Zhong2025",1994
232,4.03455430130151,"Zhong2025",1994
233,0,"Zhong2025",1994
234,4.48741357687272,"Zhong2025",1994
235,9.59429372019238,"Zhong2025",1994
236,3.27552166244445,"Zhong2025",1994
237,3.22508401396404,"Zhong2025",1994
238,4.19930966756917,"Zhong2025",1994
239,3.66641782539537,"Zhong2025",1994
240,15.1147585668062,"Zhong2025",1994
241,8.60635477304459,"Zhong2025",1994
242,2.64366622827947,"Zhong2025",1994
243,9.57857227699528,"Zhong2025",1994
244,0.289228116614478,"Zhong2025",1994
245,9.29059243813539,"Zhong2025",1994
246,4.63592043822232,"Zhong2025",1994
247,0.368555780925377,"Zhong2025",1994
248,11.1736585181206,"Zhong2025",1994
249,8.5801461093566,"Zhong2025",1994
250,0.200945998680831,"Zhong2025",1994
251,1.76147090554383,"Zhong2025",1994
252,9.88873197721398,"Zhong2025",1994
253,1.08476994825793,"Zhong2025",1994
254,16.1425144591574,"Zhong2025",1994
255,1.81651136037684,"Zhong2025",1994
256,5.3498966966822,"Zhong2025",1994
257,30.8658924916895,"Zhong2025",1994
258,7.1896075093469,"Zhong2025",1994
259,15.1899818279976,"Zhong2025",1994
260,26.5671411752701,"Zhong2025",1994
261,3.49895503155647,"Zhong2025",1994
262,11.8791570220373,"Zhong2025",1994
263,1.13434580572165,"Zhong2025",1994
264,13.5393171369139,"Zhong2025",1994
265,11.3698192423658,"Zhong2025",1994
266,1.32523714958045,"Zhong2025",1994
267,14.7109371828293,"Zhong2025",1994
268,3.26553697537496,"Zhong2025",1994
269,21.2410224988659,"Zhong2025",1994
270,4.01435056606368,"Zhong2025",1994
271,10.4180999715177,"Zhong2025",1994
272,8.45491048535134,"Zhong2025",1994
273,46.2461966938443,"Zhong2025",1994
274,7.65089854500561,"Zhong2025",1994
275,5.71411074651885,"Zhong2025",1994
276,14.8651269183439,"Zhong2025",1994
277,11.5041422866858,"Zhong2025",1994
278,0.653316549858739,"Zhong2025",1994
279,0.21066832835398,"Zhong2025",1994
280,9.59961362922371,"Zhong2025",1994
281,6.28853483143152,"Zhong2025",1994
282,4.83573667693994,"Zhong2025",1994
283,45.2244965315466,"Zhong2025",1994
284,7.0622253478897,"Zhong2025",1994
285,0.130403113215784,"Zhong2025",1994
286,0.275688049872716,"Zhong2025",1994
287,0.33619729955093,"Zhong2025",1994
288,0.946221479252254,"Zhong2025",1994
289,3.24642268193808,"Zhong2025",1994
290,37.4239510943176,"Zhong2025",1994
291,0.254600727389897,"Zhong2025",1994
292,17.2015866879975,"Zhong2025",1994
293,4.45683355260099,"Zhong2025",1994
294,0.680480667477241,"Zhong2025",1994
295,0.248113976679742,"Zhong2025",1994
296,0.248819291647664,"Zhong2025",1994
297,2.08606806774354,"Zhong2025",1994
298,0.317397707692604,"Zhong2025",1994
299,1.09616960568421,"Zhong2025",1994
300,14.5451634350945,"Zhong2025",1994
301,3.93261647553245,"Zhong2025",1994
302,0.471923327564396,"Zhong2025",1994
303,20.9581325504515,"Zhong2025",1994
304,1.49044973023263,"Zhong2025",1994
305,0,"Zhong2025",1994
306,2.54300198959113,"Zhong2025",1994
307,0.960191131644223,"Zhong2025",1994
308,1.36249249257982,"Zhong2025",1994
309,0.626295538467448,"Zhong2025",1994
310,2.04509528513031,"Zhong2025",1994
311,0.532217591620124,"Zhong2025",1994
312,6.59424098400399,"Zhong2025",1994
313,0.746918233182749,"Zhong2025",1994
314,5.38969114706365,"Zhong2025",1994
315,0.201514729909783,"Zhong2025",1994
316,0.244273799876337,"Zhong2025",1994
317,0.966039248547235,"Zhong2025",1994
318,0.400457851418102,"Zhong2025",1994
319,6.53623115205075,"Zhong2025",1994
320,3.12605204856396,"Zhong2025",1994
321,0.414364559025658,"Zhong2025",1994
322,5.79065958618555,"Zhong2025",1994
323,5.40801820621846,"Zhong2025",1994
324,1.12191362415724,"Zhong2025",1994
325,0.547262437299558,"Zhong2025",1994
326,17.7926673139079,"Zhong2025",1994
327,3.78245737302154,"Zhong2025",1994
328,1.45064736353821,"Zhong2025",1994
329,9.24869486038546,"Zhong2025",1994
330,0.575902382457497,"Zhong2025",1994
331,8.07173112502529,"Zhong2025",1994
332,40.7885438799858,"Zhong2025",1994
333,1.754743617028,"Zhong2025",1994
334,0.413268693252597,"Zhong2025",1994
335,5.57610602347726,"Zhong2025",1994
336,7.14670369597066,"Zhong2025",1994
337,44.1238631205772,"Zhong2025",1994
338,3.39451348365907,"Zhong2025",1994
339,1.4377736422582,"Zhong2025",1994
340,4.3672443564501,"Zhong2025",1994
341,9.62502942975455,"Zhong2025",1994
342,1.4806242864702,"Zhong2025",1994
343,1.27591560353353,"Zhong2025",1994
344,1.83037583859768,"Zhong2025",1994
345,9.3916510275605,"Zhong2025",1994
346,3.72127403777078,"Zhong2025",1994
347,4.30439318550958,"Zhong2025",1994
348,0.699082282267249,"Zhong2025",1994
349,0.578341191619946,"Zhong2025",1994
350,0.638065909604645,"Zhong2025",1994
351,19.8072099362101,"Zhong2025",1994
352,0.219981253260756,"Zhong2025",1994
353,8.85562552578869,"Zhong2025",1994
354,1.2638974549453,"Zhong2025",1994
355,4.47308159237557,"Zhong2025",1994
356,0.512560479030037,"Zhong2025",1994
357,9.27351368782909,"Zhong2025",1994
358,0.599213774212533,"Zhong2025",1994
359,0.283103915492287,"Zhong2025",1994
360,1.02051278817019,"Zhong2025",1994
361,10.5141576444169,"Zhong2025",1994
362,0.295498004616805,"Zhong2025",1994
363,1.88348294929731,"Zhong2025",1994
364,0.602272056139078,"Zhong2025",1994
365,1.68959433219594,"Zhong2025",1994
366,0.313896493298606,"Zhong2025",1994
367,47.2436839250418,"Zhong2025",1994
368,16.7873949268942,"Zhong2025",1994
369,0.509547209309694,"Zhong2025",1994
370,3.62302119224695,"Zhong2025",1994
371,2.46209819369333,"Zhong2025",1994
372,0.799228929978988,"Zhong2025",1994
373,6.73388664708718,"Zhong2025",1994
374,0.0458655158678691,"Zhong2025",1994
375,13.2281664593085,"Zhong2025",1994
376,3.54960721102026,"Zhong2025",1994
377,0.202510487051889,"Zhong2025",1994
378,0.225840736941768,"Zhong2025",1994
379,0.621043489599032,"Zhong2025",1994
380,0.156019183175522,"Zhong2025",1994
381,9.83415009221062,"Zhong2025",1994
382,25.2797104867838,"Zhong2025",1994
383,0.597064427773894,"Zhong2025",1994
384,1.28387940854781,"Zhong2025",1994
385,11.8264849075878,"Zhong2025",1994
386,9.81484852234522,"Zhong2025",1994
387,29.9784160184009,"Zhong2025",1994
388,3.43637646473596,"Zhong2025",1994
389,3.28255352303386,"Zhong2025",1994
390,62.2084020614624,"Zhong2025",1994
391,5.33000471289196,"Zhong2025",1994
392,10.8315018544143,"Zhong2025",1994
393,6.00930779990223,"Zhong2025",1994
394,26.8617875327362,"Zhong2025",1994
395,2.92483007928563,"Zhong2025",1994
396,4.83728720680537,"Zhong2025",1994
397,1.32454731005939,"Zhong2025",1994
398,35.7285335822539,"Zhong2025",1994
399,0.107873103328517,"Zhong2025",1994
400,0.207278147992839,"Zhong2025",1994
401,0.061164457093667,"Zhong2025",1994
402,0.17719624239897,"Zhong2025",1994
403,0,"Zhong2025",1994
404,0,"Zhong2025",1994
405,6.04944429468014,"Zhong2025",1994
406,0.00411030181944147,"Zhong2025",1994
407,0.321761022538625,"Zhong2025",1994
408,0.0707328281157157,"Zhong2025",1994
409,0,"Zhong2025",1994
410,0.00916718465710118,"Zhong2025",1994
411,0,"Zhong2025",1994
412,0,"Zhong2025",1994
413,0,"Zhong2025",1994
414,0,"Zhong2025",1994
415,0,"Zhong2025",1994
416,0,"Zhong2025",1994
417,0.0584733904762702,"Zhong2025",1994
418,0.269464835343573,"Zhong2025",1994
419,0.174757630455587,"Zhong2025",1994
420,0,"Zhong2025",1994
421,0.0966933927178201,"Zhong2025",1994
422,0,"Zhong2025",1994
423,0,"Zhong2025",1994
424,0,"Zhong2025",1994
425,0,"Zhong2025",1994
426,0.0310769184488497,"Zhong2025",1994
427,0,"Zhong2025",1994
428,0,"Zhong2025",1994
429,0.120772770071025,"Zhong2025",1994
430,0.107143849560773,"Zhong2025",1994
431,0,"Zhong2025",1994
432,0,"Zhong2025",1994
433,0.10217767209308,"Zhong2025",1994
434,0,"Zhong2025",1994
435,0.00306011267727421,"Zhong2025",1994
436,0.234165256929158,"Zhong2025",1994
437,2.73551559568504,"Zhong2025",1994
438,0.409211346188635,"Zhong2025",1994
439,0.793625898225664,"Zhong2025",1994
440,0.217805998545698,"Zhong2025",1994
441,12.846824744135,"Zhong2025",1994
442,1.88597883723221,"Zhong2025",1994
443,3.47181800399102,"Zhong2025",1994
444,3.37267881418286,"Zhong2025",1994
445,5.34039109741387,"Zhong2025",1994
446,1.45115587543029,"Zhong2025",1994
447,3.26225833171479,"Zhong2025",1994
448,0.232161137775954,"Zhong2025",1994
449,4.08113642770684,"Zhong2025",1994
450,0.221090990517821,"Zhong2025",1994
451,1.30167351769373,"Zhong2025",1994
452,0.633553042777356,"Zhong2025",1994
453,0.17729719574435,"Zhong2025",1994
454,5.07434870976777,"Zhong2025",1994
455,3.1718016476648,"Zhong2025",1994
456,7.15433658849109,"Zhong2025",1994
457,4.45163875235848,"Zhong2025",1994
458,1.21525162906342,"Zhong2025",1994
459,2.19805198735675,"Zhong2025",1994
460,0.390694206594017,"Zhong2025",1994
461,3.90982893444317,"Zhong2025",1994
462,7.57845119772286,"Zhong2025",1994
463,0.712227125053016,"Zhong2025",1994
464,1.28382447382557,"Zhong2025",1994
465,0.459593825141419,"Zhong2025",1994
466,0.199510987500807,"Zhong2025",1994
467,54.5172942673288,"Zhong2025",1994
468,20.4475167216235,"Zhong2025",1994
469,7.6857942198004,"Zhong2025",1994
470,4.25828286881248,"Zhong2025",1994
471,26.7515000070844,"Zhong2025",1994
472,5.05436466514169,"Zhong2025",1994
473,5.68651789377133,"Zhong2025",1994
474,30.2979921469322,"Zhong2025",1994
475,2.37468943257275,"Zhong2025",1994
476,9.1200275332952,"Zhong2025",1994
477,0.999154366712684,"Zhong2025",1994
478,13.3072668871818,"Zhong2025",1994
479,4.15514745947597,"Zhong2025",1994
480,30.5858417129517,"Zhong2025",1994
481,2.82950418780884,"Zhong2025",1994
482,28.1551640388813,"Zhong2025",1994
483,8.46194586986742,"Zhong2025",1994
484,3.42883317644397,"Zhong2025",1994
485,16.1008847938741,"Zhong2025",1994
486,52.3295181861291,"Zhong2025",1994
487,8.32793906455239,"Zhong2025",1994
488,8.90937638282776,"Zhong2025",1994
489,6.41379440484497,"Zhong2025",1994
490,17.6306051305146,"Zhong2025",1994
491,0.0575069202392165,"Zhong2025",1994
492,0.190929384566612,"Zhong2025",1994
493,0,"Zhong2025",1994
494,4.08614305766341,"Zhong2025",1994
495,1.67913546720574,"Zhong2025",1994
496,0.171279848990433,"Zhong2025",1994
497,2.69128976296268,"Zhong2025",1994
498,1.00972309608415,"Zhong2025",1994
499,6.44762140383116,"Zhong2025",1994
500,0.652832733593599,"Zhong2025",1994
501,5.54604794398196,"Zhong2025",1994
502,2.01252377976794,"Zhong2025",1994
503,0.632193728976298,"Zhong2025",1994
504,1.00336812278472,"Zhong2025",1994
505,2.49117626696224,"Zhong2025",1994
506,1.48726994912299,"Zhong2025",1994
507,2.87144265571235,"Zhong2025",1994
508,0,"Zhong2025",1994
509,1.39193295875326,"Zhong2025",1994
510,0.170150366059475,"Zhong2025",1994
511,0,"Zhong2025",1994
512,0.0952380611985596,"Zhong2025",1994
513,0.0756012662820557,"Zhong2025",1994
514,0.158729027498355,"Zhong2025",1994
515,3.42792061491068,"Zhong2025",1994
516,2.73815626884303,"Zhong2025",1994
517,1.99434909069129,"Zhong2025",1994
518,0.00417946764203005,"Zhong2025",1994
519,1.92260386677935,"Zhong2025",1994
520,0.658297860103075,"Zhong2025",1994
521,0.114865126584923,"Zhong2025",1994
522,3.96098494480328,"Zhong2025",1994
523,8.54468544017226,"Zhong2025",1994
524,0.0852407681062515,"Zhong2025",1994
525,0.0982283875684846,"Zhong2025",1994
526,1.80757744536541,"Zhong2025",1994
527,1.61985353634439,"Zhong2025",1994
528,0.0375834128830904,"Zhong2025",1994
529,18.2229886520399,"Zhong2025",1994
530,8.09983741277041,"Zhong2025",1994
531,3.74255676666979,"Zhong2025",1994
532,1.41682666373074,"Zhong2025",1994
533,0.679099330339266,"Zhong2025",1994
534,1.6886953608262,"Zhong2025",1994
535,0.382479953783713,"Zhong2025",1994
536,0.888359898278338,"Zhong2025",1994
537,1.38046266175172,"Zhong2025",1994
538,1.49865498610284,"Zhong2025",1994
539,0.811495506825076,"Zhong2025",1994
540,1.53167043059044,"Zhong2025",1994
541,4.89157082329068,"Zhong2025",1994
542,1.17940248999288,"Zhong2025",1994
543,1.31265898799161,"Zhong2025",1994
544,1.9500459660457,"Zhong2025",1994
545,1.02628946052929,"Zhong2025",1994
546,1.58707025680992,"Zhong2025",1994
547,1.36326428862183,"Zhong2025",1994
548,1.11229053362859,"Zhong2025",1994
549,1.0323068643833,"Zhong2025",1994
550,0.559079001317741,"Zhong2025",1994
551,1.99059705544682,"Zhong2025",1994
552,1.09492492199419,"Zhong2025",1994
553,0.61862141286937,"Zhong2025",1994
554,1.59781879511153,"Zhong2025",1994
555,0.291018132976133,"Zhong2025",1994
556,0.591203760802357,"Zhong2025",1994
557,2.98718747898979,"Zhong2025",1994
558,3.6373631318436,"Zhong2025",1994
559,1.80999071138083,"Zhong2025",1994
560,1.64058435677089,"Zhong2025",1994
561,2.73775933839228,"Zhong2025",1994
562,11.7924203743573,"Zhong2025",1994
563,0.982157390907004,"Zhong2025",1994
564,1.07033583230542,"Zhong2025",1994
565,4.98444267596883,"Zhong2025",1994
566,0.745343942580586,"Zhong2025",1994
567,4.32095519559134,"Zhong2025",1994
568,0.340617511430661,"Zhong2025",1994
569,1.42428786392764,"Zhong2025",1994
570,0.222567075417596,"Zhong2025",1994
571,2.39013013759402,"Zhong2025",1994
572,0.620429844022675,"Zhong2025",1994
573,0.716530122183367,"Zhong2025",1994
574,1.29143061662771,"Zhong2025",1994
575,1.34138710596645,"Zhong2025",1994
576,2.75321895040582,"Zhong2025",1994
577,0.367196031591512,"Zhong2025",1994
578,1.57599934008943,"Zhong2025",1994
579,0.509871968370233,"Zhong2025",1994
580,3.14860227549388,"Zhong2025",1994
581,1.26959162950827,"Zhong2025",1994
582,0.209685493274195,"Zhong2025",1994
583,0.142650688605088,"Zhong2025",1994
584,0.733526848592365,"Zhong2025",1994
585,0.85597375714653,"Zhong2025",1994
586,0.88119899044072,"Zhong2025",1994
587,0.484300014690103,"Zhong2025",1994
588,0.0957155558036493,"Zhong2025",1994
589,1.70295068313424,"Zhong2025",1994
590,0.89906016693491,"Zhong2025",1994
591,2.30058112883277,"Zhong2025",1994
592,0.380572787835066,"Zhong2025",1994
593,0.128481982476436,"Zhong2025",1994
594,5.75540694633675,"Zhong2025",1994
595,0.544714273243275,"Zhong2025",1994
596,0.0962208566860236,"Zhong2025",1994
597,7.96052747607787,"Zhong2025",1994
598,1.00117958272286,"Zhong2025",1994
599,2.08875696275459,"Zhong2025",1994
600,1.16032623700423,"Zhong2025",1994
601,3.24294868635475,"Zhong2025",1994
602,1.42142346808268,"Zhong2025",1994
603,20.8538295767238,"Zhong2025",1994
604,2.33966286553472,"Zhong2025",1994
605,0.717077061486618,"Zhong2025",1994
606,4.82684068888319,"Zhong2025",1994
607,8.23385193796698,"Zhong2025",1994
608,16.4161211431026,"Zhong2025",1994
609,2.49177644996979,"Zhong2025",1994
610,0.90282851443782,"Zhong2025",1994
611,1.86539676857606,"Zhong2025",1994
612,0.152892700808782,"Zhong2025",1994
613,1.51856570028973,"Zhong2025",1994
614,4.91244700867857,"Zhong2025",1994
615,0.226434012177513,"Zhong2025",1994
616,2.7090963474742,"Zhong2025",1994
617,4.18240325095679,"Zhong2025",1994
618,9.60569050465408,"Zhong2025",1994
619,0.26315625574301,"Zhong2025",1994
620,5.82969781015505,"Zhong2025",1994
621,1.73056708567173,"Zhong2025",1994
622,1.44097581990748,"Zhong2025",1994
623,5.0600293513185,"Zhong2025",1994
624,3.86749066797814,"Zhong2025",1994
625,0.291749155682822,"Zhong2025",1994
626,4.64764827419932,"Zhong2025",1994
627,7.02830011488581,"Zhong2025",1994
628,10.4896121350794,"Zhong2025",1994
629,40.476210558856,"Zhong2025",1994
630,8.72534165175065,"Zhong2025",1994
631,0.768038732679516,"Zhong2025",1994
632,0.0361325226003873,"Zhong2025",1994
633,0.0131108512610333,"Zhong2025",1994
634,1.17363475102897,"Zhong2025",1994
635,0.120353993672701,"Zhong2025",1994
636,1.90320031050391,"Zhong2025",1994
637,0.197997652620071,"Zhong2025",1994
638,24.4063584655523,"Zhong2025",1994
639,1.30510135307427,"Zhong2025",1994
640,0.400694449720126,"Zhong2025",1994
641,0.731665266703253,"Zhong2025",1994
642,0.919928332682439,"Zhong2025",1994
643,0.469371898306741,"Zhong2025",1994
644,0.170549793882916,"Zhong2025",1994
645,0.833711878979398,"Zhong2025",1994
646,4.91483824539418,"Zhong2025",1994
647,0,"Zhong2025",1994
648,0.476017701353471,"Zhong2025",1994
649,4.4339579217709,"Zhong2025",1994
650,1.7370457439281,"Zhong2025",1994
651,0.001500898989837,"Zhong2025",1994
652,1.59687429794745,"Zhong2025",1994
653,1.6479217420284,"Zhong2025",1994
654,9.42380048471621,"Zhong2025",1994
655,0.0742764460977974,"Zhong2025",1994
656,0.766697075552569,"Zhong2025",1994
657,1.16874016469942,"Zhong2025",1994
658,2.52823083400726,"Zhong2025",1994
659,3.25264704938639,"Zhong2025",1994
660,0.148767156669727,"Zhong2025",1994
661,6.88156436335656,"Zhong2025",1994
662,0,"Zhong2025",1994
663,2.0245889848719,"Zhong2025",1994
664,0.0250559364046369,"Zhong2025",1994
665,0.571908911040356,"Zhong2025",1994
666,0.682954106873776,"Zhong2025",1994
667,0,"Zhong2025",1994
668,1.38832252249127,"Zhong2025",1994
669,0.781850195422186,"Zhong2025",1994
670,0,"Zhong2025",1994
671,1.12112580647894,"Zhong2025",1994
672,12.1846257029101,"Zhong2025",1994
673,4.913922194752,"Zhong2025",1994
674,0.303104524483756,"Zhong2025",1994
675,3.99872114073618,"Zhong2025",1994
676,1.85748703186474,"Zhong2025",1994
677,0.116356160911679,"Zhong2025",1994
678,0.724199555296865,"Zhong2025",1994
679,5.54274807489196,"Zhong2025",1994
680,1.02435764882627,"Zhong2025",1994
681,0.470165929612925,"Zhong2025",1994
682,1.42108121697317,"Zhong2025",1994
683,10.8078463859096,"Zhong2025",1994
684,0.620727316584008,"Zhong2025",1994
685,1.38021083798719,"Zhong2025",1994
686,5.02149131959468,"Zhong2025",1994
687,4.23811370486637,"Zhong2025",1994
688,0.00142609358400754,"Zhong2025",1994
689,0.821475451191266,"Zhong2025",1994
690,2.49124964278907,"Zhong2025",1994
691,1.20251661076909,"Zhong2025",1994
692,15.8644858863619,"Zhong2025",1994
693,2.36855020922107,"Zhong2025",1994
694,3.91833614036441,"Zhong2025",1994
695,3.52897774130106,"Zhong2025",1994
696,0,"Zhong2025",1994
697,4.59349574305509,"Zhong2025",1994
698,0.405579562647648,"Zhong2025",1994
699,0.00125850870140961,"Zhong2025",1994
700,1.81755183761534,"Zhong2025",1994
701,0.137296927491511,"Zhong2025",1994
702,2.43399613754203,"Zhong2025",1994
703,4.81648569289874,"Zhong2025",1994
704,9.89128278683999,"Zhong2025",1994
705,1.48258767292417,"Zhong2025",1994
706,22.9267921760434,"Zhong2025",1994
707,2.61199682199263,"Zhong2025",1994
708,1.90740910976652,"Zhong2025",1994
709,0.0717158058434725,"Zhong2025",1994
710,5.80463906010272,"Zhong2025",1994
711,0.289986259333174,"Zhong2025",1994
712,5.97883268385383,"Zhong2025",1994
713,0,"Zhong2025",1994
714,2.36720844685304,"Zhong2025",1994
715,0.263689337416869,"Zhong2025",1994
716,0,"Zhong2025",1994
717,0.962169072193693,"Zhong2025",1994
718,2.35093322960716,"Zhong2025",1994
719,0.724547131327873,"Zhong2025",1994
720,0,"Zhong2025",1994
721,1.18380601077985,"Zhong2025",1994
722,2.78441712480377,"Zhong2025",1994
723,6.39802090504955,"Zhong2025",1994
724,0,"Zhong2025",1994
725,3.10156886445151,"Zhong2025",1994
726,0.21178296342885,"Zhong2025",1994
727,0.294574964504976,"Zhong2025",1994
728,1.75013683254729,"Zhong2025",1994
729,0.315027880343355,"Zhong2025",1994
730,4.96375919532188,"Zhong2025",1994
731,0.526595211797962,"Zhong2025",1994
732,6.12154254865729,"Zhong2025",1994
733,0.990101206058889,"Zhong2025",1994
734,0.0633268461429647,"Zhong2025",1994
735,0,"Zhong2025",1994
736,1.03730895890603,"Zhong2025",1994
737,2.5742520095082,"Zhong2025",1994
738,3.86154078453779,"Zhong2025",1994
739,1.53446016283644,"Zhong2025",1994
740,10.2448320508003,"Zhong2025",1994
741,0,"Zhong2025",1994
742,1.17898831872947,"Zhong2025",1994
743,10.7917024400499,"Zhong2025",1994
744,0.580951329404572,"Zhong2025",1994
745,8.11947462010257,"Zhong2025",1994
746,1.71368366055764,"Zhong2025",1994
747,14.2141701577193,"Zhong2025",1994
748,1.06204455558743,"Zhong2025",1994
749,0.324873431095559,"Zhong2025",1994
750,0.627419076713451,"Zhong2025",1994
751,0.853092347789142,"Zhong2025",1994
752,10.2247005668846,"Zhong2025",1994
753,0.00285959888536196,"Zhong2025",1994
754,0,"Zhong2025",1994
755,4.03224622943374,"Zhong2025",1994
756,2.03499211215003,"Zhong2025",1994
757,0,"Zhong2025",1994
758,0.0754637458185125,"Zhong2025",1994
759,0.0426296903947068,"Zhong2025",1994
760,0.00011044405477053,"Zhong2025",1994
761,12.7995274768156,"Zhong2025",1994
762,14.0467126203138,"Zhong2025",1994
763,11.756833865529,"Zhong2025",1994
764,10.4172834107946,"Zhong2025",1994
765,0.848139399603168,"Zhong2025",1994
766,4.24215993483085,"Zhong2025",1994
767,13.1538689477103,"Zhong2025",1994
768,0.147163074522471,"Zhong2025",1994
769,13.4035335438592,"Zhong2025",1994
770,45.4763548417525,"Zhong2025",1994
771,0.314045208719147,"Zhong2025",1994
772,8.48688408630526,"Zhong2025",1994
773,0.872866606202941,"Zhong2025",1994
774,0.862988173447097,"Zhong2025",1994
775,8.81463064329746,"Zhong2025",1994
776,8.2253230464699,"Zhong2025",1994
777,5.24439352423189,"Zhong2025",1994
778,11.7149984139792,"Zhong2025",1994
779,49.1304840475826,"Zhong2025",1994
780,3.54796852637082,"Zhong2025",1994
781,17.1968668650805,"Zhong2025",1994
782,0,"Zhong2025",1994
783,26.0732954116095,"Zhong2025",1994
784,1.14616447865349,"Zhong2025",1994
785,2.18828333272528,"Zhong2025",1994
786,49.8180251121521,"Zhong2025",1994
787,5.51618615403233,"Zhong2025",1994
788,0.445220599783423,"Zhong2025",1994
789,17.5780004456986,"Zhong2025",1994
790,0.930842523555179,"Zhong2025",1994
791,1.18853992263883,"Zhong2025",1994
792,12.4568852283916,"Zhong2025",1994
793,5.71666163669692,"Zhong2025",1994
794,2.4935156737798,"Zhong2025",1994
795,6.61031967126771,"Zhong2025",1994
796,2.97638603062274,"Zhong2025",1994
797,3.12119307361696,"Zhong2025",1994
798,8.18509930994973,"Zhong2025",1994
799,0.522539547114665,"Zhong2025",1994
800,0.0318054398698988,"Zhong2025",1994
801,1.05559599066668,"Zhong2025",1994
802,0.871105656751864,"Zhong2025",1994
803,20.2281378305477,"Zhong2025",1994
804,15.7470362126827,"Zhong2025",1994
805,1.56147712630591,"Zhong2025",1994
806,0.0361925643639338,"Zhong2025",1994
807,10.0593685901459,"Zhong2025",1994
808,3.28310192554491,"Zhong2025",1994
809,0.810921617674039,"Zhong2025",1994
810,41.2880238633815,"Zhong2025",1994
811,1.5482455188633,"Zhong2025",1994
812,0.163819781491956,"Zhong2025",1994
813,5.96678570426744,"Zhong2025",1994
814,9.41817872340863,"Zhong2025",1994
815,11.555768969655,"Zhong2025",1994
816,0.503044797293842,"Zhong2025",1994
817,5.21252585152785,"Zhong2025",1994
818,1.06283259615006,"Zhong2025",1994
819,2.60823416667737,"Zhong2025",1994
820,0,"Zhong2025",1994
821,8.01688692336147,"Zhong2025",1994
822,0.0590192160532119,"Zhong2025",1994
823,2.63879604126876,"Zhong2025",1994
824,2.72745622690791,"Zhong2025",1994
825,0.258930084034207,"Zhong2025",1994
826,2.41417594066089,"Zhong2025",1994
827,1.22502516262386,"Zhong2025",1994
828,5.83817928433418,"Zhong2025",1994
829,8.74690782473638,"Zhong2025",1994
830,17.4329475402832,"Zhong2025",1994
831,18.5192501494225,"Zhong2025",1994
832,1.49188541679357,"Zhong2025",1994
833,0,"Zhong2025",1994
834,8.52672946896582,"Zhong2025",1994
835,12.3513916228428,"Zhong2025",1994
836,7.46746686096584,"Zhong2025",1994
837,16.5533675754772,"Zhong2025",1994
838,5.98103443109522,"Zhong2025",1994
839,27.5106149285527,"Zhong2025",1994
840,10.093658642674,"Zhong2025",1994
841,8.25316514843523,"Zhong2025",1994
842,1.42554241962676,"Zhong2025",1994
843,2.85198283014358,"Zhong2025",1994
844,7.0477772761475,"Zhong2025",1994
845,24.6146104607401,"Zhong2025",1994
846,2.14615831896663,"Zhong2025",1994
847,15.0551982985602,"Zhong2025",1994
848,33.6817579582089,"Zhong2025",1994
849,14.2927522394392,"Zhong2025",1994
850,2.49049507030125,"Zhong2025",1994
851,8.89185938250877,"Zhong2025",1994
852,29.0104960378011,"Zhong2025",1994
853,0,"Zhong2025",1994
854,1.05787785180307,"Zhong2025",1994
855,10.5364257322775,"Zhong2025",1994
856,11.9644427975916,"Zhong2025",1994
857,1.52251486972446,"Zhong2025",1994
858,1.01058903513188,"Zhong2025",1994
859,0.820461685646718,"Zhong2025",1994
860,5.41708263111849,"Zhong2025",1994
861,0.0446789530760725,"Zhong2025",1994
862,5.10544444639082,"Zhong2025",1994
863,12.0188891770077,"Zhong2025",1994
864,8.90119931642399,"Zhong2025",1994
865,0.121750927850604,"Zhong2025",1994
866,12.6711589199002,"Zhong2025",1994
867,15.4207118500769,"Zhong2025",1994
868,10.3014116130032,"Zhong2025",1994
869,10.3655454748101,"Zhong2025",1994
870,0.356983273906086,"Zhong2025",1994
871,0.0756503406031003,"Zhong2025",1994
872,2.97523790375633,"Zhong2025",1994
873,0,"Zhong2025",1994
874,0.128191692009568,"Zhong2025",1994
875,0.27643210765834,"Zhong2025",1994
876,5.21486600066934,"Zhong2025",1994
877,0.175689129359591,"Zhong2025",1994
878,2.08980515731401,"Zhong2025",1994
879,2.34359079581864,"Zhong2025",1994
880,1.17711362003216,"Zhong2025",1994
881,0.0615960497774982,"Zhong2025",1994
882,0.543141489856961,"Zhong2025",1994
883,1.03047951183906,"Zhong2025",1994
884,0.262965021534961,"Zhong2025",1994
885,0.173421980914219,"Zhong2025",1994
886,17.9844617803892,"Zhong2025",1994
887,0.564555153080453,"Zhong2025",1994
888,0.167998033228534,"Zhong2025",1994
889,5.09272107550242,"Zhong2025",1994
890,4.17795829665478,"Zhong2025",1994
891,1.06325256395773,"Zhong2025",1994
892,4.66384885697923,"Zhong2025",1994
893,2.21403851718814,"Zhong2025",1994
894,0.395825375585686,"Zhong2025",1994
895,0.311628433401187,"Zhong2025",1994
896,11.2360247414688,"Zhong2025",1994
897,1.96623200571462,"Zhong2025",1994
898,0.168927873363032,"Zhong2025",1994
899,0.0488947881500362,"Zhong2025",1994
900,0.10832037792185,"Zhong2025",1994
901,24.806703115804,"Zhong2025",1994
902,0.0473003134729872,"Zhong2025",1994
903,0.7822780311451,"Zhong2025",1994
904,0.28980476663009,"Zhong2025",1994
905,0.397119597991308,"Zhong2025",1994
906,0.711567578675656,"Zhong2025",1994
907,0.531360007347777,"Zhong2025",1994
908,0.248520870887572,"Zhong2025",1994
909,22.0102890035711,"Zhong2025",1994
910,8.24850050870155,"Zhong2025",1994
911,2.45883946162949,"Zhong2025",1994
912,0.0791402517258236,"Zhong2025",1994
913,0,"Zhong2025",1994
914,0.968806137955774,"Zhong2025",1994
915,0.0866686292145969,"Zhong2025",1994
916,0.662108796792729,"Zhong2025",1994
917,0,"Zhong2025",1994
918,0.213757403784428,"Zhong2025",1994
919,0,"Zhong2025",1994
920,0.25451650858131,"Zhong2025",1994
921,3.9254204715031,"Zhong2025",1994
922,0.846309690366662,"Zhong2025",1994
923,0.0430038618052556,"Zhong2025",1994
924,0,"Zhong2025",1994
925,0.00644420520869238,"Zhong2025",1994
926,0.0849746991916003,"Zhong2025",1994
927,0.114471578711466,"Zhong2025",1994
928,0.04524950911226,"Zhong2025",1994
929,0.0220108885510013,"Zhong2025",1994
930,2.73426744581195,"Zhong2025",1994
931,0.0717595562013361,"Zhong2025",1994
932,0.0781699324361102,"Zhong2025",1994
933,0,"Zhong2025",1994
934,0.118782402006375,"Zhong2025",1994
935,0.0100702242958959,"Zhong2025",1994
936,0,"Zhong2025",1994
937,0,"Zhong2025",1994
938,0.00853621377861861,"Zhong2025",1994
939,7.74643834117284,"Zhong2025",1994
940,1.25646646066125,"Zhong2025",1994
941,0.518250631828021,"Zhong2025",1994
942,3.1251707392404,"Zhong2025",1994
943,1.2513944625929,"Zhong2025",1994
944,0.355097420097608,"Zhong2025",1994
945,0.171555381515298,"Zhong2025",1994
946,0.54570064307631,"Zhong2025",1994
947,0.135274600528233,"Zhong2025",1994
948,0.604696390664939,"Zhong2025",1994
949,0.0483547946740244,"Zhong2025",1994
950,5.42486225304524,"Zhong2025",1994
951,0,"Zhong2025",1994
952,1.04545089292644,"Zhong2025",1994
953,2.61822671236326,"Zhong2025",1994
954,5.44216578363469,"Zhong2025",1994
955,0.0946563678437177,"Zhong2025",1994
956,0.188688399459101,"Zhong2025",1994
957,0.376786095860692,"Zhong2025",1994
958,0.16692331198189,"Zhong2025",1994
959,0.605503392054412,"Zhong2025",1994
960,0.504833414054627,"Zhong2025",1994
961,1.48576537949449,"Zhong2025",1994
962,0.722325343405357,"Zhong2025",1994
963,2.1953127092291,"Zhong2025",1994
964,0.662684766539685,"Zhong2025",1994
965,12.585625131313,"Zhong2025",1994
966,2.07466582764151,"Zhong2025",1994
967,2.30215517608785,"Zhong2025",1994
968,0.0603762043123984,"Zhong2025",1994
969,3.92885128770739,"Zhong2025",1994
970,0.225273811771278,"Zhong2025",1994
971,1.6589620631743,"Zhong2025",1994
972,0.473627515488517,"Zhong2025",1994
973,5.66739629447999,"Zhong2025",1994
974,0.727337580016801,"Zhong2025",1994
975,0.208157674755739,"Zhong2025",1994
976,0,"Zhong2025",1994
977,0,"Zhong2025",1994
978,0.571980725921815,"Zhong2025",1994
979,13.2216617817781,"Zhong2025",1994
980,2.63104735135094,"Zhong2025",1994
981,7.83157949994043,"Zhong2025",1994
982,0.174328402585648,"Zhong2025",1994
983,0.493789780638455,"Zhong2025",1994
984,0.00661520279116101,"Zhong2025",1994
985,1.00067447936002,"Zhong2025",1994
986,0.0154957312403967,"Zhong2025",1994
987,0,"Zhong2025",1994
988,0.113093521438648,"Zhong2025",1994
989,0.399349966604785,"Zhong2025",1994
990,0.562289178566034,"Zhong2025",1994
991,0,"Zhong2025",1994
992,1.0374027623101,"Zhong2025",1994
993,0.292807659452967,"Zhong2025",1994
994,0.238401869925873,"Zhong2025",1994
995,0,"Zhong2025",1994
996,2.46725027891331,"Zhong2025",1994
997,6.71296143455298,"Zhong2025",1994
998,0.377388761286309,"Zhong2025",1994
999,0.40619451648766,"Zhong2025",1994
1000,9.02492691967992,"Zhong2025",1994
1001,0,"Zhong2025",1994
1002,2.04927838345369,"Zhong2025",1994
1003,0,"Zhong2025",1994
1004,0.646909686372915,"Zhong2025",1994
1005,0,"Zhong2025",1994
1006,0,"Zhong2025",1994
1007,0.0982209335895577,"Zhong2025",1994
1008,6.50854157021752,"Zhong2025",1994
1009,0.579661923607058,"Zhong2025",1994
1010,0.0305500810725007,"Zhong2025",1994
1011,0.0896438612010873,"Zhong2025",1994
1012,1.4205676543647,"Zhong2025",1994
1013,0.621421086262254,"Zhong2025",1994
1014,1.04424482312479,"Zhong2025",1994
1015,0.433074461891479,"Zhong2025",1994
1016,2.67471303189478,"Zhong2025",1994
1017,1.06559987067003,"Zhong2025",1994
1018,0.0276557241626041,"Zhong2025",1994
1019,0.0554746471984046,"Zhong2025",1994
1020,0.0706727445771619,"Zhong2025",1994
1021,0.0418787951637434,"Zhong2025",1994
1022,5.74093819682627,"Zhong2025",1994
1023,0.903484846788323,"Zhong2025",1994
1024,0,"Zhong2025",1994
1025,8.61085698111304,"Zhong2025",1994
1026,0.44911850840459,"Zhong2025",1994
1027,0.149355328797357,"Zhong2025",1994
1028,0.082605995040722,"Zhong2025",1994
1029,0.185706584891186,"Zhong2025",1994
1030,0.514622616587787,"Zhong2025",1994
1031,0,"Zhong2025",1994
1032,1.10580862846903,"Zhong2025",1994
1033,0.869040495763391,"Zhong2025",1994
1034,1.16595768277812,"Zhong2025",1994
1035,5.23069414608344,"Zhong2025",1994
1036,1.58000726367109,"Zhong2025",1994
1037,0.0417884338101737,"Zhong2025",1994
1038,0.712537969786056,"Zhong2025",1994
1039,0.573166789358546,"Zhong2025",1994
1040,0,"Zhong2025",1994
1041,1.38825358605512,"Zhong2025",1994
1042,0,"Zhong2025",1994
1043,0,"Zhong2025",1994
1044,0.613923588629104,"Zhong2025",1994
1045,0,"Zhong2025",1994
1046,0.327205492899968,"Zhong2025",1994
1047,0.0398117494296263,"Zhong2025",1994
1048,0,"Zhong2025",1994
1049,0.0103732960272505,"Zhong2025",1994
1050,0.185827281657192,"Zhong2025",1994
1051,0,"Zhong2025",1994
1052,0.0714007364717168,"Zhong2025",1994
1053,0.96486098147844,"Zhong2025",1994
1054,6.85067086853087,"Zhong2025",1994
1055,0.0382317482134816,"Zhong2025",1994
1056,0.205586630454723,"Zhong2025",1994
1057,8.70744662342196,"Zhong2025",1994
1058,32.3932636162945,"Zhong2025",1994
1059,0.100669720053384,"Zhong2025",1994
1060,0,"Zhong2025",1994
1061,7.26013875607168,"Zhong2025",1994
1062,35.6916898961474,"Zhong2025",1994
1063,9.20277159072526,"Zhong2025",1994
1064,0.142513031612347,"Zhong2025",1994
1065,1.38867768911583,"Zhong2025",1994
1066,0.924694620838514,"Zhong2025",1994
1067,0.0417359840990317,"Zhong2025",1994
1068,1.28703400633074,"Zhong2025",1994
1069,0.0395032107133732,"Zhong2025",1994
1070,1.08543072642981,"Zhong2025",1994
1071,7.40348648312937,"Zhong2025",1994
1072,0.889535003593044,"Zhong2025",1994
1073,0.362900889653405,"Zhong2025",1994
1074,4.34046317632323,"Zhong2025",1994
1075,0.529520047133044,"Zhong2025",1994
1076,0.454259014442981,"Zhong2025",1994
1077,0.256916139887583,"Zhong2025",1994
1078,15.5795778896498,"Zhong2025",1994
1079,2.44385924415814,"Zhong2025",1994
1080,17.0815527205374,"Zhong2025",1994
1081,5.38196585586246,"Zhong2025",1994
1082,6.04536371161685,"Zhong2025",1994
1083,0.312423140706143,"Zhong2025",1994
1084,3.56547413126713,"Zhong2025",1994
1085,3.84100717839442,"Zhong2025",1994
1086,3.02370010328667,"Zhong2025",1994
1087,6.13626940782164,"Zhong2025",1994
1088,12.7767450857539,"Zhong2025",1994
1089,0.0485938495113336,"Zhong2025",1994
1090,0.431858130384939,"Zhong2025",1994
1091,0.3685941382949,"Zhong2025",1994
1092,4.32518960577501,"Zhong2025",1994
1093,4.40569549283038,"Zhong2025",1994
1094,0.0550132049029383,"Zhong2025",1994
1095,1.77893197898974,"Zhong2025",1994
1096,5.03457606358528,"Zhong2025",1994
1097,0,"Zhong2025",1994
1098,0,"Zhong2025",1994
1099,0.400348265244497,"Zhong2025",1994
1100,6.02679904140901,"Zhong2025",1994
1101,0.311474956756428,"Zhong2025",1994
1102,2.12940262726277,"Zhong2025",1994
1103,0.00494382896489798,"Zhong2025",1994
1104,3.81644152495721,"Zhong2025",1994
1105,0.435224873049615,"Zhong2025",1994
1106,2.56597595418379,"Zhong2025",1994
1107,0.680556465739962,"Zhong2025",1994
1108,0.498284562298897,"Zhong2025",1994
1109,2.06959933430874,"Zhong2025",1994
1110,1.45080904682389,"Zhong2025",1994
1111,3.1755943115851,"Zhong2025",1994
1112,23.6515784334253,"Zhong2025",1994
1113,31.7357511207761,"Zhong2025",1994
1114,52.4172338077,"Zhong2025",1994
1115,27.4128132914449,"Zhong2025",1994
1116,37.900690087175,"Zhong2025",1994
1117,16.1746771697815,"Zhong2025",1994
1118,27.8906437288416,"Zhong2025",1994
1119,1.35444503184972,"Zhong2025",1994
1120,5.68142897434836,"Zhong2025",1994
1121,51.3766294717789,"Zhong2025",1994
1122,47.6738770635504,"Zhong2025",1994
1,0.940555746557314,"Zhong2025",1995
2,0,"Zhong2025",1995
3,0.0679908213844193,"Zhong2025",1995
4,0.289423996682584,"Zhong2025",1995
5,0.127753802614187,"Zhong2025",1995
6,0.0221005298046921,"Zhong2025",1995
7,0,"Zhong2025",1995
8,0,"Zhong2025",1995
9,0.0252158733006903,"Zhong2025",1995
10,0.0349649952757957,"Zhong2025",1995
11,0.0121158373271728,"Zhong2025",1995
12,0.00940786736123076,"Zhong2025",1995
13,0,"Zhong2025",1995
14,0,"Zhong2025",1995
15,0.340431512792555,"Zhong2025",1995
16,0.0494294224715814,"Zhong2025",1995
17,11.798638613553,"Zhong2025",1995
18,0.497114441132233,"Zhong2025",1995
19,0,"Zhong2025",1995
20,0.112596994414667,"Zhong2025",1995
21,0.502929824497215,"Zhong2025",1995
22,1.15455869441253,"Zhong2025",1995
23,2.6255602864338,"Zhong2025",1995
24,2.0778664463061,"Zhong2025",1995
25,2.89011580818035,"Zhong2025",1995
26,2.70683998743083,"Zhong2025",1995
27,1.02615850052591,"Zhong2025",1995
28,10.6510745585702,"Zhong2025",1995
29,0.0899763243297571,"Zhong2025",1995
30,0,"Zhong2025",1995
31,0.0765220089476894,"Zhong2025",1995
32,0,"Zhong2025",1995
33,0.35424335718612,"Zhong2025",1995
34,8.21681181095578,"Zhong2025",1995
35,0.600410764457916,"Zhong2025",1995
36,8.25094143185462,"Zhong2025",1995
37,0.0594940596921663,"Zhong2025",1995
38,0.592200232275283,"Zhong2025",1995
39,0.142411652884373,"Zhong2025",1995
40,13.115443542286,"Zhong2025",1995
41,16.9716868071721,"Zhong2025",1995
42,0.300599892019253,"Zhong2025",1995
43,0.464474478568665,"Zhong2025",1995
44,0,"Zhong2025",1995
45,6.63179722044325,"Zhong2025",1995
46,0,"Zhong2025",1995
47,1.13772542205057,"Zhong2025",1995
48,0.808562826171279,"Zhong2025",1995
49,1.83376794888014,"Zhong2025",1995
50,0,"Zhong2025",1995
51,6.85089891599664,"Zhong2025",1995
52,0.11689592345247,"Zhong2025",1995
53,0.561099495000716,"Zhong2025",1995
54,0.199023902224439,"Zhong2025",1995
55,0,"Zhong2025",1995
56,0,"Zhong2025",1995
57,0,"Zhong2025",1995
58,12.3930984905788,"Zhong2025",1995
59,37.8490935750497,"Zhong2025",1995
60,10.841131986729,"Zhong2025",1995
61,5.69032533925663,"Zhong2025",1995
62,3.43309169670469,"Zhong2025",1995
63,5.76200753928681,"Zhong2025",1995
64,4.59380626403119,"Zhong2025",1995
65,7.72967657975137,"Zhong2025",1995
66,2.8407349798579,"Zhong2025",1995
67,24.4963753647789,"Zhong2025",1995
68,16.6830347255441,"Zhong2025",1995
69,1.75844797417521,"Zhong2025",1995
70,1.36251786997749,"Zhong2025",1995
71,8.36485101630935,"Zhong2025",1995
72,3.37210200018272,"Zhong2025",1995
73,5.87676983597443,"Zhong2025",1995
74,5.14573857366701,"Zhong2025",1995
75,12.2190095066148,"Zhong2025",1995
76,11.824277973175,"Zhong2025",1995
77,6.66624185212634,"Zhong2025",1995
78,15.7160580791665,"Zhong2025",1995
79,7.5334630727127,"Zhong2025",1995
80,8.30366318642277,"Zhong2025",1995
81,5.11791009973321,"Zhong2025",1995
82,10.188094936431,"Zhong2025",1995
83,6.74654334611087,"Zhong2025",1995
84,3.18427353651779,"Zhong2025",1995
85,6.81218728574333,"Zhong2025",1995
86,3.4727733310608,"Zhong2025",1995
87,4.99965285647567,"Zhong2025",1995
88,11.924667930603,"Zhong2025",1995
89,2.40016554239786,"Zhong2025",1995
90,8.3594115000813,"Zhong2025",1995
91,7.12363296560398,"Zhong2025",1995
92,30.9227498098582,"Zhong2025",1995
93,6.91833454588275,"Zhong2025",1995
94,4.05563762062732,"Zhong2025",1995
95,13.7810406358693,"Zhong2025",1995
96,8.15004535892381,"Zhong2025",1995
97,8.82444507920125,"Zhong2025",1995
98,1.27809548782057,"Zhong2025",1995
99,5.56902472053973,"Zhong2025",1995
100,0.937132058157635,"Zhong2025",1995
101,0.875898108268956,"Zhong2025",1995
102,3.88592853539569,"Zhong2025",1995
103,1.57307452570516,"Zhong2025",1995
104,5.29672953366029,"Zhong2025",1995
105,0.342343485542944,"Zhong2025",1995
106,3.04652479987348,"Zhong2025",1995
107,0.835456894658043,"Zhong2025",1995
108,0.634933959041442,"Zhong2025",1995
109,0.141469178551977,"Zhong2025",1995
110,1.12836586078581,"Zhong2025",1995
111,0.47732686256947,"Zhong2025",1995
112,0.0307064743084375,"Zhong2025",1995
113,0.0095341434546344,"Zhong2025",1995
114,5.37675487200419,"Zhong2025",1995
115,0.032146649228202,"Zhong2025",1995
116,0.201113239143982,"Zhong2025",1995
117,0.696057038072769,"Zhong2025",1995
118,2.75345744607241,"Zhong2025",1995
119,0.519478874560446,"Zhong2025",1995
120,0.516587910944955,"Zhong2025",1995
121,0.594194127051211,"Zhong2025",1995
122,0,"Zhong2025",1995
123,5.68859997621792,"Zhong2025",1995
124,0.80856693975285,"Zhong2025",1995
125,2.54699845789301,"Zhong2025",1995
126,3.2303122235669,"Zhong2025",1995
127,1.07744290840022,"Zhong2025",1995
128,5.98464933685023,"Zhong2025",1995
129,3.24039330161535,"Zhong2025",1995
130,5.37821423753779,"Zhong2025",1995
131,10.7749252763845,"Zhong2025",1995
132,2.80867153875632,"Zhong2025",1995
133,3.57145721873929,"Zhong2025",1995
134,2.37921466959847,"Zhong2025",1995
135,0.561517245949528,"Zhong2025",1995
136,4.38450059123219,"Zhong2025",1995
137,4.96432870864868,"Zhong2025",1995
138,1.33823843933642,"Zhong2025",1995
139,2.01867439254324,"Zhong2025",1995
140,1.58226616070396,"Zhong2025",1995
141,1.6511681181493,"Zhong2025",1995
142,3.15277164751951,"Zhong2025",1995
143,0,"Zhong2025",1995
144,0.032218399756682,"Zhong2025",1995
145,5.31373549818993,"Zhong2025",1995
146,1.51702779396014,"Zhong2025",1995
147,1.95367040909896,"Zhong2025",1995
148,0,"Zhong2025",1995
149,1.6618840382824,"Zhong2025",1995
150,1.84350335186925,"Zhong2025",1995
151,0.776859099548813,"Zhong2025",1995
152,0.429547911104949,"Zhong2025",1995
153,3.0129739203139,"Zhong2025",1995
154,4.48731557331979,"Zhong2025",1995
155,2.45781030844558,"Zhong2025",1995
156,0,"Zhong2025",1995
157,6.5277258336544,"Zhong2025",1995
158,0.294990103385028,"Zhong2025",1995
159,2.41517851064945,"Zhong2025",1995
160,1.5751871153667,"Zhong2025",1995
161,0.560064330011232,"Zhong2025",1995
162,0,"Zhong2025",1995
163,0.071224225559008,"Zhong2025",1995
164,0,"Zhong2025",1995
165,0.0625795319513626,"Zhong2025",1995
166,0.00703424836473824,"Zhong2025",1995
167,0.0255071243255978,"Zhong2025",1995
168,0,"Zhong2025",1995
169,0,"Zhong2025",1995
170,0,"Zhong2025",1995
171,0,"Zhong2025",1995
172,0,"Zhong2025",1995
173,0,"Zhong2025",1995
174,0,"Zhong2025",1995
175,0,"Zhong2025",1995
176,0,"Zhong2025",1995
177,0.0199414789393716,"Zhong2025",1995
178,0,"Zhong2025",1995
179,0,"Zhong2025",1995
180,0.011151941096399,"Zhong2025",1995
181,0.00142133032355117,"Zhong2025",1995
182,0,"Zhong2025",1995
183,0,"Zhong2025",1995
184,0,"Zhong2025",1995
185,0,"Zhong2025",1995
186,0.00761869807347261,"Zhong2025",1995
187,0.124771830403441,"Zhong2025",1995
188,0.00417677080809533,"Zhong2025",1995
189,0.000902941032473875,"Zhong2025",1995
190,3.89052055917927,"Zhong2025",1995
191,6.04625132666648,"Zhong2025",1995
192,0.00440485875417547,"Zhong2025",1995
193,0,"Zhong2025",1995
194,0.517117242161274,"Zhong2025",1995
195,1.73689834441259,"Zhong2025",1995
196,0.0514957600241077,"Zhong2025",1995
197,0.0714268648851028,"Zhong2025",1995
198,0.175576829826883,"Zhong2025",1995
199,0,"Zhong2025",1995
200,0.36908645239566,"Zhong2025",1995
201,0,"Zhong2025",1995
202,0.453563342539995,"Zhong2025",1995
203,0.0430785297393435,"Zhong2025",1995
204,4.11920074101743,"Zhong2025",1995
205,0.337571901101882,"Zhong2025",1995
206,0.979714803389111,"Zhong2025",1995
207,0.030874075855215,"Zhong2025",1995
208,0.0931196376979093,"Zhong2025",1995
209,0.12843953037332,"Zhong2025",1995
210,0,"Zhong2025",1995
211,0,"Zhong2025",1995
212,0,"Zhong2025",1995
213,0,"Zhong2025",1995
214,0,"Zhong2025",1995
215,0,"Zhong2025",1995
216,0,"Zhong2025",1995
217,0.0316616090351526,"Zhong2025",1995
218,0,"Zhong2025",1995
219,0,"Zhong2025",1995
220,0.0100191905137199,"Zhong2025",1995
221,0,"Zhong2025",1995
222,0,"Zhong2025",1995
223,0,"Zhong2025",1995
224,0,"Zhong2025",1995
225,0,"Zhong2025",1995
226,0.0341928053310315,"Zhong2025",1995
227,0,"Zhong2025",1995
228,0.00350104019452277,"Zhong2025",1995
229,0.00330279754061764,"Zhong2025",1995
230,17.8427610905569,"Zhong2025",1995
231,2.42606868667767,"Zhong2025",1995
232,4.15255030926181,"Zhong2025",1995
233,0,"Zhong2025",1995
234,5.05487624093106,"Zhong2025",1995
235,9.60969773266051,"Zhong2025",1995
236,3.83365211775526,"Zhong2025",1995
237,4.05806692629572,"Zhong2025",1995
238,4.47237345066307,"Zhong2025",1995
239,3.49402317487736,"Zhong2025",1995
240,15.4996027528194,"Zhong2025",1995
241,8.93508424597271,"Zhong2025",1995
242,2.5902599515859,"Zhong2025",1995
243,9.70543261505996,"Zhong2025",1995
244,0.430647730097479,"Zhong2025",1995
245,10.2188869398883,"Zhong2025",1995
246,4.87770940155893,"Zhong2025",1995
247,0.408868774797076,"Zhong2025",1995
248,10.9576536109671,"Zhong2025",1995
249,8.66574670987971,"Zhong2025",1995
250,0.264543198166216,"Zhong2025",1995
251,1.91888423156321,"Zhong2025",1995
252,10.0591393035391,"Zhong2025",1995
253,1.4536474713488,"Zhong2025",1995
254,16.3691177246934,"Zhong2025",1995
255,2.01241497579288,"Zhong2025",1995
256,5.45615688928332,"Zhong2025",1995
257,32.6997029568122,"Zhong2025",1995
258,7.70206203017124,"Zhong2025",1995
259,15.4733720563603,"Zhong2025",1995
260,28.0765970448653,"Zhong2025",1995
261,3.54414429042929,"Zhong2025",1995
262,12.2684699064862,"Zhong2025",1995
263,1.17476501548214,"Zhong2025",1995
264,14.7524455656176,"Zhong2025",1995
265,12.1574238493944,"Zhong2025",1995
266,1.53926432781065,"Zhong2025",1995
267,15.8600926943436,"Zhong2025",1995
268,3.42281859871363,"Zhong2025",1995
269,21.5947470623807,"Zhong2025",1995
270,4.23871865694321,"Zhong2025",1995
271,11.1266244176834,"Zhong2025",1995
272,8.6339335866431,"Zhong2025",1995
273,46.5638228522407,"Zhong2025",1995
274,7.74136240557532,"Zhong2025",1995
275,6.85787421280576,"Zhong2025",1995
276,15.0065812223098,"Zhong2025",1995
277,11.6972383291293,"Zhong2025",1995
278,0.568269632813249,"Zhong2025",1995
279,0.267935482720251,"Zhong2025",1995
280,9.91344454041843,"Zhong2025",1995
281,6.331965692172,"Zhong2025",1995
282,5.26231419317203,"Zhong2025",1995
283,46.2704491242954,"Zhong2025",1995
284,6.77404851429915,"Zhong2025",1995
285,0.000698628759739665,"Zhong2025",1995
286,0.315193856636683,"Zhong2025",1995
287,0.366656525315087,"Zhong2025",1995
288,0.966778774278395,"Zhong2025",1995
289,2.92499772855081,"Zhong2025",1995
290,37.6680801294412,"Zhong2025",1995
291,0.214314708636413,"Zhong2025",1995
292,17.2040675165398,"Zhong2025",1995
293,4.59457405713888,"Zhong2025",1995
294,0.749566426995443,"Zhong2025",1995
295,0.28997925888747,"Zhong2025",1995
296,0.207527383710293,"Zhong2025",1995
297,2.07889001573557,"Zhong2025",1995
298,0.364955888475423,"Zhong2025",1995
299,0.964511881856357,"Zhong2025",1995
300,15.197567098281,"Zhong2025",1995
301,3.732295918274,"Zhong2025",1995
302,0.648106607026512,"Zhong2025",1995
303,21.1334357579549,"Zhong2025",1995
304,1.21453355991727,"Zhong2025",1995
305,0,"Zhong2025",1995
306,2.29410058952602,"Zhong2025",1995
307,1.07296632633515,"Zhong2025",1995
308,1.4212208434083,"Zhong2025",1995
309,0.573862728534754,"Zhong2025",1995
310,2.24698690955366,"Zhong2025",1995
311,0.557247430324937,"Zhong2025",1995
312,6.74985064487904,"Zhong2025",1995
313,0.772177472966766,"Zhong2025",1995
314,5.25717909223358,"Zhong2025",1995
315,0.184520323473159,"Zhong2025",1995
316,0.329233916617877,"Zhong2025",1995
317,1.04800566806439,"Zhong2025",1995
318,0.271491322126097,"Zhong2025",1995
319,6.40483256424433,"Zhong2025",1995
320,2.79700068479776,"Zhong2025",1995
321,0.430715139585368,"Zhong2025",1995
322,5.94047145899737,"Zhong2025",1995
323,5.19100453894823,"Zhong2025",1995
324,1.20091049747264,"Zhong2025",1995
325,0.538314954181291,"Zhong2025",1995
326,17.9151968580953,"Zhong2025",1995
327,3.24631921707996,"Zhong2025",1995
328,1.28700926206601,"Zhong2025",1995
329,9.46239257958329,"Zhong2025",1995
330,0.395181159780483,"Zhong2025",1995
331,8.16893337733216,"Zhong2025",1995
332,40.7955737709999,"Zhong2025",1995
333,1.20725046803377,"Zhong2025",1995
334,0.460840069660566,"Zhong2025",1995
335,5.75075477589086,"Zhong2025",1995
336,7.07263113529108,"Zhong2025",1995
337,44.1840795972454,"Zhong2025",1995
338,3.50066793102656,"Zhong2025",1995
339,1.49770181274739,"Zhong2025",1995
340,4.49446762832667,"Zhong2025",1995
341,9.10431669900815,"Zhong2025",1995
342,1.49960057492783,"Zhong2025",1995
343,1.45265263234035,"Zhong2025",1995
344,1.87815960511346,"Zhong2025",1995
345,9.52913941732244,"Zhong2025",1995
346,3.82117676253966,"Zhong2025",1995
347,3.84527385648754,"Zhong2025",1995
348,0.790209713039037,"Zhong2025",1995
349,0.495287703437726,"Zhong2025",1995
350,0.502629461594754,"Zhong2025",1995
351,20.4278389658247,"Zhong2025",1995
352,0,"Zhong2025",1995
353,8.77485305834256,"Zhong2025",1995
354,1.18730163940914,"Zhong2025",1995
355,4.52532019662639,"Zhong2025",1995
356,0.56414935237696,"Zhong2025",1995
357,9.23807309963838,"Zhong2025",1995
358,0.577639027701484,"Zhong2025",1995
359,0.369636954400398,"Zhong2025",1995
360,0.851006558792735,"Zhong2025",1995
361,10.2983963074813,"Zhong2025",1995
362,0.357814115191263,"Zhong2025",1995
363,1.90309011640794,"Zhong2025",1995
364,0.555874825739042,"Zhong2025",1995
365,1.61277830835249,"Zhong2025",1995
366,0.28497122201441,"Zhong2025",1995
367,47.6144217252731,"Zhong2025",1995
368,17.178016756991,"Zhong2025",1995
369,0.538298927456155,"Zhong2025",1995
370,3.71879304443038,"Zhong2025",1995
371,2.46351398841911,"Zhong2025",1995
372,0.819016405653562,"Zhong2025",1995
373,6.62080256426768,"Zhong2025",1995
374,0,"Zhong2025",1995
375,12.9522811669496,"Zhong2025",1995
376,3.06244491570526,"Zhong2025",1995
377,0.248503793222306,"Zhong2025",1995
378,0.221457780955957,"Zhong2025",1995
379,0.651545561359314,"Zhong2025",1995
380,0.0980651392734476,"Zhong2025",1995
381,10.1902744680643,"Zhong2025",1995
382,25.3250494811494,"Zhong2025",1995
383,0.49713438966392,"Zhong2025",1995
384,1.0339820102748,"Zhong2025",1995
385,12.0378584958274,"Zhong2025",1995
386,9.85157502507954,"Zhong2025",1995
387,30.1284125391926,"Zhong2025",1995
388,3.5701827670787,"Zhong2025",1995
389,3.20606958749039,"Zhong2025",1995
390,62.3656688690186,"Zhong2025",1995
391,5.23491904754487,"Zhong2025",1995
392,11.3628944720734,"Zhong2025",1995
393,5.6761315160431,"Zhong2025",1995
394,27.152622135139,"Zhong2025",1995
395,3.42992837348628,"Zhong2025",1995
396,4.69654362727249,"Zhong2025",1995
397,1.65835145842809,"Zhong2025",1995
398,35.7582902149721,"Zhong2025",1995
399,0.111386028993965,"Zhong2025",1995
400,0.186814568366076,"Zhong2025",1995
401,0.0650072536761582,"Zhong2025",1995
402,0.198916942356485,"Zhong2025",1995
403,0,"Zhong2025",1995
404,0,"Zhong2025",1995
405,6.23571151584536,"Zhong2025",1995
406,0.00716398036447225,"Zhong2025",1995
407,0.38426825369599,"Zhong2025",1995
408,0.115229546909823,"Zhong2025",1995
409,0,"Zhong2025",1995
410,0.0362912086744654,"Zhong2025",1995
411,0,"Zhong2025",1995
412,0,"Zhong2025",1995
413,0,"Zhong2025",1995
414,0,"Zhong2025",1995
415,0,"Zhong2025",1995
416,0,"Zhong2025",1995
417,0.0297986556183208,"Zhong2025",1995
418,0.197297105573208,"Zhong2025",1995
419,0.159942494008441,"Zhong2025",1995
420,0,"Zhong2025",1995
421,0.122081464968333,"Zhong2025",1995
422,0,"Zhong2025",1995
423,0,"Zhong2025",1995
424,0,"Zhong2025",1995
425,0,"Zhong2025",1995
426,0.0552485798086439,"Zhong2025",1995
427,0,"Zhong2025",1995
428,0,"Zhong2025",1995
429,0.151247652912779,"Zhong2025",1995
430,0.167922320428028,"Zhong2025",1995
431,0,"Zhong2025",1995
432,0,"Zhong2025",1995
433,0.0674073427915573,"Zhong2025",1995
434,0,"Zhong2025",1995
435,0.00590376700124433,"Zhong2025",1995
436,0.240499065405678,"Zhong2025",1995
437,3.06261030528599,"Zhong2025",1995
438,0.456944710870744,"Zhong2025",1995
439,0.881253608311974,"Zhong2025",1995
440,0.39142504354243,"Zhong2025",1995
441,13.7966970317303,"Zhong2025",1995
442,2.24848453100868,"Zhong2025",1995
443,4.3010538426991,"Zhong2025",1995
444,4.15170710198245,"Zhong2025",1995
445,5.89870048871166,"Zhong2025",1995
446,1.67459501591223,"Zhong2025",1995
447,3.79417166827959,"Zhong2025",1995
448,0.438929878760043,"Zhong2025",1995
449,5.30069236231573,"Zhong2025",1995
450,0.330162589966152,"Zhong2025",1995
451,1.35924664681166,"Zhong2025",1995
452,0.737931437175742,"Zhong2025",1995
453,0.289157157492559,"Zhong2025",1995
454,5.59894687197511,"Zhong2025",1995
455,3.9010953148152,"Zhong2025",1995
456,8.73526203632355,"Zhong2025",1995
457,5.22107544476647,"Zhong2025",1995
458,1.38138022072547,"Zhong2025",1995
459,2.87128380279472,"Zhong2025",1995
460,0.477561586404867,"Zhong2025",1995
461,4.11448795126815,"Zhong2025",1995
462,8.83175176998665,"Zhong2025",1995
463,0.890527006452807,"Zhong2025",1995
464,1.39453468378861,"Zhong2025",1995
465,0.528694557499473,"Zhong2025",1995
466,0.35582111364282,"Zhong2025",1995
467,56.1923070535427,"Zhong2025",1995
468,21.7268788141149,"Zhong2025",1995
469,8.99632805415562,"Zhong2025",1995
470,6.00292244594958,"Zhong2025",1995
471,30.7021960758028,"Zhong2025",1995
472,5.94716305904284,"Zhong2025",1995
473,6.40079759322107,"Zhong2025",1995
474,33.4786627567731,"Zhong2025",1995
475,3.29028775699144,"Zhong2025",1995
476,10.33665815106,"Zhong2025",1995
477,1.31309511197675,"Zhong2025",1995
478,14.4667246383734,"Zhong2025",1995
479,4.66742536098153,"Zhong2025",1995
480,35.0230088170369,"Zhong2025",1995
481,3.64524163939949,"Zhong2025",1995
482,30.7411216979331,"Zhong2025",1995
483,9.63515323278082,"Zhong2025",1995
484,3.65677620669206,"Zhong2025",1995
485,18.3751233255162,"Zhong2025",1995
486,53.8574981689453,"Zhong2025",1995
487,9.95683597028255,"Zhong2025",1995
488,10.3083392974658,"Zhong2025",1995
489,7.75450777004545,"Zhong2025",1995
490,18.8706032063989,"Zhong2025",1995
491,0.0529478475515475,"Zhong2025",1995
492,0.527644604623827,"Zhong2025",1995
493,0.197989162762837,"Zhong2025",1995
494,5.00926728042042,"Zhong2025",1995
495,2.24115465241188,"Zhong2025",1995
496,0.28443925866784,"Zhong2025",1995
497,3.33845594489596,"Zhong2025",1995
498,1.07565697136763,"Zhong2025",1995
499,7.23800564810841,"Zhong2025",1995
500,1.05802365204319,"Zhong2025",1995
501,6.38730711055981,"Zhong2025",1995
502,2.45703832859646,"Zhong2025",1995
503,0.994332823774853,"Zhong2025",1995
504,1.24280727459768,"Zhong2025",1995
505,3.50600399775806,"Zhong2025",1995
506,1.82331370925773,"Zhong2025",1995
507,3.76866958788039,"Zhong2025",1995
508,0,"Zhong2025",1995
509,1.60157102412208,"Zhong2025",1995
510,0.260473969123141,"Zhong2025",1995
511,0,"Zhong2025",1995
512,0.0895454318671151,"Zhong2025",1995
513,0.0660841502056221,"Zhong2025",1995
514,0.223497648667169,"Zhong2025",1995
515,4.06906857185586,"Zhong2025",1995
516,3.46283611207989,"Zhong2025",1995
517,2.32046099046874,"Zhong2025",1995
518,0,"Zhong2025",1995
519,2.23781700133857,"Zhong2025",1995
520,0.798215135365677,"Zhong2025",1995
521,0.129497205859519,"Zhong2025",1995
522,5.19287836646342,"Zhong2025",1995
523,9.28157327200166,"Zhong2025",1995
524,0.106682535800942,"Zhong2025",1995
525,0.14482891485616,"Zhong2025",1995
526,2.05114012429177,"Zhong2025",1995
527,2.40538580077136,"Zhong2025",1995
528,0,"Zhong2025",1995
529,18.9416070736979,"Zhong2025",1995
530,9.1895101674976,"Zhong2025",1995
531,4.35994030696315,"Zhong2025",1995
532,1.70892166275833,"Zhong2025",1995
533,0.829401618042646,"Zhong2025",1995
534,1.83637787372722,"Zhong2025",1995
535,0.565370640775855,"Zhong2025",1995
536,1.37871429984379,"Zhong2025",1995
537,1.70351947019678,"Zhong2025",1995
538,1.67094199333358,"Zhong2025",1995
539,1.08861957678468,"Zhong2025",1995
540,1.70237820553214,"Zhong2025",1995
541,6.62770352823825,"Zhong2025",1995
542,1.10804010646854,"Zhong2025",1995
543,2.15826173881278,"Zhong2025",1995
544,2.32091164522587,"Zhong2025",1995
545,1.19681177280479,"Zhong2025",1995
546,1.67462759077415,"Zhong2025",1995
547,1.72436672001564,"Zhong2025",1995
548,1.31290185929391,"Zhong2025",1995
549,1.14241540034992,"Zhong2025",1995
550,0.812854057167495,"Zhong2025",1995
551,2.14119003691419,"Zhong2025",1995
552,1.17408285905104,"Zhong2025",1995
553,0.628105206025084,"Zhong2025",1995
554,1.62915667513543,"Zhong2025",1995
555,0.298551730822139,"Zhong2025",1995
556,0.620200725878144,"Zhong2025",1995
557,3.44429405966973,"Zhong2025",1995
558,4.25311632875181,"Zhong2025",1995
559,2.16538077557371,"Zhong2025",1995
560,1.68621914526011,"Zhong2025",1995
561,3.12541702253098,"Zhong2025",1995
562,12.830622243934,"Zhong2025",1995
563,1.30416575335973,"Zhong2025",1995
564,1.13788255329044,"Zhong2025",1995
565,4.74146712423979,"Zhong2025",1995
566,0.89512290609859,"Zhong2025",1995
567,4.33904615401866,"Zhong2025",1995
568,0.417782440368752,"Zhong2025",1995
569,1.66577587300537,"Zhong2025",1995
570,0.247428294393238,"Zhong2025",1995
571,2.65212889835515,"Zhong2025",1995
572,0.760187936371123,"Zhong2025",1995
573,0.888570079423832,"Zhong2025",1995
574,1.45948149202374,"Zhong2025",1995
575,1.03264903801917,"Zhong2025",1995
576,3.25975630417847,"Zhong2025",1995
577,0.394262907339993,"Zhong2025",1995
578,1.89145090625066,"Zhong2025",1995
579,0.552075717289857,"Zhong2025",1995
580,3.3992396770953,"Zhong2025",1995
581,1.52057761605674,"Zhong2025",1995
582,0.353344727393564,"Zhong2025",1995
583,0.248246693160217,"Zhong2025",1995
584,0.774908882334299,"Zhong2025",1995
585,0.892685957176495,"Zhong2025",1995
586,1.05563135783498,"Zhong2025",1995
587,0.555478896217617,"Zhong2025",1995
588,0.118218874882929,"Zhong2025",1995
589,1.8773845237016,"Zhong2025",1995
590,1.15196374829697,"Zhong2025",1995
591,2.70363498053749,"Zhong2025",1995
592,0.458704248265777,"Zhong2025",1995
593,0.194658500156724,"Zhong2025",1995
594,6.10435943058696,"Zhong2025",1995
595,0.642037340603371,"Zhong2025",1995
596,0.114596638745539,"Zhong2025",1995
597,9.06471013966674,"Zhong2025",1995
598,1.01291367221045,"Zhong2025",1995
599,2.29885678681216,"Zhong2025",1995
600,1.30950662921331,"Zhong2025",1995
601,3.40896636991315,"Zhong2025",1995
602,1.43380322765499,"Zhong2025",1995
603,22.3013466324786,"Zhong2025",1995
604,2.98518990515275,"Zhong2025",1995
605,1.13009534235172,"Zhong2025",1995
606,5.42284884863942,"Zhong2025",1995
607,9.22818794548883,"Zhong2025",1995
608,17.1270335475604,"Zhong2025",1995
609,3.26241478846333,"Zhong2025",1995
610,1.90586155707364,"Zhong2025",1995
611,2.18357813331928,"Zhong2025",1995
612,0.24690932155742,"Zhong2025",1995
613,1.94841751919325,"Zhong2025",1995
614,6.0219110688347,"Zhong2025",1995
615,0.256752193537896,"Zhong2025",1995
616,3.08315067937537,"Zhong2025",1995
617,4.99064187269212,"Zhong2025",1995
618,11.3282942623706,"Zhong2025",1995
619,0.440711661652342,"Zhong2025",1995
620,7.04116240601633,"Zhong2025",1995
621,2.04030971666068,"Zhong2025",1995
622,1.72986015731941,"Zhong2025",1995
623,6.10830006499005,"Zhong2025",1995
624,4.54528765606591,"Zhong2025",1995
625,0.216550320864966,"Zhong2025",1995
626,5.43896956638361,"Zhong2025",1995
627,7.8926145134881,"Zhong2025",1995
628,11.5008191917641,"Zhong2025",1995
629,42.016335134153,"Zhong2025",1995
630,9.52051801266878,"Zhong2025",1995
631,0.779115182745168,"Zhong2025",1995
632,0.0472886873521453,"Zhong2025",1995
633,0.0273881291931487,"Zhong2025",1995
634,1.26619679401652,"Zhong2025",1995
635,0.151264594008187,"Zhong2025",1995
636,2.69138503497354,"Zhong2025",1995
637,0.220840181921682,"Zhong2025",1995
638,25.4176818868145,"Zhong2025",1995
639,1.32751316312821,"Zhong2025",1995
640,0.500154218157193,"Zhong2025",1995
641,1.11391105023149,"Zhong2025",1995
642,1.13636556484325,"Zhong2025",1995
643,0.502323149215607,"Zhong2025",1995
644,0.291318403077977,"Zhong2025",1995
645,0.969882311720041,"Zhong2025",1995
646,5.12677035845962,"Zhong2025",1995
647,0,"Zhong2025",1995
648,1.00546284558392,"Zhong2025",1995
649,5.69405956910207,"Zhong2025",1995
650,2.54495551901651,"Zhong2025",1995
651,0.00450269716402775,"Zhong2025",1995
652,2.03879696786728,"Zhong2025",1995
653,1.69337762042334,"Zhong2025",1995
654,10.2345072389259,"Zhong2025",1995
655,0.119773110424305,"Zhong2025",1995
656,0.621846628581692,"Zhong2025",1995
657,2.38992363587022,"Zhong2025",1995
658,2.94122052490711,"Zhong2025",1995
659,3.94760763366985,"Zhong2025",1995
660,0.00605313823773311,"Zhong2025",1995
661,7.79058396467759,"Zhong2025",1995
662,0,"Zhong2025",1995
663,2.36424214700237,"Zhong2025",1995
664,0.0549654407160623,"Zhong2025",1995
665,0.537774532253659,"Zhong2025",1995
666,0.761910207449429,"Zhong2025",1995
667,0,"Zhong2025",1995
668,1.39765902865169,"Zhong2025",1995
669,1.0647385944118,"Zhong2025",1995
670,0,"Zhong2025",1995
671,1.26660773594668,"Zhong2025",1995
672,12.9597709613653,"Zhong2025",1995
673,5.07887519343245,"Zhong2025",1995
674,0.486699341340116,"Zhong2025",1995
675,4.43488285828027,"Zhong2025",1995
676,1.78837733680294,"Zhong2025",1995
677,0.355746238835086,"Zhong2025",1995
678,0.949281760043016,"Zhong2025",1995
679,5.62440803716349,"Zhong2025",1995
680,3.24597803381986,"Zhong2025",1995
681,0.488760765701059,"Zhong2025",1995
682,1.53562535999114,"Zhong2025",1995
683,11.561645083768,"Zhong2025",1995
684,0.708750478507751,"Zhong2025",1995
685,1.58502537001894,"Zhong2025",1995
686,5.75514053184082,"Zhong2025",1995
687,4.52342572454464,"Zhong2025",1995
688,0.00899111592899198,"Zhong2025",1995
689,0.952999991449443,"Zhong2025",1995
690,2.74771384803092,"Zhong2025",1995
691,1.41131720925138,"Zhong2025",1995
692,18.4594265884823,"Zhong2025",1995
693,2.85815010620998,"Zhong2025",1995
694,5.379298358996,"Zhong2025",1995
695,4.25912825210641,"Zhong2025",1995
696,0,"Zhong2025",1995
697,5.53414740441437,"Zhong2025",1995
698,0.518821190813141,"Zhong2025",1995
699,0.00314627162047795,"Zhong2025",1995
700,2.22771614909138,"Zhong2025",1995
701,0.151267290584684,"Zhong2025",1995
702,2.81090696566347,"Zhong2025",1995
703,5.71911268244756,"Zhong2025",1995
704,10.6256113311854,"Zhong2025",1995
705,1.87817049232023,"Zhong2025",1995
706,26.6483455407815,"Zhong2025",1995
707,2.80813722931115,"Zhong2025",1995
708,2.21143251326349,"Zhong2025",1995
709,0.253431773095857,"Zhong2025",1995
710,6.91643695853336,"Zhong2025",1995
711,0.369668977149362,"Zhong2025",1995
712,6.89427630115892,"Zhong2025",1995
713,0,"Zhong2025",1995
714,2.09926078704799,"Zhong2025",1995
715,0.348472494963375,"Zhong2025",1995
716,0,"Zhong2025",1995
717,1.18015115690786,"Zhong2025",1995
718,2.70440573183199,"Zhong2025",1995
719,0.648502296542234,"Zhong2025",1995
720,0,"Zhong2025",1995
721,1.4858957887269,"Zhong2025",1995
722,3.40682899554006,"Zhong2025",1995
723,7.45384526433628,"Zhong2025",1995
724,0,"Zhong2025",1995
725,3.39337848032606,"Zhong2025",1995
726,0.344830771263983,"Zhong2025",1995
727,0.399211927675284,"Zhong2025",1995
728,1.93622635033998,"Zhong2025",1995
729,0.693249002144247,"Zhong2025",1995
730,5.14300897224268,"Zhong2025",1995
731,0.753162829233788,"Zhong2025",1995
732,7.20817670563147,"Zhong2025",1995
733,1.34837959127294,"Zhong2025",1995
734,0.305799652290131,"Zhong2025",1995
735,0.00187311084433035,"Zhong2025",1995
736,1.31607476047273,"Zhong2025",1995
737,2.77307690994348,"Zhong2025",1995
738,4.09535340547562,"Zhong2025",1995
739,1.76032541225979,"Zhong2025",1995
740,10.2891716718674,"Zhong2025",1995
741,0.176888750851579,"Zhong2025",1995
742,1.33906728660857,"Zhong2025",1995
743,10.9648851606581,"Zhong2025",1995
744,0.729161554679006,"Zhong2025",1995
745,8.92011970979102,"Zhong2025",1995
746,1.85178125030719,"Zhong2025",1995
747,15.0813067774003,"Zhong2025",1995
748,1.81378560530997,"Zhong2025",1995
749,0.607049462238425,"Zhong2025",1995
750,0.950240090416137,"Zhong2025",1995
751,1.25672713869803,"Zhong2025",1995
752,10.9067146069295,"Zhong2025",1995
753,0.162155094569943,"Zhong2025",1995
754,0,"Zhong2025",1995
755,4.23584357172597,"Zhong2025",1995
756,2.49500412320675,"Zhong2025",1995
757,0,"Zhong2025",1995
758,0.188106404760294,"Zhong2025",1995
759,0.0509055369653769,"Zhong2025",1995
760,0.0001947886147282,"Zhong2025",1995
761,12.945519101386,"Zhong2025",1995
762,14.6325445840525,"Zhong2025",1995
763,13.1952010620208,"Zhong2025",1995
764,10.9963054330529,"Zhong2025",1995
765,0.78166606390175,"Zhong2025",1995
766,4.13716442335863,"Zhong2025",1995
767,13.6639014471145,"Zhong2025",1995
768,0.212771912931589,"Zhong2025",1995
769,14.9586962291173,"Zhong2025",1995
770,47.1547599098899,"Zhong2025",1995
771,0.311982925603829,"Zhong2025",1995
772,8.93711888051441,"Zhong2025",1995
773,1.20330282372122,"Zhong2025",1995
774,0.957665925670559,"Zhong2025",1995
775,9.07105260648024,"Zhong2025",1995
776,8.34797410600121,"Zhong2025",1995
777,5.75458458377019,"Zhong2025",1995
778,12.4007316571726,"Zhong2025",1995
779,51.4368504023148,"Zhong2025",1995
780,5.01726624228317,"Zhong2025",1995
781,19.032578127171,"Zhong2025",1995
782,0,"Zhong2025",1995
783,29.2254076344626,"Zhong2025",1995
784,1.16160639644284,"Zhong2025",1995
785,2.96914912894869,"Zhong2025",1995
786,50.4081486253177,"Zhong2025",1995
787,6.33521836996078,"Zhong2025",1995
788,0.492298124629981,"Zhong2025",1995
789,18.2880446855412,"Zhong2025",1995
790,1.04359083931088,"Zhong2025",1995
791,1.35956091783812,"Zhong2025",1995
792,12.7914659156174,"Zhong2025",1995
793,6.33348850740327,"Zhong2025",1995
794,2.50648607437422,"Zhong2025",1995
795,7.32078433924494,"Zhong2025",1995
796,2.41343402558444,"Zhong2025",1995
797,3.36057240995509,"Zhong2025",1995
798,8.28894101327925,"Zhong2025",1995
799,1.1295466089846,"Zhong2025",1995
800,0.0706018092264333,"Zhong2025",1995
801,0.809492312879004,"Zhong2025",1995
802,1.33839808924937,"Zhong2025",1995
803,20.4308711606523,"Zhong2025",1995
804,16.8190847873688,"Zhong2025",1995
805,1.5421420341275,"Zhong2025",1995
806,0.00179592083098696,"Zhong2025",1995
807,10.3399121411789,"Zhong2025",1995
808,4.35209826631471,"Zhong2025",1995
809,0.971928719548556,"Zhong2025",1995
810,43.8222081564306,"Zhong2025",1995
811,1.7116386496595,"Zhong2025",1995
812,0.168256177180317,"Zhong2025",1995
813,6.58470056738287,"Zhong2025",1995
814,10.4854005218949,"Zhong2025",1995
815,12.0316821088394,"Zhong2025",1995
816,0.637541176751256,"Zhong2025",1995
817,4.88221663932006,"Zhong2025",1995
818,1.69071573264424,"Zhong2025",1995
819,2.98291265287153,"Zhong2025",1995
820,0,"Zhong2025",1995
821,8.37568611107968,"Zhong2025",1995
822,0.0534888630048657,"Zhong2025",1995
823,2.74399484474172,"Zhong2025",1995
824,2.74521522918052,"Zhong2025",1995
825,0.429091191698806,"Zhong2025",1995
826,2.9935187349994,"Zhong2025",1995
827,1.33649574045398,"Zhong2025",1995
828,6.36685922283393,"Zhong2025",1995
829,9.31283023173992,"Zhong2025",1995
830,17.8705329223915,"Zhong2025",1995
831,19.6105078839241,"Zhong2025",1995
832,1.71839178026511,"Zhong2025",1995
833,0,"Zhong2025",1995
834,8.76758045182815,"Zhong2025",1995
835,12.3826882819499,"Zhong2025",1995
836,7.91853134772872,"Zhong2025",1995
837,17.0740464491003,"Zhong2025",1995
838,7.20742056358094,"Zhong2025",1995
839,30.7901032334667,"Zhong2025",1995
840,10.6927850364559,"Zhong2025",1995
841,8.85744545801603,"Zhong2025",1995
842,1.57538949706367,"Zhong2025",1995
843,3.53933291485824,"Zhong2025",1995
844,7.9987066090107,"Zhong2025",1995
845,26.0045870104923,"Zhong2025",1995
846,2.64168206860329,"Zhong2025",1995
847,15.6257566346063,"Zhong2025",1995
848,35.0444536990807,"Zhong2025",1995
849,14.716997496287,"Zhong2025",1995
850,3.01372474020925,"Zhong2025",1995
851,9.15074038016702,"Zhong2025",1995
852,31.1843569819133,"Zhong2025",1995
853,0,"Zhong2025",1995
854,1.2284181227051,"Zhong2025",1995
855,10.601129540452,"Zhong2025",1995
856,13.2048017261205,"Zhong2025",1995
857,1.71854431652443,"Zhong2025",1995
858,1.32677110292248,"Zhong2025",1995
859,0.644488856870387,"Zhong2025",1995
860,6.16059733743537,"Zhong2025",1995
861,0.0398396631426294,"Zhong2025",1995
862,5.57708202083864,"Zhong2025",1995
863,12.3771759956872,"Zhong2025",1995
864,9.26152860730193,"Zhong2025",1995
865,0.0902429420128465,"Zhong2025",1995
866,13.7000679404049,"Zhong2025",1995
867,16.5956216870621,"Zhong2025",1995
868,10.813166639307,"Zhong2025",1995
869,10.8312965259123,"Zhong2025",1995
870,0.493271838172739,"Zhong2025",1995
871,0.158154013464266,"Zhong2025",1995
872,3.22648233642483,"Zhong2025",1995
873,0,"Zhong2025",1995
874,0.104725039514403,"Zhong2025",1995
875,0.421207338634234,"Zhong2025",1995
876,5.63459493986198,"Zhong2025",1995
877,0.413115627120685,"Zhong2025",1995
878,2.2857157365332,"Zhong2025",1995
879,2.7044778773405,"Zhong2025",1995
880,1.2245122863391,"Zhong2025",1995
881,0.171009433854903,"Zhong2025",1995
882,0.665221039552919,"Zhong2025",1995
883,1.10822256668453,"Zhong2025",1995
884,0.315154486357336,"Zhong2025",1995
885,0.5187496899721,"Zhong2025",1995
886,18.5348176475614,"Zhong2025",1995
887,1.08584444837705,"Zhong2025",1995
888,0.068291026283298,"Zhong2025",1995
889,5.59759648850766,"Zhong2025",1995
890,4.44830933005239,"Zhong2025",1995
891,1.09444763285092,"Zhong2025",1995
892,5.48805725637903,"Zhong2025",1995
893,2.45877887805303,"Zhong2025",1995
894,0.573497400395007,"Zhong2025",1995
895,0.454753064404862,"Zhong2025",1995
896,11.6432912070176,"Zhong2025",1995
897,2.33537206090781,"Zhong2025",1995
898,0.24618357318949,"Zhong2025",1995
899,0.0927726868126514,"Zhong2025",1995
900,0.248271669172956,"Zhong2025",1995
901,25.3534357576358,"Zhong2025",1995
902,0.0440140895036808,"Zhong2025",1995
903,0.889017627323329,"Zhong2025",1995
904,0.339218055348867,"Zhong2025",1995
905,0.439694920090529,"Zhong2025",1995
906,0.831912579593241,"Zhong2025",1995
907,0.540423354099299,"Zhong2025",1995
908,0.429111463660225,"Zhong2025",1995
909,22.2367653523023,"Zhong2025",1995
910,9.02761421009126,"Zhong2025",1995
911,3.02480950113861,"Zhong2025",1995
912,0.0879792501340286,"Zhong2025",1995
913,0.0116039633304496,"Zhong2025",1995
914,1.17198622157083,"Zhong2025",1995
915,0.0989991193690908,"Zhong2025",1995
916,0.734289367801608,"Zhong2025",1995
917,0,"Zhong2025",1995
918,0.220938339170934,"Zhong2025",1995
919,0.0249112131694953,"Zhong2025",1995
920,0.343064024018118,"Zhong2025",1995
921,4.08857039854095,"Zhong2025",1995
922,1.04510368915304,"Zhong2025",1995
923,0.0505799394825526,"Zhong2025",1995
924,0,"Zhong2025",1995
925,0.0815797068052741,"Zhong2025",1995
926,0.0873207610598358,"Zhong2025",1995
927,0.131227081455907,"Zhong2025",1995
928,0.0510884627455525,"Zhong2025",1995
929,0.0240720640816064,"Zhong2025",1995
930,3.22800626823621,"Zhong2025",1995
931,0.0874535742720508,"Zhong2025",1995
932,0.0914798601432896,"Zhong2025",1995
933,0,"Zhong2025",1995
934,0.139403572216217,"Zhong2025",1995
935,0.0280422060180105,"Zhong2025",1995
936,0,"Zhong2025",1995
937,0.00336105459799031,"Zhong2025",1995
938,0.00886817455810305,"Zhong2025",1995
939,7.96948248832782,"Zhong2025",1995
940,1.63158776830362,"Zhong2025",1995
941,0.80333925910468,"Zhong2025",1995
942,3.55738590611372,"Zhong2025",1995
943,1.51695294443145,"Zhong2025",1995
944,0.45702018432773,"Zhong2025",1995
945,0.247410183243789,"Zhong2025",1995
946,0.801824479742379,"Zhong2025",1995
947,0.258733185761152,"Zhong2025",1995
948,0.900851314627763,"Zhong2025",1995
949,0.229137664799251,"Zhong2025",1995
950,6.09017648819221,"Zhong2025",1995
951,0.099651263757823,"Zhong2025",1995
952,1.58072230543499,"Zhong2025",1995
953,3.03051523167562,"Zhong2025",1995
954,5.83866311225927,"Zhong2025",1995
955,0.175821716540758,"Zhong2025",1995
956,0.241898716142156,"Zhong2025",1995
957,0.457442164989214,"Zhong2025",1995
958,0.194898471383171,"Zhong2025",1995
959,0.712113043789735,"Zhong2025",1995
960,0.901736530320098,"Zhong2025",1995
961,1.57231256862696,"Zhong2025",1995
962,0.964421975014336,"Zhong2025",1995
963,2.9955671533479,"Zhong2025",1995
964,0.689698814651773,"Zhong2025",1995
965,15.8060536747021,"Zhong2025",1995
966,2.93493489798015,"Zhong2025",1995
967,2.75012675535876,"Zhong2025",1995
968,0.0785688080667079,"Zhong2025",1995
969,4.65577078100456,"Zhong2025",1995
970,0.283861887371303,"Zhong2025",1995
971,1.93298040260065,"Zhong2025",1995
972,0.600338319012732,"Zhong2025",1995
973,5.71962871739494,"Zhong2025",1995
974,0.910244561489147,"Zhong2025",1995
975,0.299921518657688,"Zhong2025",1995
976,0,"Zhong2025",1995
977,0.00919817787947628,"Zhong2025",1995
978,0.818285030505344,"Zhong2025",1995
979,15.0563226330037,"Zhong2025",1995
980,3.48119632994196,"Zhong2025",1995
981,8.03137050683447,"Zhong2025",1995
982,0.314717566186647,"Zhong2025",1995
983,0.845603770658593,"Zhong2025",1995
984,0.100335348149141,"Zhong2025",1995
985,1.10259237555766,"Zhong2025",1995
986,0.064152393238551,"Zhong2025",1995
987,0,"Zhong2025",1995
988,0.225841238457072,"Zhong2025",1995
989,0.47248092290368,"Zhong2025",1995
990,0.724051580111037,"Zhong2025",1995
991,0,"Zhong2025",1995
992,1.40701253196298,"Zhong2025",1995
993,0.324435823772646,"Zhong2025",1995
994,0.438617003915113,"Zhong2025",1995
995,0,"Zhong2025",1995
996,2.34787941325566,"Zhong2025",1995
997,6.66314209573071,"Zhong2025",1995
998,0.415037148265131,"Zhong2025",1995
999,1.26002163584194,"Zhong2025",1995
1000,9.52701314555327,"Zhong2025",1995
1001,0,"Zhong2025",1995
1002,2.73557275046169,"Zhong2025",1995
1003,0,"Zhong2025",1995
1004,0.748424293384468,"Zhong2025",1995
1005,0.000688725684975979,"Zhong2025",1995
1006,0,"Zhong2025",1995
1007,0.185611522635347,"Zhong2025",1995
1008,7.79736276110117,"Zhong2025",1995
1009,0.653157325692001,"Zhong2025",1995
1010,0.0306283455403125,"Zhong2025",1995
1011,0.202240098039814,"Zhong2025",1995
1012,1.66614287108597,"Zhong2025",1995
1013,0.636071677944239,"Zhong2025",1995
1014,1.43954734490834,"Zhong2025",1995
1015,0.476607557398161,"Zhong2025",1995
1016,2.6654030471288,"Zhong2025",1995
1017,1.18552599700652,"Zhong2025",1995
1018,0.15604012808221,"Zhong2025",1995
1019,0.179164340070316,"Zhong2025",1995
1020,0.0810522740250951,"Zhong2025",1995
1021,0.148620663090818,"Zhong2025",1995
1022,6.6035591668309,"Zhong2025",1995
1023,1.41076228103526,"Zhong2025",1995
1024,0,"Zhong2025",1995
1025,9.73012660777774,"Zhong2025",1995
1026,0.546773296758169,"Zhong2025",1995
1027,0.191779389245571,"Zhong2025",1995
1028,0.164233625171677,"Zhong2025",1995
1029,0.237629928920842,"Zhong2025",1995
1030,0.905274446806963,"Zhong2025",1995
1031,0,"Zhong2025",1995
1032,2.33562387593768,"Zhong2025",1995
1033,0.870382288754997,"Zhong2025",1995
1034,1.64175460961732,"Zhong2025",1995
1035,7.22870769142582,"Zhong2025",1995
1036,1.96125475782201,"Zhong2025",1995
1037,0.154061465466363,"Zhong2025",1995
1038,0.730233724711526,"Zhong2025",1995
1039,0.763705838857026,"Zhong2025",1995
1040,0,"Zhong2025",1995
1041,1.61108044108035,"Zhong2025",1995
1042,0,"Zhong2025",1995
1043,0,"Zhong2025",1995
1044,0.613435223082866,"Zhong2025",1995
1045,0,"Zhong2025",1995
1046,0.40582965944822,"Zhong2025",1995
1047,0.144137187736398,"Zhong2025",1995
1048,0,"Zhong2025",1995
1049,0.0103732960272505,"Zhong2025",1995
1050,0.264463729328579,"Zhong2025",1995
1051,0,"Zhong2025",1995
1052,0.0694490222024246,"Zhong2025",1995
1053,1.30755316631191,"Zhong2025",1995
1054,7.36817306466401,"Zhong2025",1995
1055,0.313494321957813,"Zhong2025",1995
1056,0.635869300270334,"Zhong2025",1995
1057,9.96098202579581,"Zhong2025",1995
1058,34.642657097255,"Zhong2025",1995
1059,0.155532373159144,"Zhong2025",1995
1060,0,"Zhong2025",1995
1061,8.33162772523065,"Zhong2025",1995
1062,36.3009036670371,"Zhong2025",1995
1063,9.70110751997934,"Zhong2025",1995
1064,0.279401932186626,"Zhong2025",1995
1065,2.00086447091716,"Zhong2025",1995
1066,1.07470972288267,"Zhong2025",1995
1067,0.0169892643437241,"Zhong2025",1995
1068,1.52286052951537,"Zhong2025",1995
1069,0.0411075100964196,"Zhong2025",1995
1070,1.19413465110141,"Zhong2025",1995
1071,7.9094667025828,"Zhong2025",1995
1072,1.42568267799086,"Zhong2025",1995
1073,0.418841437721188,"Zhong2025",1995
1074,4.71034986438059,"Zhong2025",1995
1075,0.606197347757243,"Zhong2025",1995
1076,0.585365890760288,"Zhong2025",1995
1077,0.300036501765029,"Zhong2025",1995
1078,16.0115409332773,"Zhong2025",1995
1079,2.85952485001873,"Zhong2025",1995
1080,18.7464214680242,"Zhong2025",1995
1081,6.37141846728157,"Zhong2025",1995
1082,6.51643590542621,"Zhong2025",1995
1083,0.561601484619212,"Zhong2025",1995
1084,3.96641635017372,"Zhong2025",1995
1085,4.07263807196889,"Zhong2025",1995
1086,3.62018757054072,"Zhong2025",1995
1087,6.71036207836633,"Zhong2025",1995
1088,13.5317062744256,"Zhong2025",1995
1089,0,"Zhong2025",1995
1090,0.489305221426971,"Zhong2025",1995
1091,0.412270284440166,"Zhong2025",1995
1092,4.97944244784369,"Zhong2025",1995
1093,4.93066869445451,"Zhong2025",1995
1094,0.0797660317282099,"Zhong2025",1995
1095,2.03799653258133,"Zhong2025",1995
1096,5.8098053063837,"Zhong2025",1995
1097,0.01635346390486,"Zhong2025",1995
1098,0,"Zhong2025",1995
1099,0.506917968397191,"Zhong2025",1995
1100,6.54544530038971,"Zhong2025",1995
1101,0.371842036792192,"Zhong2025",1995
1102,2.98763679377222,"Zhong2025",1995
1103,0.0703898095087723,"Zhong2025",1995
1104,4.09465557943102,"Zhong2025",1995
1105,0.648614855304074,"Zhong2025",1995
1106,2.65590125000603,"Zhong2025",1995
1107,1.0222006208167,"Zhong2025",1995
1108,0.552772777193847,"Zhong2025",1995
1109,2.87078596684306,"Zhong2025",1995
1110,1.73216662808681,"Zhong2025",1995
1111,3.51969470131058,"Zhong2025",1995
1112,25.5649392233955,"Zhong2025",1995
1113,32.4129268138028,"Zhong2025",1995
1114,53.0820425578526,"Zhong2025",1995
1115,28.3885297356071,"Zhong2025",1995
1116,39.0701785551763,"Zhong2025",1995
1117,17.9173295511649,"Zhong2025",1995
1118,28.6164914286963,"Zhong2025",1995
1119,1.41753340473003,"Zhong2025",1995
1120,6.24282720736389,"Zhong2025",1995
1121,51.5464688539505,"Zhong2025",1995
1122,49.8019263618871,"Zhong2025",1995
1,1.00525517207546,"Zhong2025",1996
2,0,"Zhong2025",1996
3,0.092037491478719,"Zhong2025",1996
4,0.327281754202177,"Zhong2025",1996
5,0.134301015860101,"Zhong2025",1996
6,0.0290739748944349,"Zhong2025",1996
7,0.0327446380766427,"Zhong2025",1996
8,0.038120019692378,"Zhong2025",1996
9,0,"Zhong2025",1996
10,0.0409232577889837,"Zhong2025",1996
11,0.01346315630909,"Zhong2025",1996
12,0.0117462990278443,"Zhong2025",1996
13,0,"Zhong2025",1996
14,0.0329402815588044,"Zhong2025",1996
15,0.342676497252544,"Zhong2025",1996
16,0.0576127688085435,"Zhong2025",1996
17,12.400308905649,"Zhong2025",1996
18,0.501821597782715,"Zhong2025",1996
19,0.0362929877303441,"Zhong2025",1996
20,0.205994011049538,"Zhong2025",1996
21,0.509634055259849,"Zhong2025",1996
22,1.81675228917092,"Zhong2025",1996
23,2.66174074355999,"Zhong2025",1996
24,2.31068967882868,"Zhong2025",1996
25,3.03489403876786,"Zhong2025",1996
26,2.7915210839557,"Zhong2025",1996
27,1.24315382565482,"Zhong2025",1996
28,10.8914391669897,"Zhong2025",1996
29,0.0962669522034839,"Zhong2025",1996
30,0,"Zhong2025",1996
31,0.421066936003891,"Zhong2025",1996
32,0.0465292380481015,"Zhong2025",1996
33,0.404609352152027,"Zhong2025",1996
34,8.53007941984283,"Zhong2025",1996
35,0.745364175237408,"Zhong2025",1996
36,8.39806289769508,"Zhong2025",1996
37,0.0738735202638176,"Zhong2025",1996
38,0.678613463367245,"Zhong2025",1996
39,0.450276841211458,"Zhong2025",1996
40,13.3887120385703,"Zhong2025",1996
41,17.7354256613501,"Zhong2025",1996
42,0.369522857911071,"Zhong2025",1996
43,0.887646551189814,"Zhong2025",1996
44,0,"Zhong2025",1996
45,7.22487310083138,"Zhong2025",1996
46,0,"Zhong2025",1996
47,1.41091889297689,"Zhong2025",1996
48,0.867586342550698,"Zhong2025",1996
49,1.96740248391531,"Zhong2025",1996
50,0,"Zhong2025",1996
51,7.35111464128163,"Zhong2025",1996
52,0.187732941469232,"Zhong2025",1996
53,0.692402735958754,"Zhong2025",1996
54,0.209379631769803,"Zhong2025",1996
55,0.0143855139167842,"Zhong2025",1996
56,0,"Zhong2025",1996
57,0,"Zhong2025",1996
58,13.0184335254488,"Zhong2025",1996
59,38.2211326924145,"Zhong2025",1996
60,11.0292237132531,"Zhong2025",1996
61,5.81832313061715,"Zhong2025",1996
62,3.4370482103605,"Zhong2025",1996
63,5.77159415323585,"Zhong2025",1996
64,4.95786969694826,"Zhong2025",1996
65,7.77040081144979,"Zhong2025",1996
66,2.94405314290337,"Zhong2025",1996
67,24.7104874336218,"Zhong2025",1996
68,16.747828827332,"Zhong2025",1996
69,2.02517685275047,"Zhong2025",1996
70,1.4519912221945,"Zhong2025",1996
71,8.55909458886493,"Zhong2025",1996
72,3.414763050275,"Zhong2025",1996
73,6.08922957276788,"Zhong2025",1996
74,5.18108053701628,"Zhong2025",1996
75,12.3640399526147,"Zhong2025",1996
76,11.824277973175,"Zhong2025",1996
77,6.86993171579458,"Zhong2025",1996
78,16.3090052869931,"Zhong2025",1996
79,7.73734066280867,"Zhong2025",1996
80,9.15189932062201,"Zhong2025",1996
81,5.36385185212863,"Zhong2025",1996
82,10.764021393995,"Zhong2025",1996
83,7.24483288894407,"Zhong2025",1996
84,3.2833241346957,"Zhong2025",1996
85,6.85733975246749,"Zhong2025",1996
86,3.65827201283899,"Zhong2025",1996
87,5.02716834861159,"Zhong2025",1996
88,11.9509652376175,"Zhong2025",1996
89,2.46887368079767,"Zhong2025",1996
90,8.4676440743839,"Zhong2025",1996
91,7.55026669730568,"Zhong2025",1996
92,31.9081827792801,"Zhong2025",1996
93,7.13725509254886,"Zhong2025",1996
94,4.24175891697929,"Zhong2025",1996
95,14.0073714181194,"Zhong2025",1996
96,10.2450248140209,"Zhong2025",1996
97,9.59930186874348,"Zhong2025",1996
98,1.31611039532109,"Zhong2025",1996
99,6.25201245742943,"Zhong2025",1996
100,1.04404344029355,"Zhong2025",1996
101,0.970922103604016,"Zhong2025",1996
102,3.85044712452766,"Zhong2025",1996
103,1.6022172455524,"Zhong2025",1996
104,5.29672953366029,"Zhong2025",1996
105,0.368189754394385,"Zhong2025",1996
106,2.80228551159421,"Zhong2025",1996
107,0.750174024179157,"Zhong2025",1996
108,0.702613175219242,"Zhong2025",1996
109,0.16584252400078,"Zhong2025",1996
110,1.25652232157675,"Zhong2025",1996
111,0.53866462887634,"Zhong2025",1996
112,0.0443540337893529,"Zhong2025",1996
113,0.0176375306121888,"Zhong2025",1996
114,5.75157267681899,"Zhong2025",1996
115,0.0420606387039972,"Zhong2025",1996
116,0.247733751269242,"Zhong2025",1996
117,0.697700598063629,"Zhong2025",1996
118,2.98559897755799,"Zhong2025",1996
119,0.628050182852894,"Zhong2025",1996
120,0.712463077484516,"Zhong2025",1996
121,0.609244891293141,"Zhong2025",1996
122,0.0441820493218958,"Zhong2025",1996
123,5.71911506146631,"Zhong2025",1996
124,0.819558211969781,"Zhong2025",1996
125,2.64358016283762,"Zhong2025",1996
126,3.2303122235669,"Zhong2025",1996
127,1.10152280764489,"Zhong2025",1996
128,6.1022898173486,"Zhong2025",1996
129,3.38989995381771,"Zhong2025",1996
130,5.40178351770056,"Zhong2025",1996
131,10.846380609577,"Zhong2025",1996
132,2.97406992367277,"Zhong2025",1996
133,3.65899462661436,"Zhong2025",1996
134,2.52473749123876,"Zhong2025",1996
135,0.569095442754246,"Zhong2025",1996
136,5.03126959177473,"Zhong2025",1996
137,5.4070751285553,"Zhong2025",1996
138,1.49242057373317,"Zhong2025",1996
139,2.12195301321564,"Zhong2025",1996
140,1.62816226173223,"Zhong2025",1996
141,1.95167135904756,"Zhong2025",1996
142,3.4154687102059,"Zhong2025",1996
143,0,"Zhong2025",1996
144,0.032218399756682,"Zhong2025",1996
145,5.53217780853932,"Zhong2025",1996
146,1.72541594442788,"Zhong2025",1996
147,2.6334238678008,"Zhong2025",1996
148,0.0486004607764637,"Zhong2025",1996
149,1.78526031046334,"Zhong2025",1996
150,2.99960202137972,"Zhong2025",1996
151,0.854469182480371,"Zhong2025",1996
152,0.422109489783573,"Zhong2025",1996
153,3.15284989765304,"Zhong2025",1996
154,4.74908209266762,"Zhong2025",1996
155,2.70780884235913,"Zhong2025",1996
156,0,"Zhong2025",1996
157,6.5277258336544,"Zhong2025",1996
158,0.348084501659169,"Zhong2025",1996
159,2.53887686861315,"Zhong2025",1996
160,1.60667638926339,"Zhong2025",1996
161,0.604167626744232,"Zhong2025",1996
162,0,"Zhong2025",1996
163,0.0927886114995484,"Zhong2025",1996
164,0.191159431826194,"Zhong2025",1996
165,0.0517725353799723,"Zhong2025",1996
166,0.0428298421197895,"Zhong2025",1996
167,0.0453573556360979,"Zhong2025",1996
168,0,"Zhong2025",1996
169,0,"Zhong2025",1996
170,0,"Zhong2025",1996
171,0,"Zhong2025",1996
172,0,"Zhong2025",1996
173,0,"Zhong2025",1996
174,0,"Zhong2025",1996
175,0,"Zhong2025",1996
176,0.000406070930165652,"Zhong2025",1996
177,0.0235940717981258,"Zhong2025",1996
178,0,"Zhong2025",1996
179,0,"Zhong2025",1996
180,0.0155124088246239,"Zhong2025",1996
181,0.00100251699180112,"Zhong2025",1996
182,0,"Zhong2025",1996
183,0,"Zhong2025",1996
184,0,"Zhong2025",1996
185,0,"Zhong2025",1996
186,0.0100789185208392,"Zhong2025",1996
187,0.128582783116077,"Zhong2025",1996
188,0.00417677080809533,"Zhong2025",1996
189,0.00089149648213288,"Zhong2025",1996
190,3.91748180082747,"Zhong2025",1996
191,6.29105835784202,"Zhong2025",1996
192,0.00440485875417547,"Zhong2025",1996
193,0,"Zhong2025",1996
194,0.578196906032236,"Zhong2025",1996
195,1.84479395912398,"Zhong2025",1996
196,0.0838116389177418,"Zhong2025",1996
197,0.0736626536094445,"Zhong2025",1996
198,0.189785779095261,"Zhong2025",1996
199,0,"Zhong2025",1996
200,0.539160881734396,"Zhong2025",1996
201,0,"Zhong2025",1996
202,0.437655126180566,"Zhong2025",1996
203,0.0355292373314136,"Zhong2025",1996
204,4.12833780736171,"Zhong2025",1996
205,0.332904993967704,"Zhong2025",1996
206,1.02892069859481,"Zhong2025",1996
207,0.0291310125032994,"Zhong2025",1996
208,0.088055346002866,"Zhong2025",1996
209,0.135479665878171,"Zhong2025",1996
210,0,"Zhong2025",1996
211,0,"Zhong2025",1996
212,0,"Zhong2025",1996
213,0,"Zhong2025",1996
214,0,"Zhong2025",1996
215,0,"Zhong2025",1996
216,0,"Zhong2025",1996
217,0.00393465317781027,"Zhong2025",1996
218,0,"Zhong2025",1996
219,0,"Zhong2025",1996
220,0.011109097087372,"Zhong2025",1996
221,0,"Zhong2025",1996
222,0,"Zhong2025",1996
223,0,"Zhong2025",1996
224,0,"Zhong2025",1996
225,0,"Zhong2025",1996
226,0.0360513884382351,"Zhong2025",1996
227,0.00151166517127759,"Zhong2025",1996
228,0.00366017995455885,"Zhong2025",1996
229,0.0035344685261924,"Zhong2025",1996
230,18.0959190556164,"Zhong2025",1996
231,2.60607758171405,"Zhong2025",1996
232,4.3643350669585,"Zhong2025",1996
233,0.013171313881722,"Zhong2025",1996
234,5.16721873722578,"Zhong2025",1996
235,9.87495172686047,"Zhong2025",1996
236,4.32736201232183,"Zhong2025",1996
237,4.20396076333058,"Zhong2025",1996
238,4.51409268422887,"Zhong2025",1996
239,3.60534815174887,"Zhong2025",1996
240,15.5178164766546,"Zhong2025",1996
241,8.9444448099298,"Zhong2025",1996
242,2.75879744002596,"Zhong2025",1996
243,9.87596170412975,"Zhong2025",1996
244,0.430647730097479,"Zhong2025",1996
245,10.2188869398883,"Zhong2025",1996
246,5.30463661786639,"Zhong2025",1996
247,0.408868774797076,"Zhong2025",1996
248,11.045823039487,"Zhong2025",1996
249,8.66574670987971,"Zhong2025",1996
250,0.344289646861173,"Zhong2025",1996
251,1.98160729820505,"Zhong2025",1996
252,10.0591393035391,"Zhong2025",1996
253,1.67619721771706,"Zhong2025",1996
254,16.3691177246934,"Zhong2025",1996
255,2.26569292845541,"Zhong2025",1996
256,5.52654096154675,"Zhong2025",1996
257,32.860795769265,"Zhong2025",1996
258,7.70206203017124,"Zhong2025",1996
259,15.5677015108972,"Zhong2025",1996
260,28.0982164442539,"Zhong2025",1996
261,3.65806365589942,"Zhong2025",1996
262,12.3065304830011,"Zhong2025",1996
263,1.19805102933114,"Zhong2025",1996
264,15.6453723959301,"Zhong2025",1996
265,12.2090861495537,"Zhong2025",1996
266,1.59669789133164,"Zhong2025",1996
267,16.0480339708705,"Zhong2025",1996
268,3.65810292155526,"Zhong2025",1996
269,21.8925701314276,"Zhong2025",1996
270,4.25211687048356,"Zhong2025",1996
271,11.2659365071191,"Zhong2025",1996
272,8.64505228265486,"Zhong2025",1996
273,46.764845556683,"Zhong2025",1996
274,7.74136240557532,"Zhong2025",1996
275,6.91120818963985,"Zhong2025",1996
276,15.0065812223098,"Zhong2025",1996
277,11.6972383291293,"Zhong2025",1996
278,0.568269632813249,"Zhong2025",1996
279,0.258296189166966,"Zhong2025",1996
280,9.99805014215667,"Zhong2025",1996
281,6.62741385374407,"Zhong2025",1996
282,5.39268522775999,"Zhong2025",1996
283,46.6311373242203,"Zhong2025",1996
284,6.84848103963262,"Zhong2025",1996
285,0.000675713501605891,"Zhong2025",1996
286,0.313119430979093,"Zhong2025",1996
287,0.350722027368622,"Zhong2025",1996
288,1.07888648223691,"Zhong2025",1996
289,2.95923237269744,"Zhong2025",1996
290,37.8063395615596,"Zhong2025",1996
291,0.275410478201605,"Zhong2025",1996
292,17.4472795987184,"Zhong2025",1996
293,4.6693893069875,"Zhong2025",1996
294,0.733496968896361,"Zhong2025",1996
295,0.306226820899174,"Zhong2025",1996
296,0.210506994357767,"Zhong2025",1996
297,2.09158735224248,"Zhong2025",1996
298,0.352828089739102,"Zhong2025",1996
299,0.981513334620817,"Zhong2025",1996
300,15.2239146288703,"Zhong2025",1996
301,3.732295918274,"Zhong2025",1996
302,0.78402503886052,"Zhong2025",1996
303,21.145589182112,"Zhong2025",1996
304,1.18429952281514,"Zhong2025",1996
305,0.0746780637586222,"Zhong2025",1996
306,2.37321391059383,"Zhong2025",1996
307,1.0506061428583,"Zhong2025",1996
308,1.55066408209733,"Zhong2025",1996
309,0.597877012342109,"Zhong2025",1996
310,2.45909083355218,"Zhong2025",1996
311,0.570707591139099,"Zhong2025",1996
312,7.02592095597337,"Zhong2025",1996
313,0.760812106031673,"Zhong2025",1996
314,5.41353479594882,"Zhong2025",1996
315,0.186270550902764,"Zhong2025",1996
316,0.33715742089631,"Zhong2025",1996
317,1.02700424601759,"Zhong2025",1996
318,0.364047095648774,"Zhong2025",1996
319,6.54363091333907,"Zhong2025",1996
320,2.83640528732538,"Zhong2025",1996
321,0.428297950935409,"Zhong2025",1996
322,6.354969088199,"Zhong2025",1996
323,5.25470507288292,"Zhong2025",1996
324,1.25124950666932,"Zhong2025",1996
325,0.541623061814913,"Zhong2025",1996
326,17.9151968580953,"Zhong2025",1996
327,3.38170170900829,"Zhong2025",1996
328,1.33835599743704,"Zhong2025",1996
329,9.51879012767334,"Zhong2025",1996
330,0.46577005148536,"Zhong2025",1996
331,8.22350952285859,"Zhong2025",1996
332,41.4564452528954,"Zhong2025",1996
333,1.37647882325109,"Zhong2025",1996
334,0.447536887752655,"Zhong2025",1996
335,5.78173748517491,"Zhong2025",1996
336,7.25967738664095,"Zhong2025",1996
337,44.2341481251503,"Zhong2025",1996
338,3.61447102935359,"Zhong2025",1996
339,2.02588079979431,"Zhong2025",1996
340,4.68553495658125,"Zhong2025",1996
341,9.14629321793715,"Zhong2025",1996
342,1.41107500560552,"Zhong2025",1996
343,1.42916309484836,"Zhong2025",1996
344,1.91749510321333,"Zhong2025",1996
345,9.6284835631402,"Zhong2025",1996
346,3.49559673651207,"Zhong2025",1996
347,3.85510292009573,"Zhong2025",1996
348,0.731808148438863,"Zhong2025",1996
349,0.503441465396055,"Zhong2025",1996
350,0.517230417728165,"Zhong2025",1996
351,20.561670752934,"Zhong2025",1996
352,0,"Zhong2025",1996
353,9.01840889050824,"Zhong2025",1996
354,1.24417998199612,"Zhong2025",1996
355,4.71959490071515,"Zhong2025",1996
356,0.560942740451173,"Zhong2025",1996
357,9.78695415834814,"Zhong2025",1996
358,0.605413425498538,"Zhong2025",1996
359,0.363688994199038,"Zhong2025",1996
360,0.932310732288493,"Zhong2025",1996
361,10.3934634943683,"Zhong2025",1996
362,0.365157055318671,"Zhong2025",1996
363,1.99145875592653,"Zhong2025",1996
364,0.55973208941871,"Zhong2025",1996
365,1.72270994951002,"Zhong2025",1996
366,0.291920461067696,"Zhong2025",1996
367,47.9625306221155,"Zhong2025",1996
368,17.4397316148309,"Zhong2025",1996
369,0.544923235261375,"Zhong2025",1996
370,3.83314459338397,"Zhong2025",1996
371,2.52556430027938,"Zhong2025",1996
372,0.869645785275828,"Zhong2025",1996
373,6.62080256426768,"Zhong2025",1996
374,0,"Zhong2025",1996
375,13.1038969154319,"Zhong2025",1996
376,3.13300145732032,"Zhong2025",1996
377,0.242210698331831,"Zhong2025",1996
378,0.226277149064501,"Zhong2025",1996
379,0.715084329565351,"Zhong2025",1996
380,0.0823512801900506,"Zhong2025",1996
381,10.2138094976544,"Zhong2025",1996
382,25.4151032092208,"Zhong2025",1996
383,0.506571451418194,"Zhong2025",1996
384,1.18011937195678,"Zhong2025",1996
385,12.3148182493381,"Zhong2025",1996
386,9.89467268711642,"Zhong2025",1996
387,30.6263109134776,"Zhong2025",1996
388,3.70530154162617,"Zhong2025",1996
389,3.32870010527826,"Zhong2025",1996
390,62.8271778106689,"Zhong2025",1996
391,5.23491904754487,"Zhong2025",1996
392,11.4460690849084,"Zhong2025",1996
393,6.24782768205542,"Zhong2025",1996
394,27.6874807685431,"Zhong2025",1996
395,3.78126808859053,"Zhong2025",1996
396,4.74818265606083,"Zhong2025",1996
397,2.19982027554832,"Zhong2025",1996
398,36.1286221959374,"Zhong2025",1996
399,0.113296000402115,"Zhong2025",1996
400,0.191766739475205,"Zhong2025",1996
401,0.0687467774673352,"Zhong2025",1996
402,0.198828436859977,"Zhong2025",1996
403,0,"Zhong2025",1996
404,0,"Zhong2025",1996
405,5.92173225401369,"Zhong2025",1996
406,0.006650434085964,"Zhong2025",1996
407,0.39717504489522,"Zhong2025",1996
408,0.109961347448475,"Zhong2025",1996
409,0,"Zhong2025",1996
410,0.0354901215069974,"Zhong2025",1996
411,0,"Zhong2025",1996
412,0.0154366567413858,"Zhong2025",1996
413,0,"Zhong2025",1996
414,0,"Zhong2025",1996
415,0,"Zhong2025",1996
416,0,"Zhong2025",1996
417,0.0297986556183208,"Zhong2025",1996
418,0.201670689289628,"Zhong2025",1996
419,0.149738865721687,"Zhong2025",1996
420,0,"Zhong2025",1996
421,0.132161511931485,"Zhong2025",1996
422,0,"Zhong2025",1996
423,0,"Zhong2025",1996
424,0,"Zhong2025",1996
425,0,"Zhong2025",1996
426,0.0622580677141875,"Zhong2025",1996
427,0,"Zhong2025",1996
428,0,"Zhong2025",1996
429,0.178370447430227,"Zhong2025",1996
430,0.20400661567089,"Zhong2025",1996
431,0,"Zhong2025",1996
432,0,"Zhong2025",1996
433,0.0660317778784708,"Zhong2025",1996
434,0,"Zhong2025",1996
435,0.00590376700124433,"Zhong2025",1996
436,0.239565555528104,"Zhong2025",1996
437,3.16756704941783,"Zhong2025",1996
438,0.455748832476483,"Zhong2025",1996
439,0.863637687004892,"Zhong2025",1996
440,0.416752975907018,"Zhong2025",1996
441,14.0230268899375,"Zhong2025",1996
442,2.14573833206939,"Zhong2025",1996
443,4.35430260378513,"Zhong2025",1996
444,4.14354845023972,"Zhong2025",1996
445,6.1740381414953,"Zhong2025",1996
446,1.84520144886807,"Zhong2025",1996
447,3.87530818804125,"Zhong2025",1996
448,0.770022521262329,"Zhong2025",1996
449,4.7482052793557,"Zhong2025",1996
450,0.379109428053902,"Zhong2025",1996
451,1.45805125758994,"Zhong2025",1996
452,0.742311912976047,"Zhong2025",1996
453,0.280510765585809,"Zhong2025",1996
454,5.90627557942496,"Zhong2025",1996
455,3.7822483629791,"Zhong2025",1996
456,8.96781525395133,"Zhong2025",1996
457,5.75603929455851,"Zhong2025",1996
458,1.37751116096375,"Zhong2025",1996
459,2.90841797733006,"Zhong2025",1996
460,0.48651225409349,"Zhong2025",1996
461,4.12518954618156,"Zhong2025",1996
462,9.26311175987638,"Zhong2025",1996
463,0.851235476754529,"Zhong2025",1996
464,1.44869553575478,"Zhong2025",1996
465,0.532297986503207,"Zhong2025",1996
466,0.391098420272678,"Zhong2025",1996
467,56.4547010514794,"Zhong2025",1996
468,22.1616503628156,"Zhong2025",1996
469,9.00205903422265,"Zhong2025",1996
470,5.67851416859776,"Zhong2025",1996
471,30.9374726885841,"Zhong2025",1996
472,6.29151333245332,"Zhong2025",1996
473,6.67721581167231,"Zhong2025",1996
474,34.4376576130207,"Zhong2025",1996
475,3.17026246037318,"Zhong2025",1996
476,11.4941976111838,"Zhong2025",1996
477,1.38716683163544,"Zhong2025",1996
478,14.9126010796963,"Zhong2025",1996
479,4.43706882623661,"Zhong2025",1996
480,36.7207570266724,"Zhong2025",1996
481,3.69206832617299,"Zhong2025",1996
482,31.6102561544865,"Zhong2025",1996
483,9.60896587186002,"Zhong2025",1996
484,3.54858207007249,"Zhong2025",1996
485,19.2133772022584,"Zhong2025",1996
486,54.4358238807091,"Zhong2025",1996
487,10.0943814106286,"Zhong2025",1996
488,10.7574224741031,"Zhong2025",1996
489,7.84926815044421,"Zhong2025",1996
490,19.1077199871035,"Zhong2025",1996
491,0.0550289268190768,"Zhong2025",1996
492,0.563469984331486,"Zhong2025",1996
493,0.148183968931881,"Zhong2025",1996
494,4.88755977723118,"Zhong2025",1996
495,1.82029789029971,"Zhong2025",1996
496,0.28303901093105,"Zhong2025",1996
497,3.36928239060614,"Zhong2025",1996
498,1.05566961646885,"Zhong2025",1996
499,7.40770869381312,"Zhong2025",1996
500,0.98056560963973,"Zhong2025",1996
501,6.73620655166579,"Zhong2025",1996
502,2.32804518246152,"Zhong2025",1996
503,0.865413930476586,"Zhong2025",1996
504,1.30990601811818,"Zhong2025",1996
505,3.25485639043192,"Zhong2025",1996
506,1.78440520433897,"Zhong2025",1996
507,3.77447543243059,"Zhong2025",1996
508,0,"Zhong2025",1996
509,1.66090197895205,"Zhong2025",1996
510,0.278304667557989,"Zhong2025",1996
511,0,"Zhong2025",1996
512,0.0576099930817707,"Zhong2025",1996
513,0.0660841502056221,"Zhong2025",1996
514,0.241627127298839,"Zhong2025",1996
515,4.25180009215377,"Zhong2025",1996
516,3.44558315222702,"Zhong2025",1996
517,2.34062074150914,"Zhong2025",1996
518,0.043195651457382,"Zhong2025",1996
519,2.12387903174736,"Zhong2025",1996
520,0.764603107694094,"Zhong2025",1996
521,0.132355226243096,"Zhong2025",1996
522,5.27380820462552,"Zhong2025",1996
523,9.06587058248604,"Zhong2025",1996
524,0.128067000728836,"Zhong2025",1996
525,0.17974749636034,"Zhong2025",1996
526,2.2006373689095,"Zhong2025",1996
527,2.30868230089122,"Zhong2025",1996
528,0,"Zhong2025",1996
529,19.4080558928181,"Zhong2025",1996
530,9.39833204370381,"Zhong2025",1996
531,4.57399504609104,"Zhong2025",1996
532,1.48185965532924,"Zhong2025",1996
533,0.874342592100284,"Zhong2025",1996
534,1.89258827717724,"Zhong2025",1996
535,0.539963779376652,"Zhong2025",1996
536,1.58288053718894,"Zhong2025",1996
537,1.65691184378984,"Zhong2025",1996
538,1.7085620175258,"Zhong2025",1996
539,1.19434102126701,"Zhong2025",1996
540,1.76289730039975,"Zhong2025",1996
541,6.98827143900002,"Zhong2025",1996
542,1.13563531762684,"Zhong2025",1996
543,2.20739254756759,"Zhong2025",1996
544,2.46992803875306,"Zhong2025",1996
545,1.19444545781748,"Zhong2025",1996
546,1.74695839458918,"Zhong2025",1996
547,1.78101311711251,"Zhong2025",1996
548,1.66042013064976,"Zhong2025",1996
549,1.1885375255625,"Zhong2025",1996
550,0.835749813173403,"Zhong2025",1996
551,2.20439816274991,"Zhong2025",1996
552,1.18668414070333,"Zhong2025",1996
553,0.624549820144075,"Zhong2025",1996
554,1.68563131359324,"Zhong2025",1996
555,0.29295141608015,"Zhong2025",1996
556,0.622325008205719,"Zhong2025",1996
557,3.50085267212371,"Zhong2025",1996
558,4.79180374097753,"Zhong2025",1996
559,2.25251237255713,"Zhong2025",1996
560,1.85498689476663,"Zhong2025",1996
561,3.27572443275031,"Zhong2025",1996
562,13.5044601678321,"Zhong2025",1996
563,1.20169587103096,"Zhong2025",1996
564,1.27860607285949,"Zhong2025",1996
565,4.95944067728605,"Zhong2025",1996
566,0.950975656338704,"Zhong2025",1996
567,4.3407598366713,"Zhong2025",1996
568,0.423679797381208,"Zhong2025",1996
569,1.70979456467554,"Zhong2025",1996
570,0.267591006796416,"Zhong2025",1996
571,2.67175561304991,"Zhong2025",1996
572,0.824305383542147,"Zhong2025",1996
573,0.819460082408229,"Zhong2025",1996
574,1.44943174965322,"Zhong2025",1996
575,1.0534172484611,"Zhong2025",1996
576,2.96743638826514,"Zhong2025",1996
577,0.361040049391869,"Zhong2025",1996
578,1.80936980648201,"Zhong2025",1996
579,0.507887336743266,"Zhong2025",1996
580,3.49703311030534,"Zhong2025",1996
581,1.35472905313991,"Zhong2025",1996
582,0.329871208994151,"Zhong2025",1996
583,0.240274430539375,"Zhong2025",1996
584,0.800304227876653,"Zhong2025",1996
585,0.885443565537937,"Zhong2025",1996
586,1.14044378941051,"Zhong2025",1996
587,0.537716857398885,"Zhong2025",1996
588,0.117440786930282,"Zhong2025",1996
589,2.11520970534554,"Zhong2025",1996
590,1.16547195746199,"Zhong2025",1996
591,2.71406732386165,"Zhong2025",1996
592,0.452161105421361,"Zhong2025",1996
593,0.216892009199812,"Zhong2025",1996
594,6.12734459312911,"Zhong2025",1996
595,0.432714440895401,"Zhong2025",1996
596,0.0435447182427061,"Zhong2025",1996
597,9.13608915894292,"Zhong2025",1996
598,1.01433892321484,"Zhong2025",1996
599,2.39514077201871,"Zhong2025",1996
600,1.38548151524289,"Zhong2025",1996
601,3.54588870895838,"Zhong2025",1996
602,1.44184506879417,"Zhong2025",1996
603,22.8920612865481,"Zhong2025",1996
604,3.20871815025758,"Zhong2025",1996
605,1.11904528879984,"Zhong2025",1996
606,5.37870364550421,"Zhong2025",1996
607,9.37338610447052,"Zhong2025",1996
608,18.5344749887784,"Zhong2025",1996
609,3.32341711394403,"Zhong2025",1996
610,1.67264187099795,"Zhong2025",1996
611,2.16575748544735,"Zhong2025",1996
612,0.24690932155742,"Zhong2025",1996
613,2.11136483276389,"Zhong2025",1996
614,5.91402125073092,"Zhong2025",1996
615,0.293087756842523,"Zhong2025",1996
616,2.98732706485316,"Zhong2025",1996
617,4.77937089231716,"Zhong2025",1996
618,12.1647721536587,"Zhong2025",1996
619,0.371448944552068,"Zhong2025",1996
620,6.44525643995854,"Zhong2025",1996
621,2.02987162935018,"Zhong2025",1996
622,1.8035462667841,"Zhong2025",1996
623,6.05162392169561,"Zhong2025",1996
624,4.21314843356345,"Zhong2025",1996
625,0.22196575001503,"Zhong2025",1996
626,5.54551367399784,"Zhong2025",1996
627,8.0519877207948,"Zhong2025",1996
628,10.9636873607753,"Zhong2025",1996
629,43.7917296444928,"Zhong2025",1996
630,11.8339841884115,"Zhong2025",1996
631,0.694076530657478,"Zhong2025",1996
632,0.04459005804837,"Zhong2025",1996
633,0.0265550080227525,"Zhong2025",1996
634,1.0719581982118,"Zhong2025",1996
635,0.139712076776008,"Zhong2025",1996
636,2.9529682673622,"Zhong2025",1996
637,0.212765993761051,"Zhong2025",1996
638,25.8756464188918,"Zhong2025",1996
639,1.81134908520166,"Zhong2025",1996
640,0.560305735362696,"Zhong2025",1996
641,1.17248736291307,"Zhong2025",1996
642,1.09443772471575,"Zhong2025",1996
643,0.889532272644814,"Zhong2025",1996
644,0.444365153000468,"Zhong2025",1996
645,1.12878763012348,"Zhong2025",1996
646,5.36288477801809,"Zhong2025",1996
647,0.157327325298236,"Zhong2025",1996
648,1.04234065641375,"Zhong2025",1996
649,5.32362823073681,"Zhong2025",1996
650,2.84207601577365,"Zhong2025",1996
651,0.188108870721292,"Zhong2025",1996
652,2.2368817238704,"Zhong2025",1996
653,1.68996777046343,"Zhong2025",1996
654,10.4810389026828,"Zhong2025",1996
655,0.108003152938156,"Zhong2025",1996
656,0.676996991841379,"Zhong2025",1996
657,2.41452606141848,"Zhong2025",1996
658,3.20378821591536,"Zhong2025",1996
659,4.013125162741,"Zhong2025",1996
660,0.17174226566194,"Zhong2025",1996
661,7.70479457705252,"Zhong2025",1996
662,0,"Zhong2025",1996
663,2.51122700959289,"Zhong2025",1996
664,0.083992029939379,"Zhong2025",1996
665,0.568476057416478,"Zhong2025",1996
666,0.91176362685512,"Zhong2025",1996
667,0,"Zhong2025",1996
668,1.52680545985341,"Zhong2025",1996
669,1.1764811604341,"Zhong2025",1996
670,0.0461128749829492,"Zhong2025",1996
671,1.34194593501698,"Zhong2025",1996
672,13.96308410487,"Zhong2025",1996
673,5.65276311911763,"Zhong2025",1996
674,0.535811279494492,"Zhong2025",1996
675,4.66529831193787,"Zhong2025",1996
676,1.78837733680294,"Zhong2025",1996
677,0.468935715198025,"Zhong2025",1996
678,0.981423085969355,"Zhong2025",1996
679,5.7210529959479,"Zhong2025",1996
680,3.47082396163497,"Zhong2025",1996
681,0.593408968802246,"Zhong2025",1996
682,1.60422647314702,"Zhong2025",1996
683,12.2158831053765,"Zhong2025",1996
684,0.713130118124988,"Zhong2025",1996
685,1.72107543791198,"Zhong2025",1996
686,6.34060656561173,"Zhong2025",1996
687,4.60446597100236,"Zhong2025",1996
688,0.0743884892891283,"Zhong2025",1996
689,0.877512803131884,"Zhong2025",1996
690,2.98124110331676,"Zhong2025",1996
691,1.32903585096356,"Zhong2025",1996
692,18.4594265884823,"Zhong2025",1996
693,2.93111407183684,"Zhong2025",1996
694,5.61176801930581,"Zhong2025",1996
695,4.55121851474978,"Zhong2025",1996
696,0,"Zhong2025",1996
697,5.8660820272184,"Zhong2025",1996
698,0.606010666673217,"Zhong2025",1996
699,0.422399549212839,"Zhong2025",1996
700,2.33103857411382,"Zhong2025",1996
701,0.144449795324971,"Zhong2025",1996
702,2.74651382107666,"Zhong2025",1996
703,6.07763503351565,"Zhong2025",1996
704,10.9140501935677,"Zhong2025",1996
705,1.85523630545057,"Zhong2025",1996
706,28.273163326451,"Zhong2025",1996
707,3.47817761504224,"Zhong2025",1996
708,2.53628154985961,"Zhong2025",1996
709,0.269672504394781,"Zhong2025",1996
710,7.03346646718786,"Zhong2025",1996
711,0.423720501172237,"Zhong2025",1996
712,7.53101430659261,"Zhong2025",1996
713,0,"Zhong2025",1996
714,1.84040625793178,"Zhong2025",1996
715,0.394748310694534,"Zhong2025",1996
716,0,"Zhong2025",1996
717,1.08241107782652,"Zhong2025",1996
718,2.90810425108242,"Zhong2025",1996
719,0.823446222307517,"Zhong2025",1996
720,0.323545799209155,"Zhong2025",1996
721,1.68260463706504,"Zhong2025",1996
722,3.49583759062895,"Zhong2025",1996
723,7.68986358980223,"Zhong2025",1996
724,0.0113725076227084,"Zhong2025",1996
725,3.83571483350911,"Zhong2025",1996
726,0.374022531130447,"Zhong2025",1996
727,0.474873892389811,"Zhong2025",1996
728,2.19850944720133,"Zhong2025",1996
729,0.705019212906583,"Zhong2025",1996
730,5.64753960933484,"Zhong2025",1996
731,0.845078604616702,"Zhong2025",1996
732,7.72747268326699,"Zhong2025",1996
733,1.34260464192908,"Zhong2025",1996
734,0.184539139049039,"Zhong2025",1996
735,0,"Zhong2025",1996
736,1.36591714650895,"Zhong2025",1996
737,2.78410179744242,"Zhong2025",1996
738,4.12147735372186,"Zhong2025",1996
739,1.81435084461376,"Zhong2025",1996
740,10.3468402226766,"Zhong2025",1996
741,0.124513146091117,"Zhong2025",1996
742,1.81456974384121,"Zhong2025",1996
743,11.4783869425456,"Zhong2025",1996
744,0.796814009354257,"Zhong2025",1996
745,9.00574847485157,"Zhong2025",1996
746,2.17759137084851,"Zhong2025",1996
747,15.7965484718051,"Zhong2025",1996
748,1.8542475373972,"Zhong2025",1996
749,0.837823399587681,"Zhong2025",1996
750,0.949961661716944,"Zhong2025",1996
751,1.68260105123045,"Zhong2025",1996
752,11.2562431290343,"Zhong2025",1996
753,0.224851024278905,"Zhong2025",1996
754,0,"Zhong2025",1996
755,4.81292585023614,"Zhong2025",1996
756,2.51354456277088,"Zhong2025",1996
757,0,"Zhong2025",1996
758,0.219194475448166,"Zhong2025",1996
759,0.0462960796851304,"Zhong2025",1996
760,7.82984844385808e-05,"Zhong2025",1996
761,12.9875560741799,"Zhong2025",1996
762,14.8867875180503,"Zhong2025",1996
763,13.2522764546531,"Zhong2025",1996
764,11.2343330270072,"Zhong2025",1996
765,0.995643543862203,"Zhong2025",1996
766,5.64183214958757,"Zhong2025",1996
767,13.6742670059204,"Zhong2025",1996
768,0.234425606883003,"Zhong2025",1996
769,15.0156818968909,"Zhong2025",1996
770,47.8893161426891,"Zhong2025",1996
771,0.326529805678426,"Zhong2025",1996
772,9.22429330277647,"Zhong2025",1996
773,1.40265414474336,"Zhong2025",1996
774,1.26608820721631,"Zhong2025",1996
775,9.19358942495325,"Zhong2025",1996
776,8.69060001518961,"Zhong2025",1996
777,6.13742552794634,"Zhong2025",1996
778,12.5039181614846,"Zhong2025",1996
779,51.6980418189097,"Zhong2025",1996
780,5.40192397272792,"Zhong2025",1996
781,19.1470491362781,"Zhong2025",1996
782,0,"Zhong2025",1996
783,29.8310919744628,"Zhong2025",1996
784,1.35508541930275,"Zhong2025",1996
785,3.66477249174559,"Zhong2025",1996
786,50.6646355180179,"Zhong2025",1996
787,6.39303246104574,"Zhong2025",1996
788,0.636561065433938,"Zhong2025",1996
789,18.584811853808,"Zhong2025",1996
790,1.26797898528558,"Zhong2025",1996
791,1.35729841688841,"Zhong2025",1996
792,12.8134482649506,"Zhong2025",1996
793,6.18830716013908,"Zhong2025",1996
794,2.62853383195039,"Zhong2025",1996
795,8.08236242419687,"Zhong2025",1996
796,2.55147139944744,"Zhong2025",1996
797,3.69910124399171,"Zhong2025",1996
798,8.5888644688165,"Zhong2025",1996
799,1.42229696448314,"Zhong2025",1996
800,0.115567527211273,"Zhong2025",1996
801,0.868247846831033,"Zhong2025",1996
802,1.56488376205236,"Zhong2025",1996
803,20.6193132733521,"Zhong2025",1996
804,17.0769796133041,"Zhong2025",1996
805,1.5421420341275,"Zhong2025",1996
806,0.00179592083098696,"Zhong2025",1996
807,10.57743389371,"Zhong2025",1996
808,4.69113513870834,"Zhong2025",1996
809,1.15041418599274,"Zhong2025",1996
810,43.9772019114921,"Zhong2025",1996
811,1.82016879054052,"Zhong2025",1996
812,0.174417342017015,"Zhong2025",1996
813,7.09829849327898,"Zhong2025",1996
814,10.7591782019097,"Zhong2025",1996
815,12.1765865127246,"Zhong2025",1996
816,1.126798927101,"Zhong2025",1996
817,5.07545400630683,"Zhong2025",1996
818,1.92468105669,"Zhong2025",1996
819,3.25586368095534,"Zhong2025",1996
820,0,"Zhong2025",1996
821,8.5341823423231,"Zhong2025",1996
822,0.0648560526497686,"Zhong2025",1996
823,2.9563592087359,"Zhong2025",1996
824,2.80213416839456,"Zhong2025",1996
825,0.593971710262921,"Zhong2025",1996
826,3.38277117082007,"Zhong2025",1996
827,1.66326375311394,"Zhong2025",1996
828,6.47179414675786,"Zhong2025",1996
829,9.41530699729919,"Zhong2025",1996
830,18.0679708233586,"Zhong2025",1996
831,19.6800050836928,"Zhong2025",1996
832,1.85438601188362,"Zhong2025",1996
833,0.122606155496152,"Zhong2025",1996
834,9.21114398515414,"Zhong2025",1996
835,12.4915941372391,"Zhong2025",1996
836,8.60441240511722,"Zhong2025",1996
837,17.0740464491003,"Zhong2025",1996
838,7.31375871920118,"Zhong2025",1996
839,31.5615242780265,"Zhong2025",1996
840,10.9822239168666,"Zhong2025",1996
841,9.48184037375082,"Zhong2025",1996
842,2.01628121429116,"Zhong2025",1996
843,3.58428771629793,"Zhong2025",1996
844,8.17799922191736,"Zhong2025",1996
845,26.1494534226912,"Zhong2025",1996
846,2.81703394731054,"Zhong2025",1996
847,15.653317310192,"Zhong2025",1996
848,35.1263786534794,"Zhong2025",1996
849,14.716997496287,"Zhong2025",1996
850,3.19696070407999,"Zhong2025",1996
851,9.49969964589291,"Zhong2025",1996
852,31.9803260294596,"Zhong2025",1996
853,0,"Zhong2025",1996
854,1.32570592553973,"Zhong2025",1996
855,10.601129540452,"Zhong2025",1996
856,13.5205090796506,"Zhong2025",1996
857,1.93287205308406,"Zhong2025",1996
858,1.42063671655799,"Zhong2025",1996
859,0.724880847804199,"Zhong2025",1996
860,6.54533181696722,"Zhong2025",1996
861,0.0398396631426294,"Zhong2025",1996
862,5.66158891552366,"Zhong2025",1996
863,12.7512153871611,"Zhong2025",1996
864,9.26152860730193,"Zhong2025",1996
865,0.0907718163058162,"Zhong2025",1996
866,13.8009700775146,"Zhong2025",1996
867,17.1245330513641,"Zhong2025",1996
868,10.9308235409496,"Zhong2025",1996
869,10.647894917976,"Zhong2025",1996
870,0.593279704074947,"Zhong2025",1996
871,0.149501022803539,"Zhong2025",1996
872,3.13457466647523,"Zhong2025",1996
873,0,"Zhong2025",1996
874,0,"Zhong2025",1996
875,0.463686471820737,"Zhong2025",1996
876,5.52991963105542,"Zhong2025",1996
877,0.390670525839081,"Zhong2025",1996
878,1.79441149523584,"Zhong2025",1996
879,2.6580104254285,"Zhong2025",1996
880,1.36157243424277,"Zhong2025",1996
881,0.177173847964566,"Zhong2025",1996
882,0.913013870734721,"Zhong2025",1996
883,1.23320386394133,"Zhong2025",1996
884,0.447573694817237,"Zhong2025",1996
885,0.607370875097176,"Zhong2025",1996
886,19.2219695334081,"Zhong2025",1996
887,1.28773789356903,"Zhong2025",1996
888,0.0929544118381816,"Zhong2025",1996
889,5.93192306627095,"Zhong2025",1996
890,4.76577511183799,"Zhong2025",1996
891,0.900372024453843,"Zhong2025",1996
892,6.04031651895097,"Zhong2025",1996
893,2.50331470687632,"Zhong2025",1996
894,0.772434523511276,"Zhong2025",1996
895,0.550515836054731,"Zhong2025",1996
896,11.8337890392747,"Zhong2025",1996
897,2.40830686021576,"Zhong2025",1996
898,0.258967413095626,"Zhong2025",1996
899,0.0561717040058392,"Zhong2025",1996
900,0.236345401714172,"Zhong2025",1996
901,25.5672825185507,"Zhong2025",1996
902,0.0464491228202739,"Zhong2025",1996
903,0.918201179142966,"Zhong2025",1996
904,0.357062374838541,"Zhong2025",1996
905,0.477865992326003,"Zhong2025",1996
906,0.945537434118374,"Zhong2025",1996
907,0.537988181255115,"Zhong2025",1996
908,0.474103876773049,"Zhong2025",1996
909,22.3839203260205,"Zhong2025",1996
910,9.53977660352076,"Zhong2025",1996
911,3.695664811388,"Zhong2025",1996
912,0.0957516941137948,"Zhong2025",1996
913,0.0152093254391504,"Zhong2025",1996
914,1.46960004086967,"Zhong2025",1996
915,0.187361200878956,"Zhong2025",1996
916,0.828258456168825,"Zhong2025",1996
917,0,"Zhong2025",1996
918,0.274858028687512,"Zhong2025",1996
919,0.330110957970222,"Zhong2025",1996
920,0.416817304718754,"Zhong2025",1996
921,4.25375456830168,"Zhong2025",1996
922,1.36940223011706,"Zhong2025",1996
923,0.057659460679773,"Zhong2025",1996
924,0,"Zhong2025",1996
925,0.0960883006674947,"Zhong2025",1996
926,0.0875065526746202,"Zhong2025",1996
927,0.142277698808275,"Zhong2025",1996
928,0.0530055424769308,"Zhong2025",1996
929,0.0194245985820682,"Zhong2025",1996
930,3.55520143276901,"Zhong2025",1996
931,0.132151548782586,"Zhong2025",1996
932,0.10407441085209,"Zhong2025",1996
933,0,"Zhong2025",1996
934,0.147345239864271,"Zhong2025",1996
935,0.0420140765587071,"Zhong2025",1996
936,0,"Zhong2025",1996
937,0.00182274567315663,"Zhong2025",1996
938,0.0090336924168323,"Zhong2025",1996
939,8.68941818098576,"Zhong2025",1996
940,1.91373111379017,"Zhong2025",1996
941,1.14014537174776,"Zhong2025",1996
942,3.35915880475829,"Zhong2025",1996
943,1.06979363514607,"Zhong2025",1996
944,0.593272227633196,"Zhong2025",1996
945,0.259711412506657,"Zhong2025",1996
946,0.899730491624935,"Zhong2025",1996
947,0.332189183259475,"Zhong2025",1996
948,1.1572863754901,"Zhong2025",1996
949,0.300062895035119,"Zhong2025",1996
950,6.88642999222421,"Zhong2025",1996
951,0.182155505539899,"Zhong2025",1996
952,1.68740254384235,"Zhong2025",1996
953,3.52043066869846,"Zhong2025",1996
954,6.09342335398789,"Zhong2025",1996
955,0.225727981768947,"Zhong2025",1996
956,0.266306572344413,"Zhong2025",1996
957,0.535526962112895,"Zhong2025",1996
958,0.448389101661742,"Zhong2025",1996
959,1.09163724436943,"Zhong2025",1996
960,0.790125359415646,"Zhong2025",1996
961,2.70886075411596,"Zhong2025",1996
962,1.05698649319209,"Zhong2025",1996
963,3.93370111869561,"Zhong2025",1996
964,0.897078692704776,"Zhong2025",1996
965,15.4550392446935,"Zhong2025",1996
966,3.36036234038279,"Zhong2025",1996
967,3.63096301411335,"Zhong2025",1996
968,0.0800852532086607,"Zhong2025",1996
969,5.14472503105167,"Zhong2025",1996
970,0.374150401539201,"Zhong2025",1996
971,2.27170829120231,"Zhong2025",1996
972,0.794292468016113,"Zhong2025",1996
973,5.93207836320454,"Zhong2025",1996
974,1.0069953803642,"Zhong2025",1996
975,0.309103925438214,"Zhong2025",1996
976,0,"Zhong2025",1996
977,0.0375095915238736,"Zhong2025",1996
978,0.921308050577284,"Zhong2025",1996
979,16.7677653663012,"Zhong2025",1996
980,2.9875674321466,"Zhong2025",1996
981,8.17188800959589,"Zhong2025",1996
982,0.399394528526399,"Zhong2025",1996
983,0.932790645179065,"Zhong2025",1996
984,0.218283858398596,"Zhong2025",1996
985,1.01886874839835,"Zhong2025",1996
986,0,"Zhong2025",1996
987,0,"Zhong2025",1996
988,0.219002793836701,"Zhong2025",1996
989,0.473122887987627,"Zhong2025",1996
990,0.755137886855501,"Zhong2025",1996
991,0,"Zhong2025",1996
992,3.38064485335467,"Zhong2025",1996
993,0.380307346732785,"Zhong2025",1996
994,0.44913129529307,"Zhong2025",1996
995,0,"Zhong2025",1996
996,2.38078442460592,"Zhong2025",1996
997,6.52576552842796,"Zhong2025",1996
998,0.489159687613415,"Zhong2025",1996
999,2.42959361259014,"Zhong2025",1996
1000,9.65582820405341,"Zhong2025",1996
1001,0,"Zhong2025",1996
1002,2.73639289455281,"Zhong2025",1996
1003,0,"Zhong2025",1996
1004,0.863507647401508,"Zhong2025",1996
1005,0,"Zhong2025",1996
1006,0,"Zhong2025",1996
1007,0.174443596500065,"Zhong2025",1996
1008,8.00050871999658,"Zhong2025",1996
1009,0.942929860652988,"Zhong2025",1996
1010,0.0714009843685262,"Zhong2025",1996
1011,0.27985368121881,"Zhong2025",1996
1012,1.42608552297839,"Zhong2025",1996
1013,0.709500541077817,"Zhong2025",1996
1014,1.81899975309538,"Zhong2025",1996
1015,0.994237250706047,"Zhong2025",1996
1016,2.59985499872038,"Zhong2025",1996
1017,1.18319040441059,"Zhong2025",1996
1018,0.124007560410212,"Zhong2025",1996
1019,0.316382063350507,"Zhong2025",1996
1020,0.0905058715112109,"Zhong2025",1996
1021,0.155834171938594,"Zhong2025",1996
1022,6.68116806085183,"Zhong2025",1996
1023,1.83429254428175,"Zhong2025",1996
1024,0,"Zhong2025",1996
1025,9.9162962559996,"Zhong2025",1996
1026,0.553773014938716,"Zhong2025",1996
1027,0.249441577315565,"Zhong2025",1996
1028,0.169460942424223,"Zhong2025",1996
1029,0.123365065766663,"Zhong2025",1996
1030,0.873373712283491,"Zhong2025",1996
1031,0,"Zhong2025",1996
1032,3.86003845930099,"Zhong2025",1996
1033,0.844370886557183,"Zhong2025",1996
1034,1.37515163150701,"Zhong2025",1996
1035,7.21856274893671,"Zhong2025",1996
1036,2.41360257403519,"Zhong2025",1996
1037,0.213580387043616,"Zhong2025",1996
1038,0.717820299663366,"Zhong2025",1996
1039,0.672527116382944,"Zhong2025",1996
1040,0,"Zhong2025",1996
1041,1.50433166570063,"Zhong2025",1996
1042,0.0265397568848118,"Zhong2025",1996
1043,0,"Zhong2025",1996
1044,0.630266436860581,"Zhong2025",1996
1045,0,"Zhong2025",1996
1046,0.473960930720354,"Zhong2025",1996
1047,0.579769819935057,"Zhong2025",1996
1048,0.16172850152878,"Zhong2025",1996
1049,0.00824724763120392,"Zhong2025",1996
1050,0.378710694961058,"Zhong2025",1996
1051,0.280086541158798,"Zhong2025",1996
1052,0.141071814191069,"Zhong2025",1996
1053,2.11793894303793,"Zhong2025",1996
1054,8.3964499309659,"Zhong2025",1996
1055,0.150406196120315,"Zhong2025",1996
1056,0.712166130146448,"Zhong2025",1996
1057,10.3473053432647,"Zhong2025",1996
1058,36.2227029711287,"Zhong2025",1996
1059,0.203423934818154,"Zhong2025",1996
1060,0,"Zhong2025",1996
1061,8.95151472726138,"Zhong2025",1996
1062,36.2887562473373,"Zhong2025",1996
1063,10.2135874669041,"Zhong2025",1996
1064,0.373954799562657,"Zhong2025",1996
1065,2.16578285144979,"Zhong2025",1996
1066,1.28042493843043,"Zhong2025",1996
1067,0.228085774679979,"Zhong2025",1996
1068,1.82378419599781,"Zhong2025",1996
1069,0.0972332755678168,"Zhong2025",1996
1070,1.29920172692909,"Zhong2025",1996
1071,8.4145863818124,"Zhong2025",1996
1072,1.48457226073419,"Zhong2025",1996
1073,0.442503362778171,"Zhong2025",1996
1074,5.0499515606431,"Zhong2025",1996
1075,1.12257421738973,"Zhong2025",1996
1076,0.746266172779724,"Zhong2025",1996
1077,0.323695649922957,"Zhong2025",1996
1078,16.3807539919148,"Zhong2025",1996
1079,3.67336121040925,"Zhong2025",1996
1080,19.3407361741159,"Zhong2025",1996
1081,6.62667454852352,"Zhong2025",1996
1082,6.97371236936984,"Zhong2025",1996
1083,0.671347330743719,"Zhong2025",1996
1084,4.60421888719787,"Zhong2025",1996
1085,4.65092361875434,"Zhong2025",1996
1086,4.10504957080723,"Zhong2025",1996
1087,7.07813682626275,"Zhong2025",1996
1088,14.2088674222523,"Zhong2025",1996
1089,0,"Zhong2025",1996
1090,0.642384020193118,"Zhong2025",1996
1091,0.80022763229166,"Zhong2025",1996
1092,5.59825293845694,"Zhong2025",1996
1093,5.53599253991899,"Zhong2025",1996
1094,0.0830726405093066,"Zhong2025",1996
1095,2.74072410932412,"Zhong2025",1996
1096,7.39458628616828,"Zhong2025",1996
1097,0.0153669892548228,"Zhong2025",1996
1098,0,"Zhong2025",1996
1099,0.700185018426523,"Zhong2025",1996
1100,8.14466449117638,"Zhong2025",1996
1101,0.427276257253504,"Zhong2025",1996
1102,3.17486094740121,"Zhong2025",1996
1103,0.0872582405130622,"Zhong2025",1996
1104,4.80564147470895,"Zhong2025",1996
1105,0.735034244976794,"Zhong2025",1996
1106,2.96585987217192,"Zhong2025",1996
1107,1.13395762291962,"Zhong2025",1996
1108,0.618247549519302,"Zhong2025",1996
1109,2.89893348308271,"Zhong2025",1996
1110,1.73315589257398,"Zhong2025",1996
1111,3.38890503399249,"Zhong2025",1996
1112,25.7706959901033,"Zhong2025",1996
1113,32.7857384535311,"Zhong2025",1996
1114,53.492970602853,"Zhong2025",1996
1115,28.3885297356071,"Zhong2025",1996
1116,39.5219611193226,"Zhong2025",1996
1117,18.3508947189038,"Zhong2025",1996
1118,28.8866831368149,"Zhong2025",1996
1119,1.57798739833136,"Zhong2025",1996
1120,6.54628891515367,"Zhong2025",1996
1121,53.1027680635452,"Zhong2025",1996
1122,50.4569628866095,"Zhong2025",1996
1,1.03308650179725,"Zhong2025",1997
2,0,"Zhong2025",1997
3,0.0958619378742395,"Zhong2025",1997
4,0.31214036636761,"Zhong2025",1997
5,0.131988008239988,"Zhong2025",1997
6,0.0285510430738931,"Zhong2025",1997
7,0.0277557198623566,"Zhong2025",1997
8,0.0402412476079142,"Zhong2025",1997
9,0,"Zhong2025",1997
10,0.0442967747688614,"Zhong2025",1997
11,0.0139119312243251,"Zhong2025",1997
12,0.0124293970248179,"Zhong2025",1997
13,0.00037124688075332,"Zhong2025",1997
14,0.0458464189179586,"Zhong2025",1997
15,0.354652363439681,"Zhong2025",1997
16,0.0519801853186062,"Zhong2025",1997
17,13.6249926130592,"Zhong2025",1997
18,0.427006889701701,"Zhong2025",1997
19,0.0544462925570067,"Zhong2025",1997
20,0.213636178937223,"Zhong2025",1997
21,0.573505471801522,"Zhong2025",1997
22,1.98754872658218,"Zhong2025",1997
23,2.84360572119122,"Zhong2025",1997
24,2.43045612545118,"Zhong2025",1997
25,3.42546936086357,"Zhong2025",1997
26,3.42159160585156,"Zhong2025",1997
27,2.30587755678758,"Zhong2025",1997
28,11.4468569519496,"Zhong2025",1997
29,0.127045282744546,"Zhong2025",1997
30,0.110002059421619,"Zhong2025",1997
31,0.547595894546248,"Zhong2025",1997
32,0.0740552817495606,"Zhong2025",1997
33,0.400416426070919,"Zhong2025",1997
34,9.28531849259738,"Zhong2025",1997
35,0.882357352681821,"Zhong2025",1997
36,8.58444158773164,"Zhong2025",1997
37,0.0720138323678969,"Zhong2025",1997
38,0.700502849182799,"Zhong2025",1997
39,0.44771742184718,"Zhong2025",1997
40,13.8670246102308,"Zhong2025",1997
41,18.3443648239662,"Zhong2025",1997
42,0.460852193239498,"Zhong2025",1997
43,1.39556330156534,"Zhong2025",1997
44,0,"Zhong2025",1997
45,7.59209708672767,"Zhong2025",1997
46,0,"Zhong2025",1997
47,1.55890822595413,"Zhong2025",1997
48,0.916997444184829,"Zhong2025",1997
49,2.5287306777934,"Zhong2025",1997
50,0.142164588033163,"Zhong2025",1997
51,7.95353227743396,"Zhong2025",1997
52,0.384225217969094,"Zhong2025",1997
53,0.921917445685293,"Zhong2025",1997
54,0.276725627918993,"Zhong2025",1997
55,0.0519120982323826,"Zhong2025",1997
56,0,"Zhong2025",1997
57,0,"Zhong2025",1997
58,13.9787761710939,"Zhong2025",1997
59,38.5774781186357,"Zhong2025",1997
60,12.1293285252719,"Zhong2025",1997
61,6.8691608142562,"Zhong2025",1997
62,4.17461184124021,"Zhong2025",1997
63,5.82075477294734,"Zhong2025",1997
64,6.09384163487973,"Zhong2025",1997
65,8.52741841174199,"Zhong2025",1997
66,2.96996041043887,"Zhong2025",1997
67,25.5637917688364,"Zhong2025",1997
68,17.0335347998233,"Zhong2025",1997
69,3.64346839018071,"Zhong2025",1997
70,1.94293533015996,"Zhong2025",1997
71,8.83229349149228,"Zhong2025",1997
72,3.40913862803936,"Zhong2025",1997
73,6.38713193356973,"Zhong2025",1997
74,5.31370297676198,"Zhong2025",1997
75,12.6357395830838,"Zhong2025",1997
76,12.3007910141578,"Zhong2025",1997
77,7.23077850125053,"Zhong2025",1997
78,16.4364504433911,"Zhong2025",1997
79,8.0826864267389,"Zhong2025",1997
80,10.6509159264499,"Zhong2025",1997
81,6.09779418424853,"Zhong2025",1997
82,10.8497515230763,"Zhong2025",1997
83,8.08586430353009,"Zhong2025",1997
84,3.70341496527369,"Zhong2025",1997
85,7.3339914108917,"Zhong2025",1997
86,4.13416134115204,"Zhong2025",1997
87,5.35413221255123,"Zhong2025",1997
88,13.3900726079941,"Zhong2025",1997
89,3.06421974297824,"Zhong2025",1997
90,9.14549175230395,"Zhong2025",1997
91,8.24497581713381,"Zhong2025",1997
92,34.015630165068,"Zhong2025",1997
93,8.23899521514851,"Zhong2025",1997
94,4.75167239584185,"Zhong2025",1997
95,14.0448011582292,"Zhong2025",1997
96,10.7162798197764,"Zhong2025",1997
97,10.2996256647981,"Zhong2025",1997
98,1.39599957548791,"Zhong2025",1997
99,6.65084583612211,"Zhong2025",1997
100,1.07946568669986,"Zhong2025",1997
101,0.9894258000137,"Zhong2025",1997
102,3.86455173187834,"Zhong2025",1997
103,1.45662682556931,"Zhong2025",1997
104,5.29176173818232,"Zhong2025",1997
105,0.305930695021069,"Zhong2025",1997
106,2.80976992770655,"Zhong2025",1997
107,0.720935417433917,"Zhong2025",1997
108,0.712438875775663,"Zhong2025",1997
109,0.164052582248506,"Zhong2025",1997
110,1.17743548966683,"Zhong2025",1997
111,0.518013463391833,"Zhong2025",1997
112,0.0636375073934596,"Zhong2025",1997
113,0.0173859303507771,"Zhong2025",1997
114,6.70341710058883,"Zhong2025",1997
115,1.41404723813609,"Zhong2025",1997
116,1.01729410122511,"Zhong2025",1997
117,0.76819456390037,"Zhong2025",1997
118,3.34362148822326,"Zhong2025",1997
119,1.16287224842235,"Zhong2025",1997
120,1.14879593521095,"Zhong2025",1997
121,0.643711677613509,"Zhong2025",1997
122,0.0712857802682523,"Zhong2025",1997
123,7.38008109514382,"Zhong2025",1997
124,0.887979577202498,"Zhong2025",1997
125,3.00213006118523,"Zhong2025",1997
126,3.75666607750787,"Zhong2025",1997
127,1.11502791197287,"Zhong2025",1997
128,6.46437474067312,"Zhong2025",1997
129,4.93205541830796,"Zhong2025",1997
130,6.1607366508081,"Zhong2025",1997
131,11.2478722717802,"Zhong2025",1997
132,3.48151803802546,"Zhong2025",1997
133,4.34921524914042,"Zhong2025",1997
134,2.69552825234003,"Zhong2025",1997
135,0.724914598883078,"Zhong2025",1997
136,6.0219523334314,"Zhong2025",1997
137,6.15522015571594,"Zhong2025",1997
138,1.50796994919387,"Zhong2025",1997
139,2.3062971486084,"Zhong2025",1997
140,2.0367046959744,"Zhong2025",1997
141,2.46692247576031,"Zhong2025",1997
142,3.95023787344162,"Zhong2025",1997
143,0.343819543452002,"Zhong2025",1997
144,0.201654900104628,"Zhong2025",1997
145,5.73439686959816,"Zhong2025",1997
146,2.11899689149919,"Zhong2025",1997
147,3.51638147855943,"Zhong2025",1997
148,0.0486004607764637,"Zhong2025",1997
149,2.13242155410706,"Zhong2025",1997
150,3.47592721492502,"Zhong2025",1997
151,0.980949794327028,"Zhong2025",1997
152,0.485277761111333,"Zhong2025",1997
153,3.57200433724298,"Zhong2025",1997
154,5.9931970975548,"Zhong2025",1997
155,2.78295565507382,"Zhong2025",1997
156,0.0171573699917644,"Zhong2025",1997
157,6.831824918588,"Zhong2025",1997
158,1.02583553963067,"Zhong2025",1997
159,2.87316793455989,"Zhong2025",1997
160,1.6419930377375,"Zhong2025",1997
161,0.707334280405905,"Zhong2025",1997
162,0,"Zhong2025",1997
163,0.153751812378111,"Zhong2025",1997
164,0.254580597619753,"Zhong2025",1997
165,0.0604626172718841,"Zhong2025",1997
166,0.0364374215136429,"Zhong2025",1997
167,0.046241969568443,"Zhong2025",1997
168,0,"Zhong2025",1997
169,0,"Zhong2025",1997
170,0,"Zhong2025",1997
171,0,"Zhong2025",1997
172,0,"Zhong2025",1997
173,0.0395918534522899,"Zhong2025",1997
174,0,"Zhong2025",1997
175,0,"Zhong2025",1997
176,0.00237429495857111,"Zhong2025",1997
177,0.0214932136474761,"Zhong2025",1997
178,0,"Zhong2025",1997
179,0,"Zhong2025",1997
180,0.0135460394671324,"Zhong2025",1997
181,0.000751683998916357,"Zhong2025",1997
182,0,"Zhong2025",1997
183,0,"Zhong2025",1997
184,0,"Zhong2025",1997
185,0,"Zhong2025",1997
186,0.0056098473151593,"Zhong2025",1997
187,0.129586808956226,"Zhong2025",1997
188,0.00472470666730045,"Zhong2025",1997
189,0.000847360107099937,"Zhong2025",1997
190,4.35218341656815,"Zhong2025",1997
191,9.67687426624104,"Zhong2025",1997
192,0.97808856797822,"Zhong2025",1997
193,0,"Zhong2025",1997
194,0.639422914848231,"Zhong2025",1997
195,3.65762972663849,"Zhong2025",1997
196,0.198231157768068,"Zhong2025",1997
197,0.0725773668523667,"Zhong2025",1997
198,0.19215129802936,"Zhong2025",1997
199,1.82048814326834,"Zhong2025",1997
200,0.503118972861212,"Zhong2025",1997
201,0,"Zhong2025",1997
202,0.438540644870564,"Zhong2025",1997
203,0.031321775849636,"Zhong2025",1997
204,5.81122837799281,"Zhong2025",1997
205,0.36019721531473,"Zhong2025",1997
206,1.0974994214913,"Zhong2025",1997
207,0.0266004952556497,"Zhong2025",1997
208,0.0872146034808587,"Zhong2025",1997
209,0.140952219406819,"Zhong2025",1997
210,0,"Zhong2025",1997
211,0,"Zhong2025",1997
212,0,"Zhong2025",1997
213,0,"Zhong2025",1997
214,0,"Zhong2025",1997
215,0,"Zhong2025",1997
216,0,"Zhong2025",1997
217,0.00393465317781027,"Zhong2025",1997
218,0,"Zhong2025",1997
219,0,"Zhong2025",1997
220,0.0107632657012536,"Zhong2025",1997
221,0,"Zhong2025",1997
222,0,"Zhong2025",1997
223,0,"Zhong2025",1997
224,0,"Zhong2025",1997
225,0,"Zhong2025",1997
226,0.0363310228794619,"Zhong2025",1997
227,0.00422570148002537,"Zhong2025",1997
228,0.00654736432049007,"Zhong2025",1997
229,0.00400078872720936,"Zhong2025",1997
230,18.3871559257151,"Zhong2025",1997
231,3.11362317271665,"Zhong2025",1997
232,5.01664696070645,"Zhong2025",1997
233,0.0927619986207586,"Zhong2025",1997
234,6.2862352703747,"Zhong2025",1997
235,9.95052395926582,"Zhong2025",1997
236,4.91095944209239,"Zhong2025",1997
237,5.3177981568921,"Zhong2025",1997
238,4.79638376708688,"Zhong2025",1997
239,4.51577761555367,"Zhong2025",1997
240,16.2315883050885,"Zhong2025",1997
241,8.94977955898996,"Zhong2025",1997
242,3.71979202674702,"Zhong2025",1997
243,10.5212302907769,"Zhong2025",1997
244,0.684335738416685,"Zhong2025",1997
245,10.3821217056014,"Zhong2025",1997
246,5.30836364848727,"Zhong2025",1997
247,0.635662693287574,"Zhong2025",1997
248,11.5981122376397,"Zhong2025",1997
249,8.66574670987971,"Zhong2025",1997
250,0.640379638457524,"Zhong2025",1997
251,2.27181839390856,"Zhong2025",1997
252,10.0796009872271,"Zhong2025",1997
253,1.97286057259267,"Zhong2025",1997
254,16.5229592767812,"Zhong2025",1997
255,3.25586769805115,"Zhong2025",1997
256,5.81625509193208,"Zhong2025",1997
257,32.9068665426921,"Zhong2025",1997
258,7.73563900659251,"Zhong2025",1997
259,15.5630335120343,"Zhong2025",1997
260,28.8238888084888,"Zhong2025",1997
261,3.76504754627584,"Zhong2025",1997
262,12.7245716130839,"Zhong2025",1997
263,1.51370057833779,"Zhong2025",1997
264,15.8439703713293,"Zhong2025",1997
265,12.6969704235656,"Zhong2025",1997
266,1.80179161165769,"Zhong2025",1997
267,16.5899206024783,"Zhong2025",1997
268,3.82461295656414,"Zhong2025",1997
269,22.5016564593491,"Zhong2025",1997
270,5.00588249708376,"Zhong2025",1997
271,11.4993017325326,"Zhong2025",1997
272,8.8468341565681,"Zhong2025",1997
273,46.9271948867374,"Zhong2025",1997
274,8.23846920934793,"Zhong2025",1997
275,7.0108362454729,"Zhong2025",1997
276,15.2790406171013,"Zhong2025",1997
277,12.5469781435453,"Zhong2025",1997
278,0.676007266861542,"Zhong2025",1997
279,0.276025915700751,"Zhong2025",1997
280,10.0576752859971,"Zhong2025",1997
281,6.99152216857618,"Zhong2025",1997
282,5.84182420675412,"Zhong2025",1997
283,47.1575451161459,"Zhong2025",1997
284,7.22237359822451,"Zhong2025",1997
285,0.111376118538948,"Zhong2025",1997
286,0.312740768631299,"Zhong2025",1997
287,0.360222109853169,"Zhong2025",1997
288,1.3212987811662,"Zhong2025",1997
289,3.66481871813691,"Zhong2025",1997
290,39.0765032798621,"Zhong2025",1997
291,0.482616134030556,"Zhong2025",1997
292,17.9416825699916,"Zhong2025",1997
293,5.14365186395808,"Zhong2025",1997
294,0.782472738850629,"Zhong2025",1997
295,0.321298706880771,"Zhong2025",1997
296,0.249090435641601,"Zhong2025",1997
297,2.21855448535981,"Zhong2025",1997
298,0.350976235464515,"Zhong2025",1997
299,1.55947204726078,"Zhong2025",1997
300,15.3584511027617,"Zhong2025",1997
301,4.17165627028356,"Zhong2025",1997
302,0.805963266842957,"Zhong2025",1997
303,21.5619418038262,"Zhong2025",1997
304,1.44029341976536,"Zhong2025",1997
305,0.0883881900126275,"Zhong2025",1997
306,3.31800599747375,"Zhong2025",1997
307,1.05581020790799,"Zhong2025",1997
308,1.5574823749222,"Zhong2025",1997
309,0.760724648527219,"Zhong2025",1997
310,2.72712158563021,"Zhong2025",1997
311,0.627331804804769,"Zhong2025",1997
312,7.55332825507348,"Zhong2025",1997
313,0.778456502921459,"Zhong2025",1997
314,5.92817884213778,"Zhong2025",1997
315,0.286224876198849,"Zhong2025",1997
316,0.313309057586079,"Zhong2025",1997
317,1.03069947851107,"Zhong2025",1997
318,0.557127438442966,"Zhong2025",1997
319,7.36652005553533,"Zhong2025",1997
320,3.64555276405811,"Zhong2025",1997
321,0.460884227777326,"Zhong2025",1997
322,6.80016518371566,"Zhong2025",1997
323,5.94707045995016,"Zhong2025",1997
324,1.53824544140131,"Zhong2025",1997
325,0.551070732330637,"Zhong2025",1997
326,18.1538405579128,"Zhong2025",1997
327,3.85545559881729,"Zhong2025",1997
328,1.74072983493211,"Zhong2025",1997
329,9.70497992117573,"Zhong2025",1997
330,0.516115812942235,"Zhong2025",1997
331,8.55672923098965,"Zhong2025",1997
332,41.5060356736183,"Zhong2025",1997
333,2.09732930139372,"Zhong2025",1997
334,0.453256475287665,"Zhong2025",1997
335,5.98766486205901,"Zhong2025",1997
336,8.76761086195845,"Zhong2025",1997
337,44.5340842916005,"Zhong2025",1997
338,4.66677993993926,"Zhong2025",1997
339,2.35393029896286,"Zhong2025",1997
340,5.16773527354235,"Zhong2025",1997
341,9.82377916599702,"Zhong2025",1997
342,1.45026399811811,"Zhong2025",1997
343,1.4464122292645,"Zhong2025",1997
344,2.12141223764344,"Zhong2025",1997
345,9.66416856819768,"Zhong2025",1997
346,3.51342178285932,"Zhong2025",1997
347,4.50364237559978,"Zhong2025",1997
348,0.739318240404521,"Zhong2025",1997
349,0.691072219676355,"Zhong2025",1997
350,1.01385066745058,"Zhong2025",1997
351,20.7620017732893,"Zhong2025",1997
352,0.145967179864788,"Zhong2025",1997
353,9.4772946981133,"Zhong2025",1997
354,1.39102625245566,"Zhong2025",1997
355,4.96780905107707,"Zhong2025",1997
356,0.546176890398356,"Zhong2025",1997
357,10.7781217188017,"Zhong2025",1997
358,0.734551884540253,"Zhong2025",1997
359,0.376183249035566,"Zhong2025",1997
360,1.0971375660212,"Zhong2025",1997
361,10.9119212774852,"Zhong2025",1997
362,0.490832098902612,"Zhong2025",1997
363,2.21253608882467,"Zhong2025",1997
364,0.713231551346505,"Zhong2025",1997
365,2.9480964822771,"Zhong2025",1997
366,0.376083139463672,"Zhong2025",1997
367,48.0758869923078,"Zhong2025",1997
368,17.6342599178567,"Zhong2025",1997
369,0.563788940556308,"Zhong2025",1997
370,4.10162151716831,"Zhong2025",1997
371,2.61009703140352,"Zhong2025",1997
372,0.963537991640569,"Zhong2025",1997
373,7.06515870870728,"Zhong2025",1997
374,0.0314930971703758,"Zhong2025",1997
375,13.5257612961915,"Zhong2025",1997
376,4.23351282475309,"Zhong2025",1997
377,0.238528621349716,"Zhong2025",1997
378,0.231000721126373,"Zhong2025",1997
379,0.794962893513416,"Zhong2025",1997
380,0.085938780435494,"Zhong2025",1997
381,10.4424522966146,"Zhong2025",1997
382,25.597119282868,"Zhong2025",1997
383,0.659884743889173,"Zhong2025",1997
384,1.65154059484763,"Zhong2025",1997
385,12.8503075681457,"Zhong2025",1997
386,10.0186965481109,"Zhong2025",1997
387,30.6500621265599,"Zhong2025",1997
388,4.44248282999479,"Zhong2025",1997
389,3.42852095947379,"Zhong2025",1997
390,62.8271778106689,"Zhong2025",1997
391,5.96792257683618,"Zhong2025",1997
392,11.4480069801827,"Zhong2025",1997
393,6.83694095064275,"Zhong2025",1997
394,28.8694717313614,"Zhong2025",1997
395,4.34640220050064,"Zhong2025",1997
396,5.45213995183654,"Zhong2025",1997
397,2.53682659413046,"Zhong2025",1997
398,36.8357572555542,"Zhong2025",1997
399,0.11937474788567,"Zhong2025",1997
400,0.217150370490765,"Zhong2025",1997
401,0.0725573156122833,"Zhong2025",1997
402,0.200707159459745,"Zhong2025",1997
403,0,"Zhong2025",1997
404,0.00316216468913449,"Zhong2025",1997
405,5.9167516259277,"Zhong2025",1997
406,0.00718803869828578,"Zhong2025",1997
407,0.408374257144983,"Zhong2025",1997
408,0.137335768000168,"Zhong2025",1997
409,0,"Zhong2025",1997
410,0.0399544251180882,"Zhong2025",1997
411,0,"Zhong2025",1997
412,0.0741440938785672,"Zhong2025",1997
413,0,"Zhong2025",1997
414,0.0028874513287318,"Zhong2025",1997
415,0,"Zhong2025",1997
416,0,"Zhong2025",1997
417,0.0741665865887295,"Zhong2025",1997
418,0.243211268091024,"Zhong2025",1997
419,0.15852115480939,"Zhong2025",1997
420,0,"Zhong2025",1997
421,0.148825051682165,"Zhong2025",1997
422,0,"Zhong2025",1997
423,0,"Zhong2025",1997
424,0,"Zhong2025",1997
425,0,"Zhong2025",1997
426,0.0907580182574485,"Zhong2025",1997
427,0,"Zhong2025",1997
428,0.0110860019004948,"Zhong2025",1997
429,0.181162001786842,"Zhong2025",1997
430,0.210784237075607,"Zhong2025",1997
431,0.00176294555836934,"Zhong2025",1997
432,0,"Zhong2025",1997
433,0.0845749708003556,"Zhong2025",1997
434,0.0138851471964308,"Zhong2025",1997
435,0.0189155764572362,"Zhong2025",1997
436,0.286404646166443,"Zhong2025",1997
437,3.28719337714644,"Zhong2025",1997
438,0.458783021395831,"Zhong2025",1997
439,0.941402462705717,"Zhong2025",1997
440,0.578923828324816,"Zhong2025",1997
441,14.0381236414241,"Zhong2025",1997
442,2.21628794961928,"Zhong2025",1997
443,4.47911179225982,"Zhong2025",1997
444,4.20624569903065,"Zhong2025",1997
445,6.20051282314878,"Zhong2025",1997
446,1.89909929452094,"Zhong2025",1997
447,3.96284571330107,"Zhong2025",1997
448,0.837988414048417,"Zhong2025",1997
449,4.76696764244275,"Zhong2025",1997
450,0.625427627060476,"Zhong2025",1997
451,1.49397174492756,"Zhong2025",1997
452,0.73847414057706,"Zhong2025",1997
453,0.356185506273129,"Zhong2025",1997
454,6.22760084961423,"Zhong2025",1997
455,3.89850239189302,"Zhong2025",1997
456,9.00878049893813,"Zhong2025",1997
457,6.33985941481073,"Zhong2025",1997
458,1.5076872525623,"Zhong2025",1997
459,2.96398438884047,"Zhong2025",1997
460,0.502578306011856,"Zhong2025",1997
461,4.18685818484639,"Zhong2025",1997
462,9.3498057003679,"Zhong2025",1997
463,0.842572123380666,"Zhong2025",1997
464,1.49917729432076,"Zhong2025",1997
465,0.532986555482537,"Zhong2025",1997
466,0.399683032866898,"Zhong2025",1997
467,56.6049143163169,"Zhong2025",1997
468,22.5917865556615,"Zhong2025",1997
469,9.15288591470037,"Zhong2025",1997
470,5.88176669935799,"Zhong2025",1997
471,31.248550533113,"Zhong2025",1997
472,6.38658308402426,"Zhong2025",1997
473,6.81776789999664,"Zhong2025",1997
474,34.5733315577874,"Zhong2025",1997
475,3.19418769262276,"Zhong2025",1997
476,11.7143010479987,"Zhong2025",1997
477,1.54865526174431,"Zhong2025",1997
478,15.0704732854397,"Zhong2025",1997
479,4.70522637154519,"Zhong2025",1997
480,37.7347630945841,"Zhong2025",1997
481,3.73736731186924,"Zhong2025",1997
482,32.344704891773,"Zhong2025",1997
483,9.67759373424746,"Zhong2025",1997
484,3.6572036575526,"Zhong2025",1997
485,19.577061843127,"Zhong2025",1997
486,54.5094871520996,"Zhong2025",1997
487,10.1858029750486,"Zhong2025",1997
488,10.8818939673595,"Zhong2025",1997
489,7.90057646871831,"Zhong2025",1997
490,19.205146820375,"Zhong2025",1997
491,0.0814225913852869,"Zhong2025",1997
492,0.598011384735474,"Zhong2025",1997
493,0.148183968931881,"Zhong2025",1997
494,4.86285353916292,"Zhong2025",1997
495,1.79298870667621,"Zhong2025",1997
496,0.265223338939738,"Zhong2025",1997
497,3.39154854122652,"Zhong2025",1997
498,1.05273667510297,"Zhong2025",1997
499,13.1060730005459,"Zhong2025",1997
500,0.977972699212657,"Zhong2025",1997
501,6.88810078930724,"Zhong2025",1997
502,2.34451295965726,"Zhong2025",1997
503,0.691568625148176,"Zhong2025",1997
504,1.36312519951702,"Zhong2025",1997
505,3.26712772653148,"Zhong2025",1997
506,1.84974076707285,"Zhong2025",1997
507,3.81718848713259,"Zhong2025",1997
508,0,"Zhong2025",1997
509,1.82121871097107,"Zhong2025",1997
510,0.353353460276344,"Zhong2025",1997
511,0,"Zhong2025",1997
512,0.076748515772356,"Zhong2025",1997
513,0.15808798405559,"Zhong2025",1997
514,0.256640220915178,"Zhong2025",1997
515,3.89753109424613,"Zhong2025",1997
516,3.62449353523764,"Zhong2025",1997
517,2.35446252883165,"Zhong2025",1997
518,0.103108439657936,"Zhong2025",1997
519,2.08758344381656,"Zhong2025",1997
520,0.828863361175567,"Zhong2025",1997
521,0.159232968935176,"Zhong2025",1997
522,5.43746767448292,"Zhong2025",1997
523,9.09003142735984,"Zhong2025",1997
524,0.143198415300427,"Zhong2025",1997
525,0.199455524467805,"Zhong2025",1997
526,2.15773363249137,"Zhong2025",1997
527,3.03498706136738,"Zhong2025",1997
528,0,"Zhong2025",1997
529,19.6817324009116,"Zhong2025",1997
530,9.53512159334635,"Zhong2025",1997
531,4.58416594535339,"Zhong2025",1997
532,1.46252206390774,"Zhong2025",1997
533,0.953706339974751,"Zhong2025",1997
534,1.98130178967422,"Zhong2025",1997
535,0.586729217956111,"Zhong2025",1997
536,1.72779379127417,"Zhong2025",1997
537,1.67869467137504,"Zhong2025",1997
538,1.7733035878338,"Zhong2025",1997
539,1.51166102863704,"Zhong2025",1997
540,2.12305571830171,"Zhong2025",1997
541,7.1083967021749,"Zhong2025",1997
542,1.25436984415926,"Zhong2025",1997
543,2.44837099743166,"Zhong2025",1997
544,2.59663707140374,"Zhong2025",1997
545,1.3019456408944,"Zhong2025",1997
546,2.03016896659327,"Zhong2025",1997
547,2.01318694262568,"Zhong2025",1997
548,1.71543255083346,"Zhong2025",1997
549,1.26612332350501,"Zhong2025",1997
550,1.03043233290717,"Zhong2025",1997
551,2.26603828776574,"Zhong2025",1997
552,1.26038056400785,"Zhong2025",1997
553,0.710158871023284,"Zhong2025",1997
554,1.76127162493532,"Zhong2025",1997
555,0.323671108700991,"Zhong2025",1997
556,0.649414630738553,"Zhong2025",1997
557,3.66721012896255,"Zhong2025",1997
558,5.1336919523862,"Zhong2025",1997
559,2.38380661288956,"Zhong2025",1997
560,1.925134963853,"Zhong2025",1997
561,3.36252150728128,"Zhong2025",1997
562,14.2663867870692,"Zhong2025",1997
563,1.24210849330081,"Zhong2025",1997
564,1.35598707628345,"Zhong2025",1997
565,5.23576915142187,"Zhong2025",1997
566,0.982074724198362,"Zhong2025",1997
567,4.36039062075749,"Zhong2025",1997
568,0.445479666178876,"Zhong2025",1997
569,1.83200411668846,"Zhong2025",1997
570,0.273438440928974,"Zhong2025",1997
571,2.711031042121,"Zhong2025",1997
572,0.818132664043099,"Zhong2025",1997
573,0.737521534929633,"Zhong2025",1997
574,1.44610201084914,"Zhong2025",1997
575,1.06818852427437,"Zhong2025",1997
576,3.03952680384961,"Zhong2025",1997
577,0.350445860224847,"Zhong2025",1997
578,1.778037031909,"Zhong2025",1997
579,0.582677746455915,"Zhong2025",1997
580,3.66486389859704,"Zhong2025",1997
581,1.38039128830538,"Zhong2025",1997
582,0.323947155287212,"Zhong2025",1997
583,0.256975606712644,"Zhong2025",1997
584,0.844437091212607,"Zhong2025",1997
585,0.891416100023295,"Zhong2025",1997
586,1.17915747056176,"Zhong2025",1997
587,0.542663193993516,"Zhong2025",1997
588,0.12799711471231,"Zhong2025",1997
589,2.24860623862996,"Zhong2025",1997
590,1.25898047974738,"Zhong2025",1997
591,2.76939543823882,"Zhong2025",1997
592,0.457324452235721,"Zhong2025",1997
593,0.210943671204866,"Zhong2025",1997
594,6.18681591045446,"Zhong2025",1997
595,0.431651116000446,"Zhong2025",1997
596,0.0343458551933315,"Zhong2025",1997
597,9.21693266688909,"Zhong2025",1997
598,1.03381910703952,"Zhong2025",1997
599,2.42056054104839,"Zhong2025",1997
600,1.42145806449498,"Zhong2025",1997
601,3.60875616172252,"Zhong2025",1997
602,1.6964287697249,"Zhong2025",1997
603,23.2235270574175,"Zhong2025",1997
604,3.15149664015698,"Zhong2025",1997
605,1.26213751060701,"Zhong2025",1997
606,5.39801704446725,"Zhong2025",1997
607,9.31850208981934,"Zhong2025",1997
608,18.6135679125786,"Zhong2025",1997
609,3.31155042727103,"Zhong2025",1997
610,1.64612767913125,"Zhong2025",1997
611,2.01845809322044,"Zhong2025",1997
612,0.315100051423845,"Zhong2025",1997
613,2.3022144898416,"Zhong2025",1997
614,5.92561339768015,"Zhong2025",1997
615,0.439930083640202,"Zhong2025",1997
616,3.09208485055486,"Zhong2025",1997
617,4.78750988326805,"Zhong2025",1997
618,12.3964357290304,"Zhong2025",1997
619,0.36557260337709,"Zhong2025",1997
620,6.45044861055453,"Zhong2025",1997
621,2.08856466436284,"Zhong2025",1997
622,1.93585994747761,"Zhong2025",1997
623,6.18976969864705,"Zhong2025",1997
624,4.23837377585753,"Zhong2025",1997
625,0.386228112433455,"Zhong2025",1997
626,5.58028664594659,"Zhong2025",1997
627,8.14240752762989,"Zhong2025",1997
628,11.0266946295246,"Zhong2025",1997
629,43.7956340577867,"Zhong2025",1997
630,11.9727831508802,"Zhong2025",1997
631,0.694279370524326,"Zhong2025",1997
632,0.0383432892644913,"Zhong2025",1997
633,0.026199920037974,"Zhong2025",1997
634,1.07085562317056,"Zhong2025",1997
635,0.139712076776008,"Zhong2025",1997
636,2.99324782894695,"Zhong2025",1997
637,0.221903969941103,"Zhong2025",1997
638,26.2556699998677,"Zhong2025",1997
639,2.44424936145304,"Zhong2025",1997
640,0.565171920697224,"Zhong2025",1997
641,1.24373214292318,"Zhong2025",1997
642,1.10715615740696,"Zhong2025",1997
643,1.26042439386485,"Zhong2025",1997
644,0.356700183096386,"Zhong2025",1997
645,1.16284765610772,"Zhong2025",1997
646,6.10621906729305,"Zhong2025",1997
647,0.21790522233798,"Zhong2025",1997
648,1.12327917120537,"Zhong2025",1997
649,5.70840962804281,"Zhong2025",1997
650,2.73528478634946,"Zhong2025",1997
651,0.155670900546203,"Zhong2025",1997
652,2.2670996117851,"Zhong2025",1997
653,1.7045797207746,"Zhong2025",1997
654,10.8349289727536,"Zhong2025",1997
655,0.108003152938156,"Zhong2025",1997
656,1.03760575293424,"Zhong2025",1997
657,3.06310522500074,"Zhong2025",1997
658,3.35313967786885,"Zhong2025",1997
659,4.70577660212656,"Zhong2025",1997
660,0.401670078818615,"Zhong2025",1997
661,7.86632477948743,"Zhong2025",1997
662,0.148806474707887,"Zhong2025",1997
663,3.04886714328701,"Zhong2025",1997
664,0.113018619162696,"Zhong2025",1997
665,0.586299094696378,"Zhong2025",1997
666,1.17742621193984,"Zhong2025",1997
667,0,"Zhong2025",1997
668,1.60334292428424,"Zhong2025",1997
669,0.963578681383469,"Zhong2025",1997
670,0.0501028813464393,"Zhong2025",1997
671,1.37122728409851,"Zhong2025",1997
672,14.7069074211509,"Zhong2025",1997
673,5.83587625166101,"Zhong2025",1997
674,0.597666858138542,"Zhong2025",1997
675,5.21184045393463,"Zhong2025",1997
676,2.3478616227115,"Zhong2025",1997
677,0.701377621807931,"Zhong2025",1997
678,1.05539572870152,"Zhong2025",1997
679,6.36010667889617,"Zhong2025",1997
680,3.97806100400035,"Zhong2025",1997
681,1.13980222181306,"Zhong2025",1997
682,1.68014627639531,"Zhong2025",1997
683,12.8977173769961,"Zhong2025",1997
684,0.713130118124988,"Zhong2025",1997
685,1.56324656795047,"Zhong2025",1997
686,7.89811120036859,"Zhong2025",1997
687,5.94767444989765,"Zhong2025",1997
688,0.103349476738873,"Zhong2025",1997
689,0.877512803131884,"Zhong2025",1997
690,3.14398281713902,"Zhong2025",1997
691,1.36357591442453,"Zhong2025",1997
692,18.4898060957591,"Zhong2025",1997
693,2.97949547979694,"Zhong2025",1997
694,6.36625078746251,"Zhong2025",1997
695,5.20945321777059,"Zhong2025",1997
696,0,"Zhong2025",1997
697,6.01268318836766,"Zhong2025",1997
698,0.84159266479949,"Zhong2025",1997
699,0.538942462077276,"Zhong2025",1997
700,3.1702101709942,"Zhong2025",1997
701,0.146149936467018,"Zhong2025",1997
702,2.87118711938029,"Zhong2025",1997
703,6.11437129377416,"Zhong2025",1997
704,13.6471397804803,"Zhong2025",1997
705,1.84836406420017,"Zhong2025",1997
706,30.8412937727131,"Zhong2025",1997
707,4.26481815746852,"Zhong2025",1997
708,3.41992746210761,"Zhong2025",1997
709,0.269703594550025,"Zhong2025",1997
710,7.05491075098095,"Zhong2025",1997
711,0.481268550581073,"Zhong2025",1997
712,8.01138590166572,"Zhong2025",1997
713,0.358242568266437,"Zhong2025",1997
714,1.86586898783358,"Zhong2025",1997
715,0.419451452289405,"Zhong2025",1997
716,0,"Zhong2025",1997
717,1.1194977967083,"Zhong2025",1997
718,2.7737765255751,"Zhong2025",1997
719,0.828461773883789,"Zhong2025",1997
720,0.271526456159045,"Zhong2025",1997
721,2.00633603679374,"Zhong2025",1997
722,4.03015099132829,"Zhong2025",1997
723,8.63184184141759,"Zhong2025",1997
724,0.376069180116705,"Zhong2025",1997
725,4.33791033021623,"Zhong2025",1997
726,0.353939984462264,"Zhong2025",1997
727,0.547339380016694,"Zhong2025",1997
728,1.64978817641509,"Zhong2025",1997
729,0.754495054438204,"Zhong2025",1997
730,5.86025275017174,"Zhong2025",1997
731,0.82607469285225,"Zhong2025",1997
732,8.01999960195214,"Zhong2025",1997
733,1.30129063865285,"Zhong2025",1997
734,0.184539139049039,"Zhong2025",1997
735,0.00451723499731584,"Zhong2025",1997
736,1.71069938911768,"Zhong2025",1997
737,2.99752203732533,"Zhong2025",1997
738,4.97450158253312,"Zhong2025",1997
739,2.30387895359405,"Zhong2025",1997
740,10.4055688540141,"Zhong2025",1997
741,0.0925873011505048,"Zhong2025",1997
742,1.92171733460643,"Zhong2025",1997
743,11.4912803437975,"Zhong2025",1997
744,0.78888329426414,"Zhong2025",1997
745,9.17700750777062,"Zhong2025",1997
746,2.03644832750926,"Zhong2025",1997
747,17.1137595687594,"Zhong2025",1997
748,1.89197302627422,"Zhong2025",1997
749,0.837823399587681,"Zhong2025",1997
750,1.02410455066397,"Zhong2025",1997
751,1.77635384592469,"Zhong2025",1997
752,11.8699275255203,"Zhong2025",1997
753,0.844171604045326,"Zhong2025",1997
754,0,"Zhong2025",1997
755,4.95200962555963,"Zhong2025",1997
756,2.59820627608894,"Zhong2025",1997
757,0,"Zhong2025",1997
758,0.211491981447794,"Zhong2025",1997
759,0.0480096618254339,"Zhong2025",1997
760,7.82984844385808e-05,"Zhong2025",1997
761,12.9875560741799,"Zhong2025",1997
762,14.9014055895251,"Zhong2025",1997
763,13.2860170129746,"Zhong2025",1997
764,11.2025783791354,"Zhong2025",1997
765,1.87758202494142,"Zhong2025",1997
766,5.99140847846866,"Zhong2025",1997
767,13.7450193859282,"Zhong2025",1997
768,0.271651513420432,"Zhong2025",1997
769,16.0930805036,"Zhong2025",1997
770,47.8893161426891,"Zhong2025",1997
771,0.371714878024963,"Zhong2025",1997
772,9.28612459826673,"Zhong2025",1997
773,1.1660833619773,"Zhong2025",1997
774,2.25685845678402,"Zhong2025",1997
775,9.23993433381503,"Zhong2025",1997
776,8.89203714550527,"Zhong2025",1997
777,6.12141092013095,"Zhong2025",1997
778,12.7003558539674,"Zhong2025",1997
779,51.7520572209762,"Zhong2025",1997
780,5.37024483161754,"Zhong2025",1997
781,19.1738328623578,"Zhong2025",1997
782,0.200771003815212,"Zhong2025",1997
783,29.890478122802,"Zhong2025",1997
784,1.44102806087929,"Zhong2025",1997
785,3.54334053271959,"Zhong2025",1997
786,50.9313852646772,"Zhong2025",1997
787,6.37998892600278,"Zhong2025",1997
788,0.683013242526831,"Zhong2025",1997
789,18.6007372168608,"Zhong2025",1997
790,1.47614646613966,"Zhong2025",1997
791,1.16281494241336,"Zhong2025",1997
792,13.3586621988015,"Zhong2025",1997
793,6.17761282871167,"Zhong2025",1997
794,3.28014879316809,"Zhong2025",1997
795,8.26266261405097,"Zhong2025",1997
796,3.49137576152475,"Zhong2025",1997
797,3.84448589352933,"Zhong2025",1997
798,8.62403238353445,"Zhong2025",1997
799,1.27546354026558,"Zhong2025",1997
800,0.117800197703862,"Zhong2025",1997
801,1.95015602817244,"Zhong2025",1997
802,1.51509719113229,"Zhong2025",1997
803,20.7475765434512,"Zhong2025",1997
804,17.2485093712807,"Zhong2025",1997
805,1.98331273860973,"Zhong2025",1997
806,0.861251042580561,"Zhong2025",1997
807,10.6260042926412,"Zhong2025",1997
808,4.83149939950526,"Zhong2025",1997
809,1.28368348334309,"Zhong2025",1997
810,44.0912077678897,"Zhong2025",1997
811,1.96521602005565,"Zhong2025",1997
812,0.228900478113873,"Zhong2025",1997
813,8.47082082156477,"Zhong2025",1997
814,10.8143683184798,"Zhong2025",1997
815,12.6994334101677,"Zhong2025",1997
816,2.39618915126969,"Zhong2025",1997
817,6.26643511454264,"Zhong2025",1997
818,1.9537324759784,"Zhong2025",1997
819,3.37361687485786,"Zhong2025",1997
820,0,"Zhong2025",1997
821,8.57309707435402,"Zhong2025",1997
822,0.0844919073238377,"Zhong2025",1997
823,3.01984248438343,"Zhong2025",1997
824,2.88187816697767,"Zhong2025",1997
825,1.1945896168769,"Zhong2025",1997
826,4.89080719969102,"Zhong2025",1997
827,1.81680084887433,"Zhong2025",1997
828,6.51124589259808,"Zhong2025",1997
829,9.42556998546307,"Zhong2025",1997
830,18.1303077450505,"Zhong2025",1997
831,19.6856832199908,"Zhong2025",1997
832,1.94985971274571,"Zhong2025",1997
833,0.126011451614685,"Zhong2025",1997
834,9.21869926698624,"Zhong2025",1997
835,12.6570738090957,"Zhong2025",1997
836,8.69044568616859,"Zhong2025",1997
837,17.2016178692088,"Zhong2025",1997
838,7.42204208467521,"Zhong2025",1997
839,31.6664233450162,"Zhong2025",1997
840,11.0648187103597,"Zhong2025",1997
841,9.59291067759952,"Zhong2025",1997
842,2.47041294949245,"Zhong2025",1997
843,3.63868914831669,"Zhong2025",1997
844,8.12013809789311,"Zhong2025",1997
845,26.4430066422571,"Zhong2025",1997
846,2.671465781674,"Zhong2025",1997
847,15.9121201833089,"Zhong2025",1997
848,35.5204521241735,"Zhong2025",1997
849,14.7750565740797,"Zhong2025",1997
850,3.35838340171452,"Zhong2025",1997
851,9.6736387735299,"Zhong2025",1997
852,32.0783565266927,"Zhong2025",1997
853,0,"Zhong2025",1997
854,1.32641858432313,"Zhong2025",1997
855,10.601129540452,"Zhong2025",1997
856,13.6046830592332,"Zhong2025",1997
857,1.87669329276115,"Zhong2025",1997
858,1.81132138597289,"Zhong2025",1997
859,1.20711674301052,"Zhong2025",1997
860,6.70258345016061,"Zhong2025",1997
861,0.0993712556792161,"Zhong2025",1997
862,5.69926078931605,"Zhong2025",1997
863,12.9047594621879,"Zhong2025",1997
864,9.26714581999668,"Zhong2025",1997
865,0.119746406033635,"Zhong2025",1997
866,13.8009700775146,"Zhong2025",1997
867,17.9498250517249,"Zhong2025",1997
868,10.9422236012888,"Zhong2025",1997
869,10.7298580265685,"Zhong2025",1997
870,0.712398685818133,"Zhong2025",1997
871,0.160886295837315,"Zhong2025",1997
872,3.13848600968801,"Zhong2025",1997
873,0.00312548627456029,"Zhong2025",1997
874,0,"Zhong2025",1997
875,0.444732253802224,"Zhong2025",1997
876,5.57564409656184,"Zhong2025",1997
877,0.347840628346293,"Zhong2025",1997
878,1.85540574949726,"Zhong2025",1997
879,2.85716785715106,"Zhong2025",1997
880,1.54365389671765,"Zhong2025",1997
881,0.229246238805769,"Zhong2025",1997
882,1.01009504824707,"Zhong2025",1997
883,1.48336464002701,"Zhong2025",1997
884,0.459055974722138,"Zhong2025",1997
885,0.89732624701578,"Zhong2025",1997
886,19.2314245855367,"Zhong2025",1997
887,1.12929903964702,"Zhong2025",1997
888,0.158013525479556,"Zhong2025",1997
889,6.31444148150207,"Zhong2025",1997
890,4.87577780873056,"Zhong2025",1997
891,0.909321477376549,"Zhong2025",1997
892,6.08517894148827,"Zhong2025",1997
893,2.50331470687632,"Zhong2025",1997
894,0.762723859945745,"Zhong2025",1997
895,0.673132422373481,"Zhong2025",1997
896,11.8355783822208,"Zhong2025",1997
897,2.47804056394084,"Zhong2025",1997
898,0.320169435858949,"Zhong2025",1997
899,0.0667208454502163,"Zhong2025",1997
900,0.237915778618087,"Zhong2025",1997
901,25.5758574185517,"Zhong2025",1997
902,0.058086070956954,"Zhong2025",1997
903,1.04608339398624,"Zhong2025",1997
904,0.385812773357554,"Zhong2025",1997
905,0.65378687244243,"Zhong2025",1997
906,1.00506215563656,"Zhong2025",1997
907,0.545408099566024,"Zhong2025",1997
908,0.515616948863885,"Zhong2025",1997
909,22.4196801606653,"Zhong2025",1997
910,11.9758741695535,"Zhong2025",1997
911,3.97190489460355,"Zhong2025",1997
912,0.156931610273047,"Zhong2025",1997
913,0.0194830189022228,"Zhong2025",1997
914,1.47296342112355,"Zhong2025",1997
915,0.213763800448136,"Zhong2025",1997
916,1.61761544522891,"Zhong2025",1997
917,0.00121862297428065,"Zhong2025",1997
918,0.400391641152891,"Zhong2025",1997
919,0.3698225552449,"Zhong2025",1997
920,0.470125490673397,"Zhong2025",1997
921,4.92100772837908,"Zhong2025",1997
922,1.30565493816421,"Zhong2025",1997
923,0.0581375898534379,"Zhong2025",1997
924,0,"Zhong2025",1997
925,0.11249119680948,"Zhong2025",1997
926,0.0970779119982898,"Zhong2025",1997
927,0.142050435817419,"Zhong2025",1997
928,0.0588685547679528,"Zhong2025",1997
929,0.0194245985820682,"Zhong2025",1997
930,4.63893243249679,"Zhong2025",1997
931,0.207997165112333,"Zhong2025",1997
932,0.107220105699753,"Zhong2025",1997
933,0,"Zhong2025",1997
934,0.159239510926261,"Zhong2025",1997
935,0.0398130407883315,"Zhong2025",1997
936,0.00241037712100895,"Zhong2025",1997
937,0.00124959961895811,"Zhong2025",1997
938,0.0127860499537241,"Zhong2025",1997
939,9.49582785383171,"Zhong2025",1997
940,1.85136944343326,"Zhong2025",1997
941,1.21169990184445,"Zhong2025",1997
942,2.90592772553607,"Zhong2025",1997
943,0.521664365927378,"Zhong2025",1997
944,0.687815904952964,"Zhong2025",1997
945,0.256700390121042,"Zhong2025",1997
946,0.884031642286231,"Zhong2025",1997
947,0.295461407974891,"Zhong2025",1997
948,1.31865077271606,"Zhong2025",1997
949,0.272904236813554,"Zhong2025",1997
950,6.79614759955023,"Zhong2025",1997
951,0.132868118703684,"Zhong2025",1997
952,1.70665065488043,"Zhong2025",1997
953,3.67478527973953,"Zhong2025",1997
954,6.2028881531371,"Zhong2025",1997
955,0.261067332857032,"Zhong2025",1997
956,0.275035761445453,"Zhong2025",1997
957,0.636322864001536,"Zhong2025",1997
958,0.435956045674781,"Zhong2025",1997
959,1.11863776518764,"Zhong2025",1997
960,0.650588783320636,"Zhong2025",1997
961,2.94819573329778,"Zhong2025",1997
962,0.60838662605695,"Zhong2025",1997
963,4.0910594469525,"Zhong2025",1997
964,0.929238436502603,"Zhong2025",1997
965,14.4830099615378,"Zhong2025",1997
966,3.50147746604063,"Zhong2025",1997
967,3.71828142351594,"Zhong2025",1997
968,0.0778403329448058,"Zhong2025",1997
969,4.69551427981683,"Zhong2025",1997
970,0.375006639943031,"Zhong2025",1997
971,2.18232827043121,"Zhong2025",1997
972,0.778843434452045,"Zhong2025",1997
973,6.15264103981849,"Zhong2025",1997
974,1.04953167158914,"Zhong2025",1997
975,0.316857526604014,"Zhong2025",1997
976,0,"Zhong2025",1997
977,0.0466646689732196,"Zhong2025",1997
978,0.934206450274786,"Zhong2025",1997
979,17.0330262281457,"Zhong2025",1997
980,3.05951820769823,"Zhong2025",1997
981,8.41678263540094,"Zhong2025",1997
982,0.449773005467549,"Zhong2025",1997
983,0.932790645179065,"Zhong2025",1997
984,0.205072700170179,"Zhong2025",1997
985,1.02029077199504,"Zhong2025",1997
986,0,"Zhong2025",1997
987,0,"Zhong2025",1997
988,0.236735874510093,"Zhong2025",1997
989,0.4684163783403,"Zhong2025",1997
990,0.786241966789699,"Zhong2025",1997
991,0,"Zhong2025",1997
992,3.48012247710836,"Zhong2025",1997
993,0.532845374727421,"Zhong2025",1997
994,0.449299994158928,"Zhong2025",1997
995,0,"Zhong2025",1997
996,2.4860343451152,"Zhong2025",1997
997,6.71002303100771,"Zhong2025",1997
998,0.503600417630167,"Zhong2025",1997
999,2.17550819487341,"Zhong2025",1997
1000,9.92604490040184,"Zhong2025",1997
1001,0,"Zhong2025",1997
1002,3.00760109446667,"Zhong2025",1997
1003,0,"Zhong2025",1997
1004,0.918555371032483,"Zhong2025",1997
1005,0,"Zhong2025",1997
1006,0,"Zhong2025",1997
1007,0.187778855224398,"Zhong2025",1997
1008,8.8667692230083,"Zhong2025",1997
1009,0.863018710203593,"Zhong2025",1997
1010,0.123898768196992,"Zhong2025",1997
1011,0.26541286718566,"Zhong2025",1997
1012,1.54153829957059,"Zhong2025",1997
1013,0.709500541077817,"Zhong2025",1997
1014,1.83220807896104,"Zhong2025",1997
1015,0.738454077402418,"Zhong2025",1997
1016,2.63397451991645,"Zhong2025",1997
1017,1.18676565344546,"Zhong2025",1997
1018,0.124007560410212,"Zhong2025",1997
1019,0.507180153510666,"Zhong2025",1997
1020,0.0888358412772369,"Zhong2025",1997
1021,0.240862532685223,"Zhong2025",1997
1022,6.74032123585882,"Zhong2025",1997
1023,1.94168257628975,"Zhong2025",1997
1024,0,"Zhong2025",1997
1025,10.9063206628479,"Zhong2025",1997
1026,0.6861342804637,"Zhong2025",1997
1027,0.230470981807512,"Zhong2025",1997
1028,0.173211728375425,"Zhong2025",1997
1029,0.123365065766663,"Zhong2025",1997
1030,0.838095238830105,"Zhong2025",1997
1031,0,"Zhong2025",1997
1032,3.99705710465258,"Zhong2025",1997
1033,0.98178523235907,"Zhong2025",1997
1034,1.38740315017375,"Zhong2025",1997
1035,7.41077026469927,"Zhong2025",1997
1036,2.38606878548608,"Zhong2025",1997
1037,0.189725766506129,"Zhong2025",1997
1038,0.753941806470011,"Zhong2025",1997
1039,0.544255911867166,"Zhong2025",1997
1040,0,"Zhong2025",1997
1041,1.52996182251823,"Zhong2025",1997
1042,0.0401725536437722,"Zhong2025",1997
1043,0,"Zhong2025",1997
1044,0.710234452697447,"Zhong2025",1997
1045,0,"Zhong2025",1997
1046,0.527200277035053,"Zhong2025",1997
1047,1.02661958040002,"Zhong2025",1997
1048,0.136156243489724,"Zhong2025",1997
1049,0.00824724763120392,"Zhong2025",1997
1050,0.379992171460837,"Zhong2025",1997
1051,0.277505733535375,"Zhong2025",1997
1052,0.141337005080472,"Zhong2025",1997
1053,2.92262520202944,"Zhong2025",1997
1054,8.56282369047403,"Zhong2025",1997
1055,0.16099812700179,"Zhong2025",1997
1056,0.905583083154039,"Zhong2025",1997
1057,10.4250711458905,"Zhong2025",1997
1058,36.2358360468784,"Zhong2025",1997
1059,0.211645798000372,"Zhong2025",1997
1060,0,"Zhong2025",1997
1061,9.04211252839013,"Zhong2025",1997
1062,36.3508854192205,"Zhong2025",1997
1063,10.8072677127449,"Zhong2025",1997
1064,0.235591685380608,"Zhong2025",1997
1065,2.67917891858472,"Zhong2025",1997
1066,1.53447459261172,"Zhong2025",1997
1067,0.624108967670437,"Zhong2025",1997
1068,1.96052167100787,"Zhong2025",1997
1069,0.073395418810928,"Zhong2025",1997
1070,1.53348482134791,"Zhong2025",1997
1071,8.61885146304892,"Zhong2025",1997
1072,1.73611340281756,"Zhong2025",1997
1073,0.438318605557952,"Zhong2025",1997
1074,5.84289186701715,"Zhong2025",1997
1075,0.893023394731554,"Zhong2025",1997
1076,1.15418036834328,"Zhong2025",1997
1077,0.298814395889965,"Zhong2025",1997
1078,16.5229426114456,"Zhong2025",1997
1079,4.0770605223203,"Zhong2025",1997
1080,19.6890626047172,"Zhong2025",1997
1081,7.54382764616387,"Zhong2025",1997
1082,7.15724300122575,"Zhong2025",1997
1083,1.30594704418351,"Zhong2025",1997
1084,5.01899718063099,"Zhong2025",1997
1085,5.318982830294,"Zhong2025",1997
1086,5.45132247088077,"Zhong2025",1997
1087,8.00407610898472,"Zhong2025",1997
1088,14.7046504886645,"Zhong2025",1997
1089,0.0516009723649909,"Zhong2025",1997
1090,0.618281187120829,"Zhong2025",1997
1091,0.845840338245174,"Zhong2025",1997
1092,5.99399240965575,"Zhong2025",1997
1093,5.89759921995693,"Zhong2025",1997
1094,0.0881573545236435,"Zhong2025",1997
1095,4.73365763806208,"Zhong2025",1997
1096,14.1055872018371,"Zhong2025",1997
1097,0.0169143724145313,"Zhong2025",1997
1098,0,"Zhong2025",1997
1099,1.00848118890014,"Zhong2025",1997
1100,8.88981113398429,"Zhong2025",1997
1101,0.407821506145984,"Zhong2025",1997
1102,3.85009151102479,"Zhong2025",1997
1103,0.150486716207195,"Zhong2025",1997
1104,6.35093869774728,"Zhong2025",1997
1105,1.30325704578186,"Zhong2025",1997
1106,3.77193523754499,"Zhong2025",1997
1107,1.727260044018,"Zhong2025",1997
1108,0.635221898543501,"Zhong2025",1997
1109,3.03713300634336,"Zhong2025",1997
1110,1.79052344265677,"Zhong2025",1997
1111,3.51189435930163,"Zhong2025",1997
1112,26.1611599886859,"Zhong2025",1997
1113,33.0878515291454,"Zhong2025",1997
1114,53.5053286325364,"Zhong2025",1997
1115,28.3885297356071,"Zhong2025",1997
1116,39.8929653083329,"Zhong2025",1997
1117,18.4555564550253,"Zhong2025",1997
1118,28.9350920130711,"Zhong2025",1997
1119,2.44168394933822,"Zhong2025",1997
1120,6.63876371910112,"Zhong2025",1997
1121,53.1027680635452,"Zhong2025",1997
1122,50.7971945310894,"Zhong2025",1997
1,1.07451320981848,"Zhong2025",1998
2,0,"Zhong2025",1998
3,0.101147039806502,"Zhong2025",1998
4,0.312040727518916,"Zhong2025",1998
5,0.132003626347605,"Zhong2025",1998
6,0.0342670973273403,"Zhong2025",1998
7,0.0495732052004028,"Zhong2025",1998
8,0.0466510070274111,"Zhong2025",1998
9,0.0442534180676465,"Zhong2025",1998
10,0.0466768539503991,"Zhong2025",1998
11,0.0138321384556802,"Zhong2025",1998
12,0.0151397830865937,"Zhong2025",1998
13,0.00150376139416756,"Zhong2025",1998
14,0.0500181939010649,"Zhong2025",1998
15,0.410500666021671,"Zhong2025",1998
16,0.0511323119234251,"Zhong2025",1998
17,14.0849900887887,"Zhong2025",1998
18,0.249871728160689,"Zhong2025",1998
19,0.0516762605149041,"Zhong2025",1998
20,0.253979283515946,"Zhong2025",1998
21,0.53261617768784,"Zhong2025",1998
22,1.89810388710462,"Zhong2025",1998
23,2.72427591816239,"Zhong2025",1998
24,2.39369959454548,"Zhong2025",1998
25,3.60732745458966,"Zhong2025",1998
26,3.47492800500007,"Zhong2025",1998
27,2.3639846797559,"Zhong2025",1998
28,11.8683956165125,"Zhong2025",1998
29,0.118319432641776,"Zhong2025",1998
30,0.152175988903955,"Zhong2025",1998
31,0.521938385382104,"Zhong2025",1998
32,0.0429564468784594,"Zhong2025",1998
33,0.397915273056064,"Zhong2025",1998
34,9.53902205038428,"Zhong2025",1998
35,1.01795373996545,"Zhong2025",1998
36,8.90823720919119,"Zhong2025",1998
37,0.0786478347829451,"Zhong2025",1998
38,0.645606399872888,"Zhong2025",1998
39,0.345431025196285,"Zhong2025",1998
40,13.742453835983,"Zhong2025",1998
41,19.5874044319679,"Zhong2025",1998
42,0.586128319028809,"Zhong2025",1998
43,1.13340516846497,"Zhong2025",1998
44,0.00161490123293716,"Zhong2025",1998
45,7.78414347600331,"Zhong2025",1998
46,0,"Zhong2025",1998
47,1.70247519940806,"Zhong2025",1998
48,0.940637666376725,"Zhong2025",1998
49,2.41487704023936,"Zhong2025",1998
50,0,"Zhong2025",1998
51,8.1841071030401,"Zhong2025",1998
52,0.491773944122048,"Zhong2025",1998
53,0.919491399496899,"Zhong2025",1998
54,0.274965267217869,"Zhong2025",1998
55,0.0672986097007622,"Zhong2025",1998
56,0,"Zhong2025",1998
57,0,"Zhong2025",1998
58,14.5226904040291,"Zhong2025",1998
59,38.601411497491,"Zhong2025",1998
60,13.9402786390535,"Zhong2025",1998
61,7.22049315391881,"Zhong2025",1998
62,4.63767871766498,"Zhong2025",1998
63,5.87640681242525,"Zhong2025",1998
64,6.77305963648942,"Zhong2025",1998
65,8.75395908364553,"Zhong2025",1998
66,3.02200629528942,"Zhong2025",1998
67,26.1604531575175,"Zhong2025",1998
68,17.9764721903182,"Zhong2025",1998
69,3.662045826905,"Zhong2025",1998
70,2.58660965909561,"Zhong2025",1998
71,9.50268323790951,"Zhong2025",1998
72,3.43292399046079,"Zhong2025",1998
73,6.58309225201377,"Zhong2025",1998
74,5.65598233160811,"Zhong2025",1998
75,12.8173038323136,"Zhong2025",1998
76,12.3369262621953,"Zhong2025",1998
77,7.30133148106662,"Zhong2025",1998
78,17.2807907297235,"Zhong2025",1998
79,8.79261277319603,"Zhong2025",1998
80,10.6905872878963,"Zhong2025",1998
81,6.92001006363914,"Zhong2025",1998
82,10.8956658341447,"Zhong2025",1998
83,9.88582719351958,"Zhong2025",1998
84,3.68268404827558,"Zhong2025",1998
85,7.2528767805867,"Zhong2025",1998
86,4.2851963521698,"Zhong2025",1998
87,5.84006673221394,"Zhong2025",1998
88,13.5014609098434,"Zhong2025",1998
89,3.1146249643896,"Zhong2025",1998
90,9.76327671323504,"Zhong2025",1998
91,8.35947968527588,"Zhong2025",1998
92,34.314335931249,"Zhong2025",1998
93,8.29571630500491,"Zhong2025",1998
94,4.85215021008056,"Zhong2025",1998
95,14.3450009034375,"Zhong2025",1998
96,10.6750817255029,"Zhong2025",1998
97,10.1125372397009,"Zhong2025",1998
98,1.40779627896721,"Zhong2025",1998
99,6.70640122603283,"Zhong2025",1998
100,1.10571131469265,"Zhong2025",1998
101,1.07434229616155,"Zhong2025",1998
102,3.95329260278274,"Zhong2025",1998
103,1.04536554884457,"Zhong2025",1998
104,5.43838173493442,"Zhong2025",1998
105,0.273786751679329,"Zhong2025",1998
106,3.30149119672595,"Zhong2025",1998
107,0.592771765602342,"Zhong2025",1998
108,1.01500502924649,"Zhong2025",1998
109,0.172018077043703,"Zhong2025",1998
110,0.112826646586648,"Zhong2025",1998
111,0.551302106349215,"Zhong2025",1998
112,0.0359837924489633,"Zhong2025",1998
113,0.02176511523766,"Zhong2025",1998
114,7.01123681536743,"Zhong2025",1998
115,1.95224867500956,"Zhong2025",1998
116,0.988589127542707,"Zhong2025",1998
117,0.878249660327395,"Zhong2025",1998
118,3.79127750455037,"Zhong2025",1998
119,1.15620195916854,"Zhong2025",1998
120,2.20937759318111,"Zhong2025",1998
121,0.853620657440049,"Zhong2025",1998
122,0.089653182497367,"Zhong2025",1998
123,7.72224122610436,"Zhong2025",1998
124,0.944132180733934,"Zhong2025",1998
125,3.45919643907297,"Zhong2025",1998
126,5.27415742476781,"Zhong2025",1998
127,1.15460173597064,"Zhong2025",1998
128,6.76573092380026,"Zhong2025",1998
129,5.51664556677525,"Zhong2025",1998
130,6.97037756663965,"Zhong2025",1998
131,11.6422149771351,"Zhong2025",1998
132,3.72563126433181,"Zhong2025",1998
133,4.66940348451176,"Zhong2025",1998
134,2.87602500451936,"Zhong2025",1998
135,0.84135471034913,"Zhong2025",1998
136,6.44643334997079,"Zhong2025",1998
137,7.18270589828491,"Zhong2025",1998
138,1.72767155755025,"Zhong2025",1998
139,2.58696573035272,"Zhong2025",1998
140,2.16524300394488,"Zhong2025",1998
141,2.80340166633393,"Zhong2025",1998
142,4.24882121454149,"Zhong2025",1998
143,0.63034041300416,"Zhong2025",1998
144,0.270108830696399,"Zhong2025",1998
145,5.88744512369235,"Zhong2025",1998
146,2.34177336940815,"Zhong2025",1998
147,4.03836421887434,"Zhong2025",1998
148,0.0696246564819091,"Zhong2025",1998
149,2.18242070108719,"Zhong2025",1998
150,3.93321584473396,"Zhong2025",1998
151,1.23796285350509,"Zhong2025",1998
152,0.575468960483581,"Zhong2025",1998
153,4.06948226238573,"Zhong2025",1998
154,6.14112450251977,"Zhong2025",1998
155,2.94807360161188,"Zhong2025",1998
156,0.112487801257521,"Zhong2025",1998
157,7.2236881027619,"Zhong2025",1998
158,1.66476127584191,"Zhong2025",1998
159,3.27203586183745,"Zhong2025",1998
160,1.77530345110262,"Zhong2025",1998
161,0.811861961885164,"Zhong2025",1998
162,0,"Zhong2025",1998
163,0.173955368542094,"Zhong2025",1998
164,0.335043333341371,"Zhong2025",1998
165,0.100406905264402,"Zhong2025",1998
166,0.00742151150417962,"Zhong2025",1998
167,0.0618421072250502,"Zhong2025",1998
168,0.00408654422815358,"Zhong2025",1998
169,0,"Zhong2025",1998
170,0.0144507715868395,"Zhong2025",1998
171,0,"Zhong2025",1998
172,0,"Zhong2025",1998
173,0.0655699924679471,"Zhong2025",1998
174,0,"Zhong2025",1998
175,0,"Zhong2025",1998
176,0.00237429495857111,"Zhong2025",1998
177,0.0246812248965966,"Zhong2025",1998
178,0,"Zhong2025",1998
179,0,"Zhong2025",1998
180,0.0142057734679408,"Zhong2025",1998
181,0.000903111408071921,"Zhong2025",1998
182,0,"Zhong2025",1998
183,0,"Zhong2025",1998
184,0,"Zhong2025",1998
185,0,"Zhong2025",1998
186,0.00452275103893967,"Zhong2025",1998
187,0.129742047239591,"Zhong2025",1998
188,0.00611953523593724,"Zhong2025",1998
189,0.00128285855058404,"Zhong2025",1998
190,5.67694804121717,"Zhong2025",1998
191,12.4586594415699,"Zhong2025",1998
192,0.191099135614023,"Zhong2025",1998
193,0,"Zhong2025",1998
194,0.703254960328473,"Zhong2025",1998
195,1.78385204577381,"Zhong2025",1998
196,1.22999266022977,"Zhong2025",1998
197,0.0817779462995947,"Zhong2025",1998
198,0.23217244170432,"Zhong2025",1998
199,0.520050788172786,"Zhong2025",1998
200,0.413272566245913,"Zhong2025",1998
201,0,"Zhong2025",1998
202,0.511136190648046,"Zhong2025",1998
203,0.0488432411352685,"Zhong2025",1998
204,4.73587940623783,"Zhong2025",1998
205,0.343949103950306,"Zhong2025",1998
206,1.12567449638881,"Zhong2025",1998
207,0.028265952782361,"Zhong2025",1998
208,0.0861054512983895,"Zhong2025",1998
209,0.14295971250886,"Zhong2025",1998
210,0,"Zhong2025",1998
211,0,"Zhong2025",1998
212,0,"Zhong2025",1998
213,0,"Zhong2025",1998
214,0,"Zhong2025",1998
215,0,"Zhong2025",1998
216,0,"Zhong2025",1998
217,0.0461130280661468,"Zhong2025",1998
218,0,"Zhong2025",1998
219,0,"Zhong2025",1998
220,0.0112836398409989,"Zhong2025",1998
221,0,"Zhong2025",1998
222,0,"Zhong2025",1998
223,0,"Zhong2025",1998
224,0,"Zhong2025",1998
225,0,"Zhong2025",1998
226,0.0400432628015212,"Zhong2025",1998
227,0.00479947115683282,"Zhong2025",1998
228,0.0077414876582116,"Zhong2025",1998
229,0.00474963883588091,"Zhong2025",1998
230,19.2209971104456,"Zhong2025",1998
231,3.33422330144106,"Zhong2025",1998
232,5.26721788287028,"Zhong2025",1998
233,0.176015410316592,"Zhong2025",1998
234,6.5461468470724,"Zhong2025",1998
235,10.1249723169539,"Zhong2025",1998
236,5.06236973677117,"Zhong2025",1998
237,5.50585910453591,"Zhong2025",1998
238,4.85009442811575,"Zhong2025",1998
239,4.50482296812265,"Zhong2025",1998
240,16.2989229068421,"Zhong2025",1998
241,8.97029750630007,"Zhong2025",1998
242,3.83994365055114,"Zhong2025",1998
243,10.6417672743888,"Zhong2025",1998
244,1.23436547593423,"Zhong2025",1998
245,10.3993837772272,"Zhong2025",1998
246,5.33258010018249,"Zhong2025",1998
247,0.740653344015932,"Zhong2025",1998
248,11.6770236059092,"Zhong2025",1998
249,8.66574670987971,"Zhong2025",1998
250,0.767618108519421,"Zhong2025",1998
251,2.27487122674824,"Zhong2025",1998
252,10.0848872039629,"Zhong2025",1998
253,2.07376634132827,"Zhong2025",1998
254,16.5248956882347,"Zhong2025",1998
255,3.67320770362385,"Zhong2025",1998
256,5.86107083910696,"Zhong2025",1998
257,33.0180549350211,"Zhong2025",1998
258,7.80151999273966,"Zhong2025",1998
259,15.6942068280793,"Zhong2025",1998
260,29.3028642237186,"Zhong2025",1998
261,3.90093111769567,"Zhong2025",1998
262,12.8076759080971,"Zhong2025",1998
263,1.49469716095896,"Zhong2025",1998
264,15.8786347275195,"Zhong2025",1998
265,12.7503101252302,"Zhong2025",1998
266,1.89458718573173,"Zhong2025",1998
267,16.9245341340979,"Zhong2025",1998
268,4.1408382249389,"Zhong2025",1998
269,22.8438841438555,"Zhong2025",1998
270,5.05159841304825,"Zhong2025",1998
271,11.6215112814828,"Zhong2025",1998
272,8.87002851812546,"Zhong2025",1998
273,47.9457340770298,"Zhong2025",1998
274,8.65714247148728,"Zhong2025",1998
275,7.05367211029702,"Zhong2025",1998
276,16.3132458574632,"Zhong2025",1998
277,12.5541754869314,"Zhong2025",1998
278,0.698751799680582,"Zhong2025",1998
279,0.320584205091524,"Zhong2025",1998
280,10.2205806403325,"Zhong2025",1998
281,7.26144635156969,"Zhong2025",1998
282,6.00346400898577,"Zhong2025",1998
283,47.2317863651727,"Zhong2025",1998
284,6.98604409655065,"Zhong2025",1998
285,0.146956559048427,"Zhong2025",1998
286,0.137292228827874,"Zhong2025",1998
287,0.357926994959476,"Zhong2025",1998
288,1.29663399492319,"Zhong2025",1998
289,3.98699885210954,"Zhong2025",1998
290,39.204623034046,"Zhong2025",1998
291,0.688754319853239,"Zhong2025",1998
292,18.1547243994777,"Zhong2025",1998
293,5.08143486451899,"Zhong2025",1998
294,0.777590203942964,"Zhong2025",1998
295,0.304860316812992,"Zhong2025",1998
296,0.250680045077675,"Zhong2025",1998
297,2.24084427586986,"Zhong2025",1998
298,0.341077700735464,"Zhong2025",1998
299,1.67182496027285,"Zhong2025",1998
300,15.3584511027617,"Zhong2025",1998
301,4.34228529825033,"Zhong2025",1998
302,0.872160790830912,"Zhong2025",1998
303,21.5702784750197,"Zhong2025",1998
304,1.7450075848568,"Zhong2025",1998
305,0.0687307650431657,"Zhong2025",1998
306,3.26757230144431,"Zhong2025",1998
307,1.05577101342724,"Zhong2025",1998
308,1.61219402654939,"Zhong2025",1998
309,1.01234720045483,"Zhong2025",1998
310,3.23830218133726,"Zhong2025",1998
311,0.646901613424739,"Zhong2025",1998
312,7.3651915956599,"Zhong2025",1998
313,0.787177713055211,"Zhong2025",1998
314,6.35311627666007,"Zhong2025",1998
315,0.340361191186056,"Zhong2025",1998
316,0.327639700456559,"Zhong2025",1998
317,1.08687251732409,"Zhong2025",1998
318,0.544998749635602,"Zhong2025",1998
319,7.29314453027292,"Zhong2025",1998
320,3.99634663319588,"Zhong2025",1998
321,0.481328452361285,"Zhong2025",1998
322,6.86691164884646,"Zhong2025",1998
323,5.83690188393948,"Zhong2025",1998
324,1.57852319763455,"Zhong2025",1998
325,0.572240290306005,"Zhong2025",1998
326,18.1538405579128,"Zhong2025",1998
327,4.05342763718418,"Zhong2025",1998
328,2.01004814700113,"Zhong2025",1998
329,9.64938466330466,"Zhong2025",1998
330,0.591031888970221,"Zhong2025",1998
331,8.29331165221002,"Zhong2025",1998
332,41.5078268647194,"Zhong2025",1998
333,2.50446136980983,"Zhong2025",1998
334,0.481112236966945,"Zhong2025",1998
335,5.96728463701148,"Zhong2025",1998
336,9.31267837939724,"Zhong2025",1998
337,44.590900563482,"Zhong2025",1998
338,4.58014290501331,"Zhong2025",1998
339,2.15755758657434,"Zhong2025",1998
340,5.13831149978796,"Zhong2025",1998
341,10.5922766501705,"Zhong2025",1998
342,1.5325206985926,"Zhong2025",1998
343,1.5124432456038,"Zhong2025",1998
344,2.25910146521393,"Zhong2025",1998
345,9.63719588074976,"Zhong2025",1998
346,3.54848309062142,"Zhong2025",1998
347,5.47113460561054,"Zhong2025",1998
348,0.77025553503711,"Zhong2025",1998
349,0.720363548908178,"Zhong2025",1998
350,1.25500057489154,"Zhong2025",1998
351,20.712619473253,"Zhong2025",1998
352,0.228842126767031,"Zhong2025",1998
353,9.46403496578091,"Zhong2025",1998
354,1.34426933493657,"Zhong2025",1998
355,4.95199018798668,"Zhong2025",1998
356,0.561708416311563,"Zhong2025",1998
357,11.0712569667704,"Zhong2025",1998
358,0.682552673551771,"Zhong2025",1998
359,0.511791152246019,"Zhong2025",1998
360,1.28370680898014,"Zhong2025",1998
361,11.1163825805647,"Zhong2025",1998
362,0.45649247226261,"Zhong2025",1998
363,2.26836399121778,"Zhong2025",1998
364,0.638699839124706,"Zhong2025",1998
365,2.23312486280061,"Zhong2025",1998
366,0.367323639218472,"Zhong2025",1998
367,48.0808869967094,"Zhong2025",1998
368,17.6628073736851,"Zhong2025",1998
369,0.572039675100131,"Zhong2025",1998
370,4.22342337335448,"Zhong2025",1998
371,2.90307680855663,"Zhong2025",1998
372,1.0451275730016,"Zhong2025",1998
373,7.10992081826063,"Zhong2025",1998
374,0.0585124388353368,"Zhong2025",1998
375,13.7002917470471,"Zhong2025",1998
376,4.42991497509906,"Zhong2025",1998
377,0.251999220481632,"Zhong2025",1998
378,0.246785407097272,"Zhong2025",1998
379,0.902500303922232,"Zhong2025",1998
380,0.094969674603947,"Zhong2025",1998
381,10.4440821111202,"Zhong2025",1998
382,25.597119282868,"Zhong2025",1998
383,0.788512281402026,"Zhong2025",1998
384,1.62146079873605,"Zhong2025",1998
385,12.7199662817981,"Zhong2025",1998
386,10.290951756401,"Zhong2025",1998
387,30.616462403323,"Zhong2025",1998
388,4.78099086269231,"Zhong2025",1998
389,3.6193964696711,"Zhong2025",1998
390,62.8271778106689,"Zhong2025",1998
391,6.12204991116942,"Zhong2025",1998
392,11.4480069801827,"Zhong2025",1998
393,7.71035793729954,"Zhong2025",1998
394,28.884474175108,"Zhong2025",1998
395,4.73122876977164,"Zhong2025",1998
396,5.67465081679927,"Zhong2025",1998
397,2.8453593508406,"Zhong2025",1998
398,36.948169448159,"Zhong2025",1998
399,0.124500030043404,"Zhong2025",1998
400,0.239289074424035,"Zhong2025",1998
401,0.0926176870759473,"Zhong2025",1998
402,0.207384970196187,"Zhong2025",1998
403,0,"Zhong2025",1998
404,0,"Zhong2025",1998
405,6.04648462455953,"Zhong2025",1998
406,0.0083220070482049,"Zhong2025",1998
407,0.469797411067066,"Zhong2025",1998
408,0.190457386847805,"Zhong2025",1998
409,0,"Zhong2025",1998
410,0.0569532085631498,"Zhong2025",1998
411,0,"Zhong2025",1998
412,0.0957926760407838,"Zhong2025",1998
413,0,"Zhong2025",1998
414,0,"Zhong2025",1998
415,0,"Zhong2025",1998
416,0,"Zhong2025",1998
417,0.0986380364407193,"Zhong2025",1998
418,0.225959216031483,"Zhong2025",1998
419,0.136875682617979,"Zhong2025",1998
420,0,"Zhong2025",1998
421,0.157367986786253,"Zhong2025",1998
422,0,"Zhong2025",1998
423,0,"Zhong2025",1998
424,0,"Zhong2025",1998
425,0,"Zhong2025",1998
426,0.0572473158008953,"Zhong2025",1998
427,0,"Zhong2025",1998
428,0,"Zhong2025",1998
429,0.214726256539247,"Zhong2025",1998
430,0.223666801201103,"Zhong2025",1998
431,0.00644281585095872,"Zhong2025",1998
432,0,"Zhong2025",1998
433,0.0781687270825272,"Zhong2025",1998
434,0.0308531163239258,"Zhong2025",1998
435,0.00515268614856146,"Zhong2025",1998
436,0.331058449420542,"Zhong2025",1998
437,3.40163219387468,"Zhong2025",1998
438,0.480260005887365,"Zhong2025",1998
439,1.05984612858462,"Zhong2025",1998
440,0.554578432050727,"Zhong2025",1998
441,14.4769066911499,"Zhong2025",1998
442,2.41523665907728,"Zhong2025",1998
443,4.67179824578187,"Zhong2025",1998
444,4.63228418952222,"Zhong2025",1998
445,6.60184815102502,"Zhong2025",1998
446,1.99965056083666,"Zhong2025",1998
447,4.17678900994056,"Zhong2025",1998
448,0.887466992186599,"Zhong2025",1998
449,4.83246294903837,"Zhong2025",1998
450,1.05070373988152,"Zhong2025",1998
451,1.70825829496453,"Zhong2025",1998
452,0.79042492985389,"Zhong2025",1998
453,0.346601249472828,"Zhong2025",1998
454,6.18465143459524,"Zhong2025",1998
455,4.26079950742807,"Zhong2025",1998
456,9.56290440992876,"Zhong2025",1998
457,6.45851139105122,"Zhong2025",1998
458,1.86479576159867,"Zhong2025",1998
459,2.92197418595594,"Zhong2025",1998
460,0.484187190999628,"Zhong2025",1998
461,4.3206610402558,"Zhong2025",1998
462,9.52130380581165,"Zhong2025",1998
463,0.920645469975341,"Zhong2025",1998
464,1.55011746985912,"Zhong2025",1998
465,0.594582064161265,"Zhong2025",1998
466,0.379430887908798,"Zhong2025",1998
467,56.8169120811835,"Zhong2025",1998
468,23.1505384190392,"Zhong2025",1998
469,9.62978334877463,"Zhong2025",1998
470,6.68913175414006,"Zhong2025",1998
471,31.7235263007028,"Zhong2025",1998
472,6.50795684056357,"Zhong2025",1998
473,6.9357833812964,"Zhong2025",1998
474,34.9164039813555,"Zhong2025",1998
475,3.34514297235871,"Zhong2025",1998
476,12.421897511093,"Zhong2025",1998
477,1.83157363483932,"Zhong2025",1998
478,15.7278532187144,"Zhong2025",1998
479,5.87708106636158,"Zhong2025",1998
480,38.3971915308634,"Zhong2025",1998
481,3.65108582266138,"Zhong2025",1998
482,33.1822830362523,"Zhong2025",1998
483,10.3225960960132,"Zhong2025",1998
484,4.25942302902695,"Zhong2025",1998
485,19.865543602144,"Zhong2025",1998
486,54.6573189955491,"Zhong2025",1998
487,10.8235187505682,"Zhong2025",1998
488,11.0542548595331,"Zhong2025",1998
489,8.4378717321401,"Zhong2025",1998
490,19.4889918605313,"Zhong2025",1998
491,0.148208381866469,"Zhong2025",1998
492,0.46695515917186,"Zhong2025",1998
493,0.185108368902049,"Zhong2025",1998
494,4.8503020745665,"Zhong2025",1998
495,1.8422105614139,"Zhong2025",1998
496,0.233400882331565,"Zhong2025",1998
497,3.38457921622974,"Zhong2025",1998
498,1.06191235106539,"Zhong2025",1998
499,12.5194761005437,"Zhong2025",1998
500,1.07111238561225,"Zhong2025",1998
501,7.44567488215782,"Zhong2025",1998
502,2.46095871987998,"Zhong2025",1998
503,0.705204709503608,"Zhong2025",1998
504,1.24010889128197,"Zhong2025",1998
505,3.28571937246028,"Zhong2025",1998
506,1.62246558503187,"Zhong2025",1998
507,3.83335130531176,"Zhong2025",1998
508,0,"Zhong2025",1998
509,1.82479505506236,"Zhong2025",1998
510,0.433601882474867,"Zhong2025",1998
511,0,"Zhong2025",1998
512,0.102485955653221,"Zhong2025",1998
513,0.141127075864861,"Zhong2025",1998
514,0.280530962227871,"Zhong2025",1998
515,3.56589949754781,"Zhong2025",1998
516,3.46245509491471,"Zhong2025",1998
517,2.48166734196696,"Zhong2025",1998
518,0.0694355774977155,"Zhong2025",1998
519,2.11843436365401,"Zhong2025",1998
520,0.67906952785107,"Zhong2025",1998
521,0.187300719912839,"Zhong2025",1998
522,5.60624049229352,"Zhong2025",1998
523,9.54157110047669,"Zhong2025",1998
524,0.161467819536577,"Zhong2025",1998
525,0.23237899201743,"Zhong2025",1998
526,2.14336756637117,"Zhong2025",1998
527,2.40995437807093,"Zhong2025",1998
528,0.0141875946595345,"Zhong2025",1998
529,19.8601004111168,"Zhong2025",1998
530,9.67591111241511,"Zhong2025",1998
531,4.52540981541765,"Zhong2025",1998
532,1.51786879700393,"Zhong2025",1998
533,0.950492709458751,"Zhong2025",1998
534,2.18880149321213,"Zhong2025",1998
535,0.513118626697465,"Zhong2025",1998
536,1.77157186612932,"Zhong2025",1998
537,1.51811297473731,"Zhong2025",1998
538,1.75506480871218,"Zhong2025",1998
539,1.89694291402894,"Zhong2025",1998
540,3.81286099805733,"Zhong2025",1998
541,7.22756787795055,"Zhong2025",1998
542,1.30899705778088,"Zhong2025",1998
543,2.6667205701005,"Zhong2025",1998
544,2.74068388291826,"Zhong2025",1998
545,1.38833046784637,"Zhong2025",1998
546,2.03832408407653,"Zhong2025",1998
547,2.12653858355678,"Zhong2025",1998
548,1.91321176682076,"Zhong2025",1998
549,1.27723260923898,"Zhong2025",1998
550,1.19258710166207,"Zhong2025",1998
551,2.4118738016851,"Zhong2025",1998
552,1.3422576088853,"Zhong2025",1998
553,0.833463735918834,"Zhong2025",1998
554,1.86130566611374,"Zhong2025",1998
555,0.355214957227497,"Zhong2025",1998
556,0.706084002485076,"Zhong2025",1998
557,4.22320140307451,"Zhong2025",1998
558,5.21465450059077,"Zhong2025",1998
559,2.4775940753623,"Zhong2025",1998
560,1.94950231067924,"Zhong2025",1998
561,3.46935365851857,"Zhong2025",1998
562,14.9395236687454,"Zhong2025",1998
563,1.47923565411286,"Zhong2025",1998
564,1.51336914814546,"Zhong2025",1998
565,5.6291996124837,"Zhong2025",1998
566,0.96494543658326,"Zhong2025",1998
567,4.51244839542758,"Zhong2025",1998
568,0.448678208102456,"Zhong2025",1998
569,1.82794613791164,"Zhong2025",1998
570,0.276320478195944,"Zhong2025",1998
571,2.79986171625442,"Zhong2025",1998
572,0.801839853496417,"Zhong2025",1998
573,0.814219015642376,"Zhong2025",1998
574,1.39605963976896,"Zhong2025",1998
575,1.10031187821464,"Zhong2025",1998
576,3.47458214217657,"Zhong2025",1998
577,0.339534915201826,"Zhong2025",1998
578,1.72643870622421,"Zhong2025",1998
579,0.741675484788642,"Zhong2025",1998
580,3.80577116237705,"Zhong2025",1998
581,1.54419099052556,"Zhong2025",1998
582,0.339122393248642,"Zhong2025",1998
583,0.285234454450971,"Zhong2025",1998
584,0.942610296106045,"Zhong2025",1998
585,0.93396526582129,"Zhong2025",1998
586,1.08191936830473,"Zhong2025",1998
587,0.662750441278368,"Zhong2025",1998
588,0.141565520447993,"Zhong2025",1998
589,2.37245749330241,"Zhong2025",1998
590,1.49420407106695,"Zhong2025",1998
591,3.37465774644308,"Zhong2025",1998
592,0.492640470373231,"Zhong2025",1998
593,0.213130052731587,"Zhong2025",1998
594,6.7175924767908,"Zhong2025",1998
595,0.583485577689157,"Zhong2025",1998
596,0.0368082618794127,"Zhong2025",1998
597,9.27626767685684,"Zhong2025",1998
598,1.12676636595629,"Zhong2025",1998
599,2.46504100036488,"Zhong2025",1998
600,1.42249274487377,"Zhong2025",1998
601,3.83333072613389,"Zhong2025",1998
602,1.65377655830706,"Zhong2025",1998
603,23.4348226777438,"Zhong2025",1998
604,3.05045458905131,"Zhong2025",1998
605,1.69141999900327,"Zhong2025",1998
606,5.54252444829443,"Zhong2025",1998
607,9.43392631384324,"Zhong2025",1998
608,18.7480108976364,"Zhong2025",1998
609,3.50299829724191,"Zhong2025",1998
610,1.58959756618695,"Zhong2025",1998
611,2.19829200588253,"Zhong2025",1998
612,0.317386477681187,"Zhong2025",1998
613,2.78823823156763,"Zhong2025",1998
614,6.34028466642077,"Zhong2025",1998
615,0.524060945886901,"Zhong2025",1998
616,3.65359736880436,"Zhong2025",1998
617,5.22344089415856,"Zhong2025",1998
618,12.4585915331072,"Zhong2025",1998
619,0.431762798965057,"Zhong2025",1998
620,6.7898987278592,"Zhong2025",1998
621,2.20830000596824,"Zhong2025",1998
622,1.94814332080211,"Zhong2025",1998
623,6.64546336461992,"Zhong2025",1998
624,4.47720992573165,"Zhong2025",1998
625,0.371283488670597,"Zhong2025",1998
626,5.52759396459119,"Zhong2025",1998
627,8.11156241015436,"Zhong2025",1998
628,11.7683630763423,"Zhong2025",1998
629,43.7956340577867,"Zhong2025",1998
630,11.9727831508802,"Zhong2025",1998
631,0.719965088156661,"Zhong2025",1998
632,0.0363716963361058,"Zhong2025",1998
633,0.0291274266414446,"Zhong2025",1998
634,1.12254269817664,"Zhong2025",1998
635,0.162191948557616,"Zhong2025",1998
636,3.06404804877445,"Zhong2025",1998
637,0.244051567229088,"Zhong2025",1998
638,26.9368094652891,"Zhong2025",1998
639,2.43362874279339,"Zhong2025",1998
640,0.565353523673488,"Zhong2025",1998
641,1.24878989464734,"Zhong2025",1998
642,1.34606436526316,"Zhong2025",1998
643,1.69196136082922,"Zhong2025",1998
644,0.383871938872506,"Zhong2025",1998
645,1.38957455588745,"Zhong2025",1998
646,6.64693945529414,"Zhong2025",1998
647,0,"Zhong2025",1998
648,1.18493901355928,"Zhong2025",1998
649,6.0173525764392,"Zhong2025",1998
650,2.78659500623191,"Zhong2025",1998
651,0.145485795633514,"Zhong2025",1998
652,2.66542318398538,"Zhong2025",1998
653,1.75644434613079,"Zhong2025",1998
654,11.0948093931523,"Zhong2025",1998
655,0.14830940464264,"Zhong2025",1998
656,1.19801158333353,"Zhong2025",1998
657,3.52480638701961,"Zhong2025",1998
658,3.53222425331672,"Zhong2025",1998
659,5.10416828287015,"Zhong2025",1998
660,0.195389010967352,"Zhong2025",1998
661,8.18441510885473,"Zhong2025",1998
662,0.230742417816772,"Zhong2025",1998
663,3.01647891101117,"Zhong2025",1998
664,0.0956370787961142,"Zhong2025",1998
665,0.712981833625912,"Zhong2025",1998
666,1.30466411431657,"Zhong2025",1998
667,0,"Zhong2025",1998
668,1.75645751299324,"Zhong2025",1998
669,0.890312648654067,"Zhong2025",1998
670,0.0700499105118627,"Zhong2025",1998
671,1.54936691964487,"Zhong2025",1998
672,15.1159489873098,"Zhong2025",1998
673,5.63119376090265,"Zhong2025",1998
674,0.659058854282783,"Zhong2025",1998
675,5.65287809595022,"Zhong2025",1998
676,2.65231152073968,"Zhong2025",1998
677,0.83914118151198,"Zhong2025",1998
678,1.19651345979353,"Zhong2025",1998
679,6.42903032968211,"Zhong2025",1998
680,4.41042487253976,"Zhong2025",1998
681,1.37721066645509,"Zhong2025",1998
682,1.22553759653187,"Zhong2025",1998
683,13.3411884783786,"Zhong2025",1998
684,0.721980635625908,"Zhong2025",1998
685,1.67129975031704,"Zhong2025",1998
686,7.94653104374741,"Zhong2025",1998
687,6.83908185794059,"Zhong2025",1998
688,0.116124959915633,"Zhong2025",1998
689,1.11216504622081,"Zhong2025",1998
690,3.19855400736402,"Zhong2025",1998
691,1.40093850430955,"Zhong2025",1998
692,18.5096381107966,"Zhong2025",1998
693,2.72448246745178,"Zhong2025",1998
694,6.58911502701896,"Zhong2025",1998
695,5.47693824718396,"Zhong2025",1998
696,0.254833727670105,"Zhong2025",1998
697,6.29819389150471,"Zhong2025",1998
698,1.01908678750803,"Zhong2025",1998
699,0.165727754766565,"Zhong2025",1998
700,3.17909066445298,"Zhong2025",1998
701,0.217185565011375,"Zhong2025",1998
702,3.40747417671525,"Zhong2025",1998
703,6.24124448859884,"Zhong2025",1998
704,14.2820616015073,"Zhong2025",1998
705,1.86756703617244,"Zhong2025",1998
706,31.2777060680702,"Zhong2025",1998
707,4.89796782710722,"Zhong2025",1998
708,3.96525724292807,"Zhong2025",1998
709,0.232075843724422,"Zhong2025",1998
710,7.08221993574374,"Zhong2025",1998
711,0.441623379272061,"Zhong2025",1998
712,8.30061919372703,"Zhong2025",1998
713,0.63593690574282,"Zhong2025",1998
714,2.64492357213323,"Zhong2025",1998
715,0.399669110830803,"Zhong2025",1998
716,0,"Zhong2025",1998
717,1.53794491202968,"Zhong2025",1998
718,2.78195759360537,"Zhong2025",1998
719,0.889728871653689,"Zhong2025",1998
720,0.228257767506329,"Zhong2025",1998
721,2.11610612482047,"Zhong2025",1998
722,4.12037380158224,"Zhong2025",1998
723,9.01710455545973,"Zhong2025",1998
724,0.687362300572188,"Zhong2025",1998
725,5.50748177516608,"Zhong2025",1998
726,0.36151154779661,"Zhong2025",1998
727,0.729614467001878,"Zhong2025",1998
728,1.96427337975815,"Zhong2025",1998
729,0.769945203566255,"Zhong2025",1998
730,6.19528206889059,"Zhong2025",1998
731,0.857225199871719,"Zhong2025",1998
732,9.08736509001917,"Zhong2025",1998
733,1.24795706011355,"Zhong2025",1998
734,0.397472575029713,"Zhong2025",1998
735,0.0109565784646706,"Zhong2025",1998
736,1.75571950891476,"Zhong2025",1998
737,3.8365490092965,"Zhong2025",1998
738,5.27711659669876,"Zhong2025",1998
739,2.68239543612874,"Zhong2025",1998
740,10.5895970424016,"Zhong2025",1998
741,0.214139952377411,"Zhong2025",1998
742,2.56018901193006,"Zhong2025",1998
743,11.5103113280402,"Zhong2025",1998
744,0.905830621366968,"Zhong2025",1998
745,9.23150335981491,"Zhong2025",1998
746,2.25428874286321,"Zhong2025",1998
747,17.3873719536528,"Zhong2025",1998
748,2.02345476388222,"Zhong2025",1998
749,1.06225524332963,"Zhong2025",1998
750,1.24967439257111,"Zhong2025",1998
751,2.00011315385173,"Zhong2025",1998
752,12.3115627056844,"Zhong2025",1998
753,0.794576711822838,"Zhong2025",1998
754,0,"Zhong2025",1998
755,5.05433659038918,"Zhong2025",1998
756,2.7732890108316,"Zhong2025",1998
757,0,"Zhong2025",1998
758,0.228194722152341,"Zhong2025",1998
759,0.0602582541324439,"Zhong2025",1998
760,0.0606127574951078,"Zhong2025",1998
761,12.9875560741799,"Zhong2025",1998
762,14.9958086863969,"Zhong2025",1998
763,13.3429697089725,"Zhong2025",1998
764,11.0395344258041,"Zhong2025",1998
765,1.9142776126577,"Zhong2025",1998
766,6.15929788351059,"Zhong2025",1998
767,13.7450193859282,"Zhong2025",1998
768,0.2182162307186,"Zhong2025",1998
769,16.1904711042132,"Zhong2025",1998
770,48.2975247469815,"Zhong2025",1998
771,0.417747014390054,"Zhong2025",1998
772,9.30000249544779,"Zhong2025",1998
773,1.175693581458,"Zhong2025",1998
774,2.25559063481157,"Zhong2025",1998
775,9.35861777647948,"Zhong2025",1998
776,8.99898878599813,"Zhong2025",1998
777,6.16026273854077,"Zhong2025",1998
778,12.948156643449,"Zhong2025",1998
779,51.7520572209762,"Zhong2025",1998
780,5.5037611317018,"Zhong2025",1998
781,19.215156369093,"Zhong2025",1998
782,0.178641912221376,"Zhong2025",1998
783,29.8964069343749,"Zhong2025",1998
784,1.53051385272717,"Zhong2025",1998
785,3.52389003568086,"Zhong2025",1998
786,50.9780830495498,"Zhong2025",1998
787,6.39521016925573,"Zhong2025",1998
788,0.704649728611342,"Zhong2025",1998
789,18.6007372168608,"Zhong2025",1998
790,1.38596752127667,"Zhong2025",1998
791,1.1981593717275,"Zhong2025",1998
792,13.7817360143192,"Zhong2025",1998
793,6.20271903636555,"Zhong2025",1998
794,3.34731230674953,"Zhong2025",1998
795,8.21385033117405,"Zhong2025",1998
796,4.16306300218008,"Zhong2025",1998
797,3.68387653281106,"Zhong2025",1998
798,8.63430932030749,"Zhong2025",1998
799,1.05290248341345,"Zhong2025",1998
800,0.100275908008092,"Zhong2025",1998
801,2.09869028323508,"Zhong2025",1998
802,1.3759573368959,"Zhong2025",1998
803,20.7064308632975,"Zhong2025",1998
804,17.3798207223415,"Zhong2025",1998
805,1.77550850611345,"Zhong2025",1998
806,0.993715933167978,"Zhong2025",1998
807,10.6275248056577,"Zhong2025",1998
808,4.89324840744957,"Zhong2025",1998
809,1.36735545371428,"Zhong2025",1998
810,44.0912077678897,"Zhong2025",1998
811,1.89643901772797,"Zhong2025",1998
812,0.255048986310622,"Zhong2025",1998
813,8.48903983214806,"Zhong2025",1998
814,10.9972480099935,"Zhong2025",1998
815,12.7267425219218,"Zhong2025",1998
816,2.64385256028424,"Zhong2025",1998
817,6.48796133677165,"Zhong2025",1998
818,1.52659813539376,"Zhong2025",1998
819,3.44315056230908,"Zhong2025",1998
820,0,"Zhong2025",1998
821,8.58223960206315,"Zhong2025",1998
822,0.0913717560230021,"Zhong2025",1998
823,3.34106748775569,"Zhong2025",1998
824,2.9206185540298,"Zhong2025",1998
825,1.12274786433223,"Zhong2025",1998
826,5.06385601489317,"Zhong2025",1998
827,1.76680852748352,"Zhong2025",1998
828,6.52625409639799,"Zhong2025",1998
829,9.43613704534677,"Zhong2025",1998
830,18.1526078365467,"Zhong2025",1998
831,19.6856832199908,"Zhong2025",1998
832,1.7808340740605,"Zhong2025",1998
833,0.102784277413224,"Zhong2025",1998
834,9.24550704054889,"Zhong2025",1998
835,12.6570738090957,"Zhong2025",1998
836,8.89388432733765,"Zhong2025",1998
837,17.2424934667699,"Zhong2025",1998
838,7.60099394181195,"Zhong2025",1998
839,31.9258963859687,"Zhong2025",1998
840,11.1195296054537,"Zhong2025",1998
841,9.69116355654905,"Zhong2025",1998
842,3.14020987305056,"Zhong2025",1998
843,3.64956931182004,"Zhong2025",1998
844,8.11225434144338,"Zhong2025",1998
845,26.4430066422571,"Zhong2025",1998
846,2.72090950801481,"Zhong2025",1998
847,15.9121201833089,"Zhong2025",1998
848,35.5204521241735,"Zhong2025",1998
849,14.7750565740797,"Zhong2025",1998
850,3.72558952446481,"Zhong2025",1998
851,9.73766844640136,"Zhong2025",1998
852,32.8213757069906,"Zhong2025",1998
853,0.000378986894104042,"Zhong2025",1998
854,1.29474891212864,"Zhong2025",1998
855,10.601129540452,"Zhong2025",1998
856,13.7863922251595,"Zhong2025",1998
857,1.90147874155398,"Zhong2025",1998
858,1.96823882167324,"Zhong2025",1998
859,1.19319396032217,"Zhong2025",1998
860,6.71052851742261,"Zhong2025",1998
861,0.158371030673152,"Zhong2025",1998
862,5.82611000340832,"Zhong2025",1998
863,12.9907444447887,"Zhong2025",1998
864,9.26714581999668,"Zhong2025",1998
865,0.116524590328336,"Zhong2025",1998
866,13.8125071121474,"Zhong2025",1998
867,18.450100513529,"Zhong2025",1998
868,10.9422236012888,"Zhong2025",1998
869,11.2906224376464,"Zhong2025",1998
870,0.895449769387636,"Zhong2025",1998
871,0.155702501351856,"Zhong2025",1998
872,3.56218310013331,"Zhong2025",1998
873,0.00744436333576838,"Zhong2025",1998
874,0.186892232717946,"Zhong2025",1998
875,0.458815122988577,"Zhong2025",1998
876,6.25630321404764,"Zhong2025",1998
877,0.396000646979065,"Zhong2025",1998
878,2.65628691283976,"Zhong2025",1998
879,3.10189258265552,"Zhong2025",1998
880,1.68840150212772,"Zhong2025",1998
881,0.259120262072039,"Zhong2025",1998
882,1.18014992400157,"Zhong2025",1998
883,1.60305880710048,"Zhong2025",1998
884,0.516421139511575,"Zhong2025",1998
885,1.08338255328018,"Zhong2025",1998
886,19.9967153800858,"Zhong2025",1998
887,1.18645724361782,"Zhong2025",1998
888,0.180096800753174,"Zhong2025",1998
889,6.92113300183021,"Zhong2025",1998
890,5.18066680878992,"Zhong2025",1998
891,1.57848530536382,"Zhong2025",1998
892,5.55004182029912,"Zhong2025",1998
893,2.83363353247168,"Zhong2025",1998
894,0.8611269777673,"Zhong2025",1998
895,0.794798009826631,"Zhong2025",1998
896,12.0619754182881,"Zhong2025",1998
897,2.68347820800148,"Zhong2025",1998
898,0.370444478434372,"Zhong2025",1998
899,0.175369749819763,"Zhong2025",1998
900,0.299584068149767,"Zhong2025",1998
901,26.5297704531689,"Zhong2025",1998
902,0.0888804104874831,"Zhong2025",1998
903,1.14444290043579,"Zhong2025",1998
904,0.392905245457254,"Zhong2025",1998
905,0.720977028495608,"Zhong2025",1998
906,1.04638656218079,"Zhong2025",1998
907,0.591504829286184,"Zhong2025",1998
908,0.508069175112504,"Zhong2025",1998
909,22.4446848130405,"Zhong2025",1998
910,12.8128574465445,"Zhong2025",1998
911,4.19301770939583,"Zhong2025",1998
912,0.144612463788437,"Zhong2025",1998
913,0.0349603432426922,"Zhong2025",1998
914,1.52586466203156,"Zhong2025",1998
915,0.20028846259593,"Zhong2025",1998
916,1.77915157641143,"Zhong2025",1998
917,0.00121862297428065,"Zhong2025",1998
918,0.37958845587742,"Zhong2025",1998
919,0.381953985360451,"Zhong2025",1998
920,0.555379186864369,"Zhong2025",1998
921,5.01266937436361,"Zhong2025",1998
922,1.27864049909607,"Zhong2025",1998
923,0.0542961024902324,"Zhong2025",1998
924,0,"Zhong2025",1998
925,0.144964108343447,"Zhong2025",1998
926,0.124004344264197,"Zhong2025",1998
927,0.138870868242318,"Zhong2025",1998
928,0.0657014707345593,"Zhong2025",1998
929,0.0231956737645199,"Zhong2025",1998
930,4.67742281039746,"Zhong2025",1998
931,0.472351485872124,"Zhong2025",1998
932,0.114207713525049,"Zhong2025",1998
933,0,"Zhong2025",1998
934,0.157986457412481,"Zhong2025",1998
935,0.0552705559927491,"Zhong2025",1998
936,0.00664527593575902,"Zhong2025",1998
937,0.00350767865462824,"Zhong2025",1998
938,0.0143329644237287,"Zhong2025",1998
939,10.7304747689724,"Zhong2025",1998
940,1.84352209038652,"Zhong2025",1998
941,1.23770222679534,"Zhong2025",1998
942,2.7463526638361,"Zhong2025",1998
943,0.508484848737717,"Zhong2025",1998
944,0.79605749109819,"Zhong2025",1998
945,0.259806386494036,"Zhong2025",1998
946,0.942170793238615,"Zhong2025",1998
947,0.349278350961758,"Zhong2025",1998
948,1.33971587988463,"Zhong2025",1998
949,0.253174846400381,"Zhong2025",1998
950,6.82210932423268,"Zhong2025",1998
951,0,"Zhong2025",1998
952,1.59609450175344,"Zhong2025",1998
953,3.65871760646328,"Zhong2025",1998
954,6.27582149433367,"Zhong2025",1998
955,0.287624077005274,"Zhong2025",1998
956,0.29522942727033,"Zhong2025",1998
957,0.575407248031877,"Zhong2025",1998
958,0.378047356047844,"Zhong2025",1998
959,1.09829151946904,"Zhong2025",1998
960,0.585474194406368,"Zhong2025",1998
961,3.91034427531366,"Zhong2025",1998
962,0.572515232770732,"Zhong2025",1998
963,4.10861011504779,"Zhong2025",1998
964,1.08281089316543,"Zhong2025",1998
965,14.2626674236959,"Zhong2025",1998
966,3.60907063705249,"Zhong2025",1998
967,3.76224007378949,"Zhong2025",1998
968,0.0674827382401698,"Zhong2025",1998
969,4.45882497580942,"Zhong2025",1998
970,0.404780964879994,"Zhong2025",1998
971,2.26599312132532,"Zhong2025",1998
972,0.689591486064334,"Zhong2025",1998
973,6.68360577104098,"Zhong2025",1998
974,1.14394471584819,"Zhong2025",1998
975,0.362693309255479,"Zhong2025",1998
976,0,"Zhong2025",1998
977,0.0381097449673771,"Zhong2025",1998
978,1.23480831567906,"Zhong2025",1998
979,17.4430595222785,"Zhong2025",1998
980,4.71560907107941,"Zhong2025",1998
981,8.86561543424547,"Zhong2025",1998
982,0.514206307913808,"Zhong2025",1998
983,2.08199670024024,"Zhong2025",1998
984,0.461394049434198,"Zhong2025",1998
985,1.42752046660244,"Zhong2025",1998
986,0.0974739261692131,"Zhong2025",1998
987,0.0927241532654877,"Zhong2025",1998
988,0.359157010198147,"Zhong2025",1998
989,0.568320386516293,"Zhong2025",1998
990,2.22850402470317,"Zhong2025",1998
991,0,"Zhong2025",1998
992,3.72927167996372,"Zhong2025",1998
993,0.541504052586356,"Zhong2025",1998
994,0.579939607999095,"Zhong2025",1998
995,0,"Zhong2025",1998
996,2.86577066080797,"Zhong2025",1998
997,6.97054871926938,"Zhong2025",1998
998,0.487893755390426,"Zhong2025",1998
999,2.26124745463171,"Zhong2025",1998
1000,10.8207882654135,"Zhong2025",1998
1001,0,"Zhong2025",1998
1002,3.14021830703419,"Zhong2025",1998
1003,0,"Zhong2025",1998
1004,1.07335855626035,"Zhong2025",1998
1005,0.143292294600862,"Zhong2025",1998
1006,0,"Zhong2025",1998
1007,0.196195650245039,"Zhong2025",1998
1008,9.41334485718635,"Zhong2025",1998
1009,0.918476475558452,"Zhong2025",1998
1010,0.141730154874244,"Zhong2025",1998
1011,0.34802639928724,"Zhong2025",1998
1012,2.40160253852039,"Zhong2025",1998
1013,0.878707996558617,"Zhong2025",1998
1014,1.83880052127999,"Zhong2025",1998
1015,0.912091060728795,"Zhong2025",1998
1016,3.2457836779918,"Zhong2025",1998
1017,1.3510136507608,"Zhong2025",1998
1018,0.317022380094196,"Zhong2025",1998
1019,0.616509479167206,"Zhong2025",1998
1020,0.138401761373303,"Zhong2025",1998
1021,0.173359099735706,"Zhong2025",1998
1022,7.12216008658687,"Zhong2025",1998
1023,2.44559338865247,"Zhong2025",1998
1024,0,"Zhong2025",1998
1025,12.2763562777947,"Zhong2025",1998
1026,1.85203086092266,"Zhong2025",1998
1027,0.273593238538428,"Zhong2025",1998
1028,0.235908121146538,"Zhong2025",1998
1029,0.509083467571041,"Zhong2025",1998
1030,0.886915263556413,"Zhong2025",1998
1031,0.0789825982280105,"Zhong2025",1998
1032,4.34056225012649,"Zhong2025",1998
1033,1.22815368172981,"Zhong2025",1998
1034,2.3360062508614,"Zhong2025",1998
1035,8.7155266383238,"Zhong2025",1998
1036,2.46510467133082,"Zhong2025",1998
1037,0.201777002422911,"Zhong2025",1998
1038,0.910438628451843,"Zhong2025",1998
1039,0.636041511954932,"Zhong2025",1998
1040,0,"Zhong2025",1998
1041,1.7887574737232,"Zhong2025",1998
1042,0.0636663936264621,"Zhong2025",1998
1043,0,"Zhong2025",1998
1044,0.784298611847176,"Zhong2025",1998
1045,0,"Zhong2025",1998
1046,1.03326784246243,"Zhong2025",1998
1047,1.04249350670825,"Zhong2025",1998
1048,0.286131779654561,"Zhong2025",1998
1049,0.0103732960272505,"Zhong2025",1998
1050,0.442345658963775,"Zhong2025",1998
1051,0.298782987771191,"Zhong2025",1998
1052,0.285481366551888,"Zhong2025",1998
1053,3.21767476637086,"Zhong2025",1998
1054,8.56872379034758,"Zhong2025",1998
1055,0.250637838544126,"Zhong2025",1998
1056,0.842415756684669,"Zhong2025",1998
1057,10.9320810876515,"Zhong2025",1998
1058,37.3900986252544,"Zhong2025",1998
1059,0.206605643873483,"Zhong2025",1998
1060,0,"Zhong2025",1998
1061,9.79685826411878,"Zhong2025",1998
1062,38.1781980875062,"Zhong2025",1998
1063,11.1651404781348,"Zhong2025",1998
1064,0.193095055843094,"Zhong2025",1998
1065,2.92006261232971,"Zhong2025",1998
1066,1.33007902364898,"Zhong2025",1998
1067,0.741768449454597,"Zhong2025",1998
1068,1.98981574926418,"Zhong2025",1998
1069,0.0669290638380797,"Zhong2025",1998
1070,1.59180690724587,"Zhong2025",1998
1071,8.58743933525872,"Zhong2025",1998
1072,1.79602732157788,"Zhong2025",1998
1073,0.432570335642263,"Zhong2025",1998
1074,5.88858666937602,"Zhong2025",1998
1075,0.870536218035819,"Zhong2025",1998
1076,0.805568349021966,"Zhong2025",1998
1077,0.289595302516998,"Zhong2025",1998
1078,16.5229426114456,"Zhong2025",1998
1079,3.93318291896501,"Zhong2025",1998
1080,19.6890626047172,"Zhong2025",1998
1081,7.73663503322018,"Zhong2025",1998
1082,7.12095892230483,"Zhong2025",1998
1083,1.6426225093885,"Zhong2025",1998
1084,5.0468952691738,"Zhong2025",1998
1085,5.43089719887398,"Zhong2025",1998
1086,5.5863716267664,"Zhong2025",1998
1087,8.19892256677278,"Zhong2025",1998
1088,14.8887806000399,"Zhong2025",1998
1089,0.115463860131144,"Zhong2025",1998
1090,0.624933892622739,"Zhong2025",1998
1091,0.761096756037345,"Zhong2025",1998
1092,6.0941351286962,"Zhong2025",1998
1093,6.09249768676874,"Zhong2025",1998
1094,0.0945786396625175,"Zhong2025",1998
1095,3.9043238914484,"Zhong2025",1998
1096,13.5256240472907,"Zhong2025",1998
1097,0.025372380556776,"Zhong2025",1998
1098,0,"Zhong2025",1998
1099,0.999352337067217,"Zhong2025",1998
1100,8.64369233823981,"Zhong2025",1998
1101,0.443942474915871,"Zhong2025",1998
1102,3.95059416935258,"Zhong2025",1998
1103,0.186496012250305,"Zhong2025",1998
1104,5.86132568175002,"Zhong2025",1998
1105,1.42597910150905,"Zhong2025",1998
1106,3.9453790643758,"Zhong2025",1998
1107,1.91329339756149,"Zhong2025",1998
1108,0.617644289347114,"Zhong2025",1998
1109,2.90777120400559,"Zhong2025",1998
1110,1.63311356588495,"Zhong2025",1998
1111,3.51734176304668,"Zhong2025",1998
1112,26.2434002205178,"Zhong2025",1998
1113,33.1152600331522,"Zhong2025",1998
1114,53.5053286325364,"Zhong2025",1998
1115,28.3885297356071,"Zhong2025",1998
1116,39.8929653083329,"Zhong2025",1998
1117,18.4561753969926,"Zhong2025",1998
1118,28.9308645261986,"Zhong2025",1998
1119,2.11607330523883,"Zhong2025",1998
1120,6.67048769757782,"Zhong2025",1998
1121,53.1027680635452,"Zhong2025",1998
1122,50.8179051248651,"Zhong2025",1998
1,1.17076853341243,"Zhong2025",1999
2,0,"Zhong2025",1999
3,0.10283851292419,"Zhong2025",1999
4,0.325742977792558,"Zhong2025",1999
5,0.137036048355632,"Zhong2025",1999
6,0.0341208161360212,"Zhong2025",1999
7,0.0495095984478291,"Zhong2025",1999
8,0.0406356550692046,"Zhong2025",1999
9,0.0458678121781708,"Zhong2025",1999
10,0.0466768539503991,"Zhong2025",1999
11,0.0136700619265449,"Zhong2025",1999
12,0.0200063646023593,"Zhong2025",1999
13,0.00139158891181434,"Zhong2025",1999
14,0.0437199422111454,"Zhong2025",1999
15,0.430237786267215,"Zhong2025",1999
16,0.059624809171431,"Zhong2025",1999
17,14.4840082343899,"Zhong2025",1999
18,0.250852050560136,"Zhong2025",1999
19,0.0386136220675884,"Zhong2025",1999
20,0.276484806607995,"Zhong2025",1999
21,0.55814089643068,"Zhong2025",1999
22,1.92546029489681,"Zhong2025",1999
23,2.77422783421433,"Zhong2025",1999
24,2.37991877707673,"Zhong2025",1999
25,3.90591820830096,"Zhong2025",1999
26,3.51940586030135,"Zhong2025",1999
27,2.77512098577316,"Zhong2025",1999
28,12.1500711629886,"Zhong2025",1999
29,0.113688717119264,"Zhong2025",1999
30,0.232236112795981,"Zhong2025",1999
31,0.62291738382456,"Zhong2025",1999
32,0.0366610966560394,"Zhong2025",1999
33,0.415717942925417,"Zhong2025",1999
34,9.51168467792763,"Zhong2025",1999
35,1.14360455328717,"Zhong2025",1999
36,9.00123847497476,"Zhong2025",1999
37,0.0914415154687738,"Zhong2025",1999
38,0.646031607677112,"Zhong2025",1999
39,0.336923954841908,"Zhong2025",1999
40,13.864631361083,"Zhong2025",1999
41,19.8142405625047,"Zhong2025",1999
42,0.599125540050279,"Zhong2025",1999
43,1.13414907158179,"Zhong2025",1999
44,0.0137254706834821,"Zhong2025",1999
45,8.05093807323989,"Zhong2025",1999
46,0,"Zhong2025",1999
47,1.81639633987312,"Zhong2025",1999
48,0.983016290518987,"Zhong2025",1999
49,2.40097463449228,"Zhong2025",1999
50,0,"Zhong2025",1999
51,8.22167552821769,"Zhong2025",1999
52,0.536610053468821,"Zhong2025",1999
53,0.989848295002649,"Zhong2025",1999
54,0.28451123186574,"Zhong2025",1999
55,0.0701007809174074,"Zhong2025",1999
56,0,"Zhong2025",1999
57,0,"Zhong2025",1999
58,14.8886578821001,"Zhong2025",1999
59,38.6090307606591,"Zhong2025",1999
60,14.8239823292042,"Zhong2025",1999
61,7.38518577501626,"Zhong2025",1999
62,4.47023327397673,"Zhong2025",1999
63,5.9006777221201,"Zhong2025",1999
64,7.00882274168881,"Zhong2025",1999
65,9.06171474256421,"Zhong2025",1999
66,3.13191396465348,"Zhong2025",1999
67,26.1604531575175,"Zhong2025",1999
68,18.0666318977152,"Zhong2025",1999
69,3.70182567151765,"Zhong2025",1999
70,2.73925298542612,"Zhong2025",1999
71,9.5997315864914,"Zhong2025",1999
72,3.55493876721135,"Zhong2025",1999
73,6.66874903727172,"Zhong2025",1999
74,5.91394527837157,"Zhong2025",1999
75,13.0411566876313,"Zhong2025",1999
76,13.9900937887338,"Zhong2025",1999
77,7.37144180861386,"Zhong2025",1999
78,17.5201838359851,"Zhong2025",1999
79,8.93934833074129,"Zhong2025",1999
80,10.8270482355346,"Zhong2025",1999
81,6.98882184893088,"Zhong2025",1999
82,11.3194159770955,"Zhong2025",1999
83,10.1865467982436,"Zhong2025",1999
84,3.66609436481559,"Zhong2025",1999
85,7.2476853103407,"Zhong2025",1999
86,4.68847117156684,"Zhong2025",1999
87,6.24265650082822,"Zhong2025",1999
88,13.9883673667908,"Zhong2025",1999
89,3.17187575271951,"Zhong2025",1999
90,9.82590179683782,"Zhong2025",1999
91,8.48531959489075,"Zhong2025",1999
92,34.3993215641054,"Zhong2025",1999
93,8.60943679965994,"Zhong2025",1999
94,5.38407192096824,"Zhong2025",1999
95,14.8021906229455,"Zhong2025",1999
96,10.8165229545484,"Zhong2025",1999
97,10.1125876711273,"Zhong2025",1999
98,1.4743762731261,"Zhong2025",1999
99,6.74640625032422,"Zhong2025",1999
100,1.17184879687974,"Zhong2025",1999
101,1.16677226620348,"Zhong2025",1999
102,4.00368638139437,"Zhong2025",1999
103,1.02482475662614,"Zhong2025",1999
104,5.37240507115017,"Zhong2025",1999
105,0.25721103718856,"Zhong2025",1999
106,3.49538634061327,"Zhong2025",1999
107,0.579011180811683,"Zhong2025",1999
108,0.994824605084313,"Zhong2025",1999
109,0.18556857994622,"Zhong2025",1999
110,0.104499791650031,"Zhong2025",1999
111,0.561968819739666,"Zhong2025",1999
112,0.0336967367679662,"Zhong2025",1999
113,0.0255591056354362,"Zhong2025",1999
114,7.13620667301473,"Zhong2025",1999
115,1.93581717662395,"Zhong2025",1999
116,1.05538907283313,"Zhong2025",1999
117,0.860773739436778,"Zhong2025",1999
118,4.17392919620742,"Zhong2025",1999
119,1.25467778843595,"Zhong2025",1999
120,2.400734057748,"Zhong2025",1999
121,0.854747230012114,"Zhong2025",1999
122,0.100692081417069,"Zhong2025",1999
123,8.06262465006234,"Zhong2025",1999
124,1.00540435728624,"Zhong2025",1999
125,3.55878228332186,"Zhong2025",1999
126,5.60207903517617,"Zhong2025",1999
127,1.15460173597064,"Zhong2025",1999
128,6.90943947757295,"Zhong2025",1999
129,5.63326114645371,"Zhong2025",1999
130,7.19185409028432,"Zhong2025",1999
131,11.7913890531508,"Zhong2025",1999
132,3.77705028403091,"Zhong2025",1999
133,4.95492364634429,"Zhong2025",1999
134,2.94484642677837,"Zhong2025",1999
135,0.889232287874521,"Zhong2025",1999
136,6.51917510065767,"Zhong2025",1999
137,7.29673837661743,"Zhong2025",1999
138,1.97121019747395,"Zhong2025",1999
139,2.73371802987989,"Zhong2025",1999
140,2.17797418317345,"Zhong2025",1999
141,2.80409580393972,"Zhong2025",1999
142,4.56072315748706,"Zhong2025",1999
143,0.716728208422661,"Zhong2025",1999
144,0.280074161559981,"Zhong2025",1999
145,6.31606284181277,"Zhong2025",1999
146,2.37516048170261,"Zhong2025",1999
147,4.3696155121254,"Zhong2025",1999
148,0.0864601914777237,"Zhong2025",1999
149,2.1884721818573,"Zhong2025",1999
150,4.21686222170448,"Zhong2025",1999
151,1.37780988507663,"Zhong2025",1999
152,0.579971225977232,"Zhong2025",1999
153,4.1840497612797,"Zhong2025",1999
154,6.21949779604872,"Zhong2025",1999
155,3.19870739323972,"Zhong2025",1999
156,0.115774250170216,"Zhong2025",1999
157,7.78093884835641,"Zhong2025",1999
158,2.05178860091426,"Zhong2025",1999
159,3.3202001882353,"Zhong2025",1999
160,1.79414194260404,"Zhong2025",1999
161,0.851488397858071,"Zhong2025",1999
162,0,"Zhong2025",1999
163,0.188810791377612,"Zhong2025",1999
164,0.358870594657986,"Zhong2025",1999
165,0.102462861416889,"Zhong2025",1999
166,0.0174704304423406,"Zhong2025",1999
167,0.0752273675806827,"Zhong2025",1999
168,0.00846002101269231,"Zhong2025",1999
169,0,"Zhong2025",1999
170,0,"Zhong2025",1999
171,0,"Zhong2025",1999
172,0,"Zhong2025",1999
173,0.0986176398184641,"Zhong2025",1999
174,0,"Zhong2025",1999
175,0,"Zhong2025",1999
176,0.00446359656850341,"Zhong2025",1999
177,0.0266670139749101,"Zhong2025",1999
178,0,"Zhong2025",1999
179,0,"Zhong2025",1999
180,0.0185017323274537,"Zhong2025",1999
181,0.00294904135338314,"Zhong2025",1999
182,0,"Zhong2025",1999
183,0,"Zhong2025",1999
184,0,"Zhong2025",1999
185,0,"Zhong2025",1999
186,0.00417369732178974,"Zhong2025",1999
187,0.139100304080965,"Zhong2025",1999
188,0.00622737070930972,"Zhong2025",1999
189,0.00200987816614915,"Zhong2025",1999
190,5.67442255613721,"Zhong2025",1999
191,12.4499989669529,"Zhong2025",1999
192,0.194647008325995,"Zhong2025",1999
193,0,"Zhong2025",1999
194,0.743783475107787,"Zhong2025",1999
195,1.79146629868503,"Zhong2025",1999
196,1.16610011276628,"Zhong2025",1999
197,0.0877111699052216,"Zhong2025",1999
198,0.246739185650044,"Zhong2025",1999
199,0.520050788172786,"Zhong2025",1999
200,0.430477347895856,"Zhong2025",1999
201,0,"Zhong2025",1999
202,0.523598714592471,"Zhong2025",1999
203,0.051556703128336,"Zhong2025",1999
204,4.73141168797625,"Zhong2025",1999
205,0.347022477098632,"Zhong2025",1999
206,1.21951314239921,"Zhong2025",1999
207,0.0292357968730645,"Zhong2025",1999
208,0.0846295712046506,"Zhong2025",1999
209,0.146096684784877,"Zhong2025",1999
210,0.00104599198145697,"Zhong2025",1999
211,0,"Zhong2025",1999
212,0,"Zhong2025",1999
213,0,"Zhong2025",1999
214,0,"Zhong2025",1999
215,0,"Zhong2025",1999
216,0,"Zhong2025",1999
217,0.0247662653469119,"Zhong2025",1999
218,0,"Zhong2025",1999
219,0,"Zhong2025",1999
220,0.0133731575719267,"Zhong2025",1999
221,0,"Zhong2025",1999
222,0,"Zhong2025",1999
223,0,"Zhong2025",1999
224,0,"Zhong2025",1999
225,0,"Zhong2025",1999
226,0.0436328112869847,"Zhong2025",1999
227,0.00508835024637025,"Zhong2025",1999
228,0.00753440753167872,"Zhong2025",1999
229,0.00625140150584852,"Zhong2025",1999
230,20.4121999612474,"Zhong2025",1999
231,3.37335335526556,"Zhong2025",1999
232,5.53846859379475,"Zhong2025",1999
233,0.222664261513273,"Zhong2025",1999
234,6.79261252001712,"Zhong2025",1999
235,10.1422482199139,"Zhong2025",1999
236,5.11489142005583,"Zhong2025",1999
237,5.880216860643,"Zhong2025",1999
238,5.01201482828032,"Zhong2025",1999
239,4.56516554364289,"Zhong2025",1999
240,16.3433739595246,"Zhong2025",1999
241,8.97029750630007,"Zhong2025",1999
242,3.8404267007485,"Zhong2025",1999
243,10.7119870441966,"Zhong2025",1999
244,1.83525778328221,"Zhong2025",1999
245,10.4107581652128,"Zhong2025",1999
246,5.39222372172637,"Zhong2025",1999
247,1.07268085566332,"Zhong2025",1999
248,11.7663160637021,"Zhong2025",1999
249,8.66574670987971,"Zhong2025",1999
250,0.831534852973279,"Zhong2025",1999
251,2.30040832810231,"Zhong2025",1999
252,10.1067314769911,"Zhong2025",1999
253,2.18386133694578,"Zhong2025",1999
254,16.7015271429288,"Zhong2025",1999
255,3.78956560290168,"Zhong2025",1999
256,5.9168666667266,"Zhong2025",1999
257,33.0621896177773,"Zhong2025",1999
258,7.84322475832562,"Zhong2025",1999
259,15.8965732184779,"Zhong2025",1999
260,29.9357056319714,"Zhong2025",1999
261,4.04170376545079,"Zhong2025",1999
262,12.8597973891064,"Zhong2025",1999
263,1.52559140458152,"Zhong2025",1999
264,15.9574650422387,"Zhong2025",1999
265,12.9670854731451,"Zhong2025",1999
266,1.92429653563035,"Zhong2025",1999
267,17.0606370339027,"Zhong2025",1999
268,4.3182605722229,"Zhong2025",1999
269,22.9439814098214,"Zhong2025",1999
270,5.1356999478393,"Zhong2025",1999
271,11.6286546351418,"Zhong2025",1999
272,8.89118978159225,"Zhong2025",1999
273,47.9576293627421,"Zhong2025",1999
274,8.75990522520564,"Zhong2025",1999
275,7.21151256299165,"Zhong2025",1999
276,16.3132458574632,"Zhong2025",1999
277,12.5541754869314,"Zhong2025",1999
278,0.72872606176305,"Zhong2025",1999
279,0.304897669965601,"Zhong2025",1999
280,10.224364616131,"Zhong2025",1999
281,7.34541991178982,"Zhong2025",1999
282,6.1801513689063,"Zhong2025",1999
283,47.515680961705,"Zhong2025",1999
284,7.04142461538881,"Zhong2025",1999
285,0.124289465009183,"Zhong2025",1999
286,0.13188148282965,"Zhong2025",1999
287,0.365212604798709,"Zhong2025",1999
288,1.21162608787144,"Zhong2025",1999
289,3.99322862682554,"Zhong2025",1999
290,40.2443133190179,"Zhong2025",1999
291,0.813608561119726,"Zhong2025",1999
292,18.2530688935985,"Zhong2025",1999
293,5.26337137270687,"Zhong2025",1999
294,0.776960511429934,"Zhong2025",1999
295,0.305949564278126,"Zhong2025",1999
296,0.245523386655894,"Zhong2025",1999
297,2.31489485260639,"Zhong2025",1999
298,0.364075975873876,"Zhong2025",1999
299,1.63460772491845,"Zhong2025",1999
300,15.3720732969396,"Zhong2025",1999
301,4.39574521488317,"Zhong2025",1999
302,0.871459901926381,"Zhong2025",1999
303,21.5702784750197,"Zhong2025",1999
304,1.80685546629779,"Zhong2025",1999
305,0.0410377998585655,"Zhong2025",1999
306,3.16970088318826,"Zhong2025",1999
307,1.05134411600614,"Zhong2025",1999
308,1.62682292087751,"Zhong2025",1999
309,0.996371403095363,"Zhong2025",1999
310,3.32155117604625,"Zhong2025",1999
311,0.656578759015309,"Zhong2025",1999
312,7.43603048075301,"Zhong2025",1999
313,0.781096838825197,"Zhong2025",1999
314,6.27771197368544,"Zhong2025",1999
315,0.336939562766179,"Zhong2025",1999
316,0.349915759354935,"Zhong2025",1999
317,1.09447402295444,"Zhong2025",1999
318,0.528436661250036,"Zhong2025",1999
319,7.49212905433148,"Zhong2025",1999
320,4.18178390200995,"Zhong2025",1999
321,0.505886114966349,"Zhong2025",1999
322,6.8193399488223,"Zhong2025",1999
323,5.82409834330703,"Zhong2025",1999
324,1.59007814886917,"Zhong2025",1999
325,0.586158198742975,"Zhong2025",1999
326,18.1538405579128,"Zhong2025",1999
327,3.87949370169565,"Zhong2025",1999
328,2.0134332354458,"Zhong2025",1999
329,9.6203161871549,"Zhong2025",1999
330,0.862029960510707,"Zhong2025",1999
331,8.21632682118841,"Zhong2025",1999
332,41.5678547978401,"Zhong2025",1999
333,2.57444772919241,"Zhong2025",1999
334,0.496483918829023,"Zhong2025",1999
335,6.10165296417631,"Zhong2025",1999
336,9.42021224520723,"Zhong2025",1999
337,44.7334595722939,"Zhong2025",1999
338,4.61500793602857,"Zhong2025",1999
339,2.06989005608352,"Zhong2025",1999
340,5.04054314753739,"Zhong2025",1999
341,11.4359884535273,"Zhong2025",1999
342,1.53526722191239,"Zhong2025",1999
343,1.5600358199548,"Zhong2025",1999
344,2.22974207406496,"Zhong2025",1999
345,9.63348938898093,"Zhong2025",1999
346,3.48771997349751,"Zhong2025",1999
347,5.55449622956039,"Zhong2025",1999
348,0.795568793280083,"Zhong2025",1999
349,0.746358994778742,"Zhong2025",1999
350,1.15103140159476,"Zhong2025",1999
351,20.7140065516744,"Zhong2025",1999
352,0.233708597470128,"Zhong2025",1999
353,9.47150245553157,"Zhong2025",1999
354,1.32759851974829,"Zhong2025",1999
355,4.9974806327923,"Zhong2025",1999
356,0.562846710134988,"Zhong2025",1999
357,11.2191031757259,"Zhong2025",1999
358,0.633888149584333,"Zhong2025",1999
359,0.561893915525572,"Zhong2025",1999
360,1.34102332570625,"Zhong2025",1999
361,11.1275678704302,"Zhong2025",1999
362,0.465722736069765,"Zhong2025",1999
363,2.2113636918428,"Zhong2025",1999
364,0.645493883895388,"Zhong2025",1999
365,2.25115899301333,"Zhong2025",1999
366,0.339372713025326,"Zhong2025",1999
367,48.0855995049843,"Zhong2025",1999
368,17.6868121614716,"Zhong2025",1999
369,0.572932281452273,"Zhong2025",1999
370,4.50451138690658,"Zhong2025",1999
371,2.97630631057152,"Zhong2025",1999
372,1.05745690248448,"Zhong2025",1999
373,7.11696788478692,"Zhong2025",1999
374,0,"Zhong2025",1999
375,13.7332185035752,"Zhong2025",1999
376,4.45383022083487,"Zhong2025",1999
377,0.254462745592133,"Zhong2025",1999
378,0.253859718551613,"Zhong2025",1999
379,0.92184163525444,"Zhong2025",1999
380,0.0888228688122971,"Zhong2025",1999
381,10.4773639142513,"Zhong2025",1999
382,25.6147467403089,"Zhong2025",1999
383,0.809778729660643,"Zhong2025",1999
384,1.62002036454986,"Zhong2025",1999
385,12.6062981882979,"Zhong2025",1999
386,10.3000875171601,"Zhong2025",1999
387,30.616462403323,"Zhong2025",1999
388,4.78878855411068,"Zhong2025",1999
389,3.67119113522626,"Zhong2025",1999
390,62.8448825836182,"Zhong2025",1999
391,6.3288974847408,"Zhong2025",1999
392,11.4610274537536,"Zhong2025",1999
393,8.09152017301983,"Zhong2025",1999
394,28.8936907177322,"Zhong2025",1999
395,4.97573117633897,"Zhong2025",1999
396,5.43829765397252,"Zhong2025",1999
397,2.74444334438451,"Zhong2025",1999
398,37.290190783414,"Zhong2025",1999
399,0.121152264191117,"Zhong2025",1999
400,0.263014448972469,"Zhong2025",1999
401,0.0958742508506244,"Zhong2025",1999
402,0.237920716568449,"Zhong2025",1999
403,0,"Zhong2025",1999
404,0,"Zhong2025",1999
405,6.06946520232429,"Zhong2025",1999
406,0.00829345388064,"Zhong2025",1999
407,0.480000060488702,"Zhong2025",1999
408,0.18529798814479,"Zhong2025",1999
409,0,"Zhong2025",1999
410,0.0598635487089869,"Zhong2025",1999
411,0,"Zhong2025",1999
412,0.0974962583089128,"Zhong2025",1999
413,0,"Zhong2025",1999
414,0,"Zhong2025",1999
415,0,"Zhong2025",1999
416,0,"Zhong2025",1999
417,0.107853665135124,"Zhong2025",1999
418,0.212583513012314,"Zhong2025",1999
419,0.147071943102151,"Zhong2025",1999
420,0,"Zhong2025",1999
421,0.156761733780932,"Zhong2025",1999
422,0,"Zhong2025",1999
423,0,"Zhong2025",1999
424,0,"Zhong2025",1999
425,0,"Zhong2025",1999
426,0.0447959998094384,"Zhong2025",1999
427,0,"Zhong2025",1999
428,0,"Zhong2025",1999
429,0.213002096409799,"Zhong2025",1999
430,0.221393524960942,"Zhong2025",1999
431,0.0122528631871797,"Zhong2025",1999
432,0,"Zhong2025",1999
433,0.0783069310697499,"Zhong2025",1999
434,0,"Zhong2025",1999
435,0.00515268614856146,"Zhong2025",1999
436,0.370187303532639,"Zhong2025",1999
437,3.44580678068868,"Zhong2025",1999
438,0.51108020620775,"Zhong2025",1999
439,1.14635870255409,"Zhong2025",1999
440,0.542430432967558,"Zhong2025",1999
441,14.6342125874321,"Zhong2025",1999
442,2.45077935325762,"Zhong2025",1999
443,4.79503571271031,"Zhong2025",1999
444,4.7909207991551,"Zhong2025",1999
445,6.62020953376042,"Zhong2025",1999
446,2.12908406032201,"Zhong2025",1999
447,4.39813794207362,"Zhong2025",1999
448,0.97908386386671,"Zhong2025",1999
449,4.90566596611064,"Zhong2025",1999
450,1.91418176162387,"Zhong2025",1999
451,1.98513330544292,"Zhong2025",1999
452,0.921081239449996,"Zhong2025",1999
453,0.357754021586098,"Zhong2025",1999
454,6.3991867967896,"Zhong2025",1999
455,4.53062399749231,"Zhong2025",1999
456,9.66873375719244,"Zhong2025",1999
457,7.27230369436069,"Zhong2025",1999
458,2.68846074230082,"Zhong2025",1999
459,3.02192813694915,"Zhong2025",1999
460,0.516070880318074,"Zhong2025",1999
461,4.34487593633319,"Zhong2025",1999
462,9.54900751442745,"Zhong2025",1999
463,0.973530257606552,"Zhong2025",1999
464,1.59008305407302,"Zhong2025",1999
465,0.620111428386926,"Zhong2025",1999
466,0.395610047271386,"Zhong2025",1999
467,57.1178505595137,"Zhong2025",1999
468,23.5016906352444,"Zhong2025",1999
469,10.7017348110676,"Zhong2025",1999
470,7.31804065654675,"Zhong2025",1999
471,31.9439557938349,"Zhong2025",1999
472,6.75497952624494,"Zhong2025",1999
473,7.23995079485079,"Zhong2025",1999
474,34.9164039813555,"Zhong2025",1999
475,3.62226598090838,"Zhong2025",1999
476,12.7279143090151,"Zhong2025",1999
477,1.88164579249752,"Zhong2025",1999
478,15.7918128783886,"Zhong2025",1999
479,6.52238951251754,"Zhong2025",1999
480,39.3308408228556,"Zhong2025",1999
481,3.7537187185804,"Zhong2025",1999
482,33.5059045426389,"Zhong2025",1999
483,10.5960875745361,"Zhong2025",1999
484,5.42224602609252,"Zhong2025",1999
485,19.8824900791926,"Zhong2025",1999
486,54.6573189955491,"Zhong2025",1999
487,11.541800558567,"Zhong2025",1999
488,11.4993936465337,"Zhong2025",1999
489,8.642382602279,"Zhong2025",1999
490,19.858681990928,"Zhong2025",1999
491,0.152141327682634,"Zhong2025",1999
492,0.46695515917186,"Zhong2025",1999
493,0.185108368902049,"Zhong2025",1999
494,5.10432618712721,"Zhong2025",1999
495,2.11419107440881,"Zhong2025",1999
496,0.233400882331565,"Zhong2025",1999
497,3.52842183389127,"Zhong2025",1999
498,1.09162945166633,"Zhong2025",1999
499,12.347452876572,"Zhong2025",1999
500,1.16948612400725,"Zhong2025",1999
501,7.68617216571347,"Zhong2025",1999
502,2.55669463492666,"Zhong2025",1999
503,0.857299380095489,"Zhong2025",1999
504,1.24615720555533,"Zhong2025",1999
505,3.36516013606301,"Zhong2025",1999
506,1.54831757298489,"Zhong2025",1999
507,3.9105783505004,"Zhong2025",1999
508,0.0056209270431249,"Zhong2025",1999
509,1.82866257187087,"Zhong2025",1999
510,0.446523287389363,"Zhong2025",1999
511,0,"Zhong2025",1999
512,0.095825041561667,"Zhong2025",1999
513,0.155043274473032,"Zhong2025",1999
514,0.289900036176075,"Zhong2025",1999
515,3.56589949754781,"Zhong2025",1999
516,3.56741667321714,"Zhong2025",1999
517,2.44859665309646,"Zhong2025",1999
518,0.0607640896645371,"Zhong2025",1999
519,2.32077862722974,"Zhong2025",1999
520,0.67906952785107,"Zhong2025",1999
521,0.206368370668895,"Zhong2025",1999
522,5.80949293249878,"Zhong2025",1999
523,9.71112517930247,"Zhong2025",1999
524,0.169616567265437,"Zhong2025",1999
525,0.25788735594125,"Zhong2025",1999
526,2.15789993241946,"Zhong2025",1999
527,2.41725838895548,"Zhong2025",1999
528,0.0232403246754849,"Zhong2025",1999
529,20.3252561127758,"Zhong2025",1999
530,9.75294401750562,"Zhong2025",1999
531,4.88467765602006,"Zhong2025",1999
532,1.53264356909918,"Zhong2025",1999
533,0.956764408354373,"Zhong2025",1999
534,2.17667358872803,"Zhong2025",1999
535,0.515279716410919,"Zhong2025",1999
536,1.79283678239796,"Zhong2025",1999
537,1.5154794000216,"Zhong2025",1999
538,1.7519812913428,"Zhong2025",1999
539,2.00432218535443,"Zhong2025",1999
540,5.01449556155056,"Zhong2025",1999
541,7.24479564232162,"Zhong2025",1999
542,1.3509724814877,"Zhong2025",1999
543,2.70305069817109,"Zhong2025",1999
544,2.75440012234939,"Zhong2025",1999
545,1.43127996312337,"Zhong2025",1999
546,2.07146921272143,"Zhong2025",1999
547,2.22131354261908,"Zhong2025",1999
548,1.98998300707779,"Zhong2025",1999
549,1.27723260923898,"Zhong2025",1999
550,1.37044909972788,"Zhong2025",1999
551,2.43422659018535,"Zhong2025",1999
552,1.34434474955142,"Zhong2025",1999
553,0.84834183658107,"Zhong2025",1999
554,1.87672278539783,"Zhong2025",1999
555,0.361891039268776,"Zhong2025",1999
556,0.723337806982376,"Zhong2025",1999
557,4.42489725782397,"Zhong2025",1999
558,5.21973501429926,"Zhong2025",1999
559,2.51552109741828,"Zhong2025",1999
560,1.95410650609847,"Zhong2025",1999
561,3.51559011431743,"Zhong2025",1999
562,14.9900477684836,"Zhong2025",1999
563,1.50688193982115,"Zhong2025",1999
564,1.51997952067986,"Zhong2025",1999
565,5.67529596613465,"Zhong2025",1999
566,0.968273088083699,"Zhong2025",1999
567,4.5275812870203,"Zhong2025",1999
568,0.449937970631139,"Zhong2025",1999
569,1.83987282444989,"Zhong2025",1999
570,0.276058435343546,"Zhong2025",1999
571,2.8222725322387,"Zhong2025",1999
572,0.807220993257163,"Zhong2025",1999
573,1.1275771075935,"Zhong2025",1999
574,1.40155289492205,"Zhong2025",1999
575,1.1130078054413,"Zhong2025",1999
576,3.79447160577101,"Zhong2025",1999
577,0.361819481112497,"Zhong2025",1999
578,1.92487088202679,"Zhong2025",1999
579,0.800420475760286,"Zhong2025",1999
580,3.93466128373942,"Zhong2025",1999
581,1.57447717813402,"Zhong2025",1999
582,0.372377166053387,"Zhong2025",1999
583,0.293916371456311,"Zhong2025",1999
584,1.01807464382698,"Zhong2025",1999
585,1.00184037405796,"Zhong2025",1999
586,1.08349962939198,"Zhong2025",1999
587,0.645733064916307,"Zhong2025",1999
588,0.142365316757055,"Zhong2025",1999
589,2.5628927135377,"Zhong2025",1999
590,1.53903399362512,"Zhong2025",1999
591,3.42610927191031,"Zhong2025",1999
592,0.519463336634152,"Zhong2025",1999
593,0.219276361711896,"Zhong2025",1999
594,6.84183348839961,"Zhong2025",1999
595,0.74798008047741,"Zhong2025",1999
596,0.0613380059614738,"Zhong2025",1999
597,9.3011627041993,"Zhong2025",1999
598,1.15825674722891,"Zhong2025",1999
599,2.48561209582314,"Zhong2025",1999
600,1.43156288457429,"Zhong2025",1999
601,3.88558118765122,"Zhong2025",1999
602,1.71589017630885,"Zhong2025",1999
603,23.9256237704178,"Zhong2025",1999
604,3.12530625891549,"Zhong2025",1999
605,2.22032000305483,"Zhong2025",1999
606,5.38363894914016,"Zhong2025",1999
607,9.51179555085707,"Zhong2025",1999
608,18.7937769174576,"Zhong2025",1999
609,3.95970397125715,"Zhong2025",1999
610,1.63395639246945,"Zhong2025",1999
611,2.32277721336725,"Zhong2025",1999
612,0.325933693597714,"Zhong2025",1999
613,2.97223359064396,"Zhong2025",1999
614,6.46406676192881,"Zhong2025",1999
615,0.560450585100919,"Zhong2025",1999
616,3.91637304554632,"Zhong2025",1999
617,5.28175512741765,"Zhong2025",1999
618,12.5558273918056,"Zhong2025",1999
619,0.437156849205635,"Zhong2025",1999
620,6.91233256525834,"Zhong2025",1999
621,2.29430591234179,"Zhong2025",1999
622,2.15517405517562,"Zhong2025",1999
623,7.1762601820833,"Zhong2025",1999
624,4.61939363363583,"Zhong2025",1999
625,0.435718720581305,"Zhong2025",1999
626,5.5192918039056,"Zhong2025",1999
627,8.10865364049134,"Zhong2025",1999
628,12.4169150447216,"Zhong2025",1999
629,43.8065432442559,"Zhong2025",1999
630,11.9727831508802,"Zhong2025",1999
631,0.714532185170297,"Zhong2025",1999
632,0.0376225403147961,"Zhong2025",1999
633,0.0272092091098224,"Zhong2025",1999
634,1.09452263274863,"Zhong2025",1999
635,0.165642067105016,"Zhong2025",1999
636,3.08216216652146,"Zhong2025",1999
637,0.246683375383756,"Zhong2025",1999
638,27.3690502494574,"Zhong2025",1999
639,2.56030011038867,"Zhong2025",1999
640,0.589452119017056,"Zhong2025",1999
641,1.59712585212331,"Zhong2025",1999
642,1.64152693140678,"Zhong2025",1999
643,2.08427509902016,"Zhong2025",1999
644,0.600776864521183,"Zhong2025",1999
645,1.45684130464665,"Zhong2025",1999
646,6.9279534629747,"Zhong2025",1999
647,0.136922198534012,"Zhong2025",1999
648,1.28476588089927,"Zhong2025",1999
649,6.52665725121131,"Zhong2025",1999
650,3.87974205125629,"Zhong2025",1999
651,0.148748056267541,"Zhong2025",1999
652,3.53446219537569,"Zhong2025",1999
653,1.95409571836333,"Zhong2025",1999
654,11.7996216289025,"Zhong2025",1999
655,0.166451161115111,"Zhong2025",1999
656,1.64862448290202,"Zhong2025",1999
657,4.86161901295747,"Zhong2025",1999
658,3.65151965171099,"Zhong2025",1999
659,5.38161883025745,"Zhong2025",1999
660,0.230907622820292,"Zhong2025",1999
661,8.60128306982017,"Zhong2025",1999
662,0.229359353912256,"Zhong2025",1999
663,3.45547371919577,"Zhong2025",1999
664,0.0956370787961142,"Zhong2025",1999
665,0.742769587356232,"Zhong2025",1999
666,1.38769470849558,"Zhong2025",1999
667,0,"Zhong2025",1999
668,1.80673437317318,"Zhong2025",1999
669,0.937614706943238,"Zhong2025",1999
670,0.0851290972997533,"Zhong2025",1999
671,1.71227199965821,"Zhong2025",1999
672,15.1312609602298,"Zhong2025",1999
673,5.63317966461182,"Zhong2025",1999
674,1.07710970458622,"Zhong2025",1999
675,6.17274668812752,"Zhong2025",1999
676,3.04551334679127,"Zhong2025",1999
677,1.03228731348337,"Zhong2025",1999
678,1.32439935816176,"Zhong2025",1999
679,6.68273403478223,"Zhong2025",1999
680,4.58551859266536,"Zhong2025",1999
681,2.04074574751957,"Zhong2025",1999
682,1.11731959464388,"Zhong2025",1999
683,13.9867698235779,"Zhong2025",1999
684,0.731213747416122,"Zhong2025",1999
685,1.74631918089031,"Zhong2025",1999
686,8.14065788495109,"Zhong2025",1999
687,7.27796403091887,"Zhong2025",1999
688,0.646234400408424,"Zhong2025",1999
689,1.26007752588978,"Zhong2025",1999
690,3.33648721660887,"Zhong2025",1999
691,1.47813714978208,"Zhong2025",1999
692,18.5549164613088,"Zhong2025",1999
693,2.72448246745178,"Zhong2025",1999
694,6.99818023954119,"Zhong2025",1999
695,5.7774969831109,"Zhong2025",1999
696,0.477037617207869,"Zhong2025",1999
697,7.09047574992467,"Zhong2025",1999
698,1.16411244581449,"Zhong2025",1999
699,0.192230772160526,"Zhong2025",1999
700,3.21900341495294,"Zhong2025",1999
701,0.228613436715848,"Zhong2025",1999
702,3.70511090366737,"Zhong2025",1999
703,6.47900244135959,"Zhong2025",1999
704,16.4511417479351,"Zhong2025",1999
705,1.92197091702757,"Zhong2025",1999
706,32.7334240147325,"Zhong2025",1999
707,5.41855606117419,"Zhong2025",1999
708,4.97303866726598,"Zhong2025",1999
709,0.270552067561075,"Zhong2025",1999
710,7.64939232254532,"Zhong2025",1999
711,0.450578967215456,"Zhong2025",1999
712,8.79916584610103,"Zhong2025",1999
713,0.63593690574282,"Zhong2025",1999
714,3.13626477376717,"Zhong2025",1999
715,0.41118121245869,"Zhong2025",1999
716,0,"Zhong2025",1999
717,1.83712138698162,"Zhong2025",1999
718,2.83163335538385,"Zhong2025",1999
719,1.5933218440576,"Zhong2025",1999
720,0.333039651909065,"Zhong2025",1999
721,2.87034620006497,"Zhong2025",1999
722,5.18776255242075,"Zhong2025",1999
723,10.7589681262226,"Zhong2025",1999
724,0.795807230472565,"Zhong2025",1999
725,6.51939536612711,"Zhong2025",1999
726,0.374814856701939,"Zhong2025",1999
727,0.777305569454956,"Zhong2025",1999
728,3.06401196295264,"Zhong2025",1999
729,0.848223100054684,"Zhong2025",1999
730,6.92198633140242,"Zhong2025",1999
731,0.94512733956231,"Zhong2025",1999
732,10.2083377622896,"Zhong2025",1999
733,1.58245869070567,"Zhong2025",1999
734,0.485924735842716,"Zhong2025",1999
735,0.244606986544518,"Zhong2025",1999
736,1.86499546608695,"Zhong2025",1999
737,4.0063596112218,"Zhong2025",1999
738,6.46825520038605,"Zhong2025",1999
739,3.27484963351355,"Zhong2025",1999
740,10.6203430175781,"Zhong2025",1999
741,0.336892933934599,"Zhong2025",1999
742,4.61081365902315,"Zhong2025",1999
743,11.6535236676534,"Zhong2025",1999
744,0.989811085844161,"Zhong2025",1999
745,9.33422486325528,"Zhong2025",1999
746,2.41284917398141,"Zhong2025",1999
747,17.7662370472538,"Zhong2025",1999
748,2.38462397261035,"Zhong2025",1999
749,1.1297944560647,"Zhong2025",1999
750,1.81500718941431,"Zhong2025",1999
751,2.22318267293869,"Zhong2025",1999
752,12.3378250405595,"Zhong2025",1999
753,0.817005197495186,"Zhong2025",1999
754,0,"Zhong2025",1999
755,5.49277299849403,"Zhong2025",1999
756,3.22311909029769,"Zhong2025",1999
757,0,"Zhong2025",1999
758,0.240045882783043,"Zhong2025",1999
759,0.0520955632290533,"Zhong2025",1999
760,0.0826934944346266,"Zhong2025",1999
761,12.9875560741799,"Zhong2025",1999
762,15.0190046110819,"Zhong2025",1999
763,13.4831166645837,"Zhong2025",1999
764,11.0395344258041,"Zhong2025",1999
765,1.83348165494093,"Zhong2025",1999
766,6.16324855387211,"Zhong2025",1999
767,13.9379805428641,"Zhong2025",1999
768,0.226031692988716,"Zhong2025",1999
769,16.1904711042132,"Zhong2025",1999
770,48.4960177681663,"Zhong2025",1999
771,0.547139968822034,"Zhong2025",1999
772,9.31476114957761,"Zhong2025",1999
773,1.67378489034006,"Zhong2025",1999
774,2.27809341694357,"Zhong2025",1999
775,9.48334852419794,"Zhong2025",1999
776,9.06116508480345,"Zhong2025",1999
777,6.32240615383323,"Zhong2025",1999
778,13.3117367294683,"Zhong2025",1999
779,51.8602384793556,"Zhong2025",1999
780,5.99276968682634,"Zhong2025",1999
781,19.21875732701,"Zhong2025",1999
782,0.126834814835872,"Zhong2025",1999
783,30.113413756802,"Zhong2025",1999
784,1.64193687849899,"Zhong2025",1999
785,3.59010396302999,"Zhong2025",1999
786,51.2129908169017,"Zhong2025",1999
787,6.56099745406803,"Zhong2025",1999
788,0.719291406208764,"Zhong2025",1999
789,18.6007372168608,"Zhong2025",1999
790,1.39831513847351,"Zhong2025",1999
791,1.31528161350509,"Zhong2025",1999
792,13.7913075431449,"Zhong2025",1999
793,6.37603798388607,"Zhong2025",1999
794,3.67011080418674,"Zhong2025",1999
795,8.24791900668323,"Zhong2025",1999
796,4.17604859051656,"Zhong2025",1999
797,3.68824871389001,"Zhong2025",1999
798,8.63430932030749,"Zhong2025",1999
799,1.10259464835941,"Zhong2025",1999
800,0.10246705949842,"Zhong2025",1999
801,2.08634227817046,"Zhong2025",1999
802,1.39105316492873,"Zhong2025",1999
803,20.7153287433628,"Zhong2025",1999
804,17.3927973210812,"Zhong2025",1999
805,1.92957972721403,"Zhong2025",1999
806,0.965800095623469,"Zhong2025",1999
807,10.6440669165717,"Zhong2025",1999
808,5.13719667035621,"Zhong2025",1999
809,1.51284783156667,"Zhong2025",1999
810,44.0912077678897,"Zhong2025",1999
811,1.92123376232173,"Zhong2025",1999
812,0.268090394914032,"Zhong2025",1999
813,8.8157330874739,"Zhong2025",1999
814,11.0310365809844,"Zhong2025",1999
815,12.9243442575137,"Zhong2025",1999
816,3.43702738011877,"Zhong2025",1999
817,6.66564875284831,"Zhong2025",1999
818,1.52212915297539,"Zhong2025",1999
819,3.68238539538835,"Zhong2025",1999
820,0,"Zhong2025",1999
821,8.5968570773666,"Zhong2025",1999
822,0.0937518473638564,"Zhong2025",1999
823,3.74727802557867,"Zhong2025",1999
824,3.18676505708471,"Zhong2025",1999
825,1.08193762885297,"Zhong2025",1999
826,5.68102677663167,"Zhong2025",1999
827,1.84232971248255,"Zhong2025",1999
828,6.52814856675955,"Zhong2025",1999
829,9.43613704534677,"Zhong2025",1999
830,18.4009144394486,"Zhong2025",1999
831,19.7078848595315,"Zhong2025",1999
832,1.78557014419482,"Zhong2025",1999
833,0,"Zhong2025",1999
834,9.52313446241712,"Zhong2025",1999
835,12.6570738090957,"Zhong2025",1999
836,9.05382765769559,"Zhong2025",1999
837,17.2424934667699,"Zhong2025",1999
838,7.74737274475104,"Zhong2025",1999
839,31.9495557526411,"Zhong2025",1999
840,11.2879202766852,"Zhong2025",1999
841,10.316875193592,"Zhong2025",1999
842,3.56432986825052,"Zhong2025",1999
843,4.18417212244021,"Zhong2025",1999
844,8.14701428919128,"Zhong2025",1999
845,26.4430066422571,"Zhong2025",1999
846,3.1251526826614,"Zhong2025",1999
847,15.9121201833089,"Zhong2025",1999
848,35.6011799202591,"Zhong2025",1999
849,14.7750565740797,"Zhong2025",1999
850,4.01847709278608,"Zhong2025",1999
851,9.76241499303358,"Zhong2025",1999
852,33.2408246612549,"Zhong2025",1999
853,0.00980008520970219,"Zhong2025",1999
854,1.33257081019386,"Zhong2025",1999
855,10.6073142730438,"Zhong2025",1999
856,13.9338513568596,"Zhong2025",1999
857,2.12816481102401,"Zhong2025",1999
858,2.38006351997394,"Zhong2025",1999
859,1.5175717026608,"Zhong2025",1999
860,6.72952150318721,"Zhong2025",1999
861,0.405477955355309,"Zhong2025",1999
862,5.88764290179103,"Zhong2025",1999
863,13.0645361627851,"Zhong2025",1999
864,9.26714581999668,"Zhong2025",1999
865,0.128325325759593,"Zhong2025",1999
866,13.8316767417778,"Zhong2025",1999
867,18.9723966851318,"Zhong2025",1999
868,10.9422236012888,"Zhong2025",1999
869,11.5881712296382,"Zhong2025",1999
870,0.894324330974312,"Zhong2025",1999
871,0.20579160522685,"Zhong2025",1999
872,3.95116848181624,"Zhong2025",1999
873,0.00194444742641951,"Zhong2025",1999
874,0.256542864482229,"Zhong2025",1999
875,0.471966490809662,"Zhong2025",1999
876,6.18596940538713,"Zhong2025",1999
877,0.500508340861051,"Zhong2025",1999
878,3.80392226325041,"Zhong2025",1999
879,3.58767321374436,"Zhong2025",1999
880,1.92001082141001,"Zhong2025",1999
881,0.287316781568474,"Zhong2025",1999
882,1.04342123048211,"Zhong2025",1999
883,1.66432130722022,"Zhong2025",1999
884,0.517114707253122,"Zhong2025",1999
885,1.21981147339373,"Zhong2025",1999
886,20.2649899897752,"Zhong2025",1999
887,1.33134631428026,"Zhong2025",1999
888,0.252614796867032,"Zhong2025",1999
889,7.13310618319053,"Zhong2025",1999
890,5.4106698237596,"Zhong2025",1999
891,1.87124279901052,"Zhong2025",1999
892,5.45092038398093,"Zhong2025",1999
893,3.0969031478205,"Zhong2025",1999
894,1.1488757088784,"Zhong2025",1999
895,0.8241792596112,"Zhong2025",1999
896,12.2211663048843,"Zhong2025",1999
897,3.42056683307894,"Zhong2025",1999
898,0.374605475528179,"Zhong2025",1999
899,0.229672961546205,"Zhong2025",1999
900,0.253892873939784,"Zhong2025",1999
901,26.7485496082691,"Zhong2025",1999
902,0.0947932309885304,"Zhong2025",1999
903,1.17674919662602,"Zhong2025",1999
904,0.396701582864635,"Zhong2025",1999
905,0.725010607934151,"Zhong2025",1999
906,1.05879355292345,"Zhong2025",1999
907,0.616738377113681,"Zhong2025",1999
908,0.517330028922272,"Zhong2025",1999
909,22.5118525723602,"Zhong2025",1999
910,13.5930461968821,"Zhong2025",1999
911,4.4113277550761,"Zhong2025",1999
912,0.156206642363813,"Zhong2025",1999
913,0.0572043567711164,"Zhong2025",1999
914,1.56564826559728,"Zhong2025",1999
915,0.200735311878561,"Zhong2025",1999
916,1.83221575952382,"Zhong2025",1999
917,0.09881306359994,"Zhong2025",1999
918,0.467483360452032,"Zhong2025",1999
919,0.381953985360451,"Zhong2025",1999
920,0.575489909707391,"Zhong2025",1999
921,5.30581660538871,"Zhong2025",1999
922,1.29941798164731,"Zhong2025",1999
923,0.056149883620079,"Zhong2025",1999
924,0,"Zhong2025",1999
925,0.153420754402251,"Zhong2025",1999
926,0.147900403678967,"Zhong2025",1999
927,0.140881199589467,"Zhong2025",1999
928,0.0649225692676512,"Zhong2025",1999
929,0.02706579504986,"Zhong2025",1999
930,4.81375586013086,"Zhong2025",1999
931,0.6892869540764,"Zhong2025",1999
932,0.122654573242903,"Zhong2025",1999
933,0,"Zhong2025",1999
934,0.161841462756597,"Zhong2025",1999
935,0.0573194811605655,"Zhong2025",1999
936,0.00842632879571973,"Zhong2025",1999
937,0.00467194336477446,"Zhong2025",1999
938,0.0145051145112588,"Zhong2025",1999
939,12.0298073935891,"Zhong2025",1999
940,2.68301793823734,"Zhong2025",1999
941,1.3232585487793,"Zhong2025",1999
942,2.75169182422503,"Zhong2025",1999
943,0.674929354009529,"Zhong2025",1999
944,0.80606846883893,"Zhong2025",1999
945,0.259898792981943,"Zhong2025",1999
946,1.00273184625136,"Zhong2025",1999
947,0.416824601950613,"Zhong2025",1999
948,1.3598922862248,"Zhong2025",1999
949,0.272254689181274,"Zhong2025",1999
950,7.17869828954073,"Zhong2025",1999
951,0,"Zhong2025",1999
952,1.76995676697352,"Zhong2025",1999
953,4.0036793001726,"Zhong2025",1999
954,6.44536862045414,"Zhong2025",1999
955,0.293317298876283,"Zhong2025",1999
956,0.299189771562097,"Zhong2025",1999
957,0.556589659396818,"Zhong2025",1999
958,0.334093165768103,"Zhong2025",1999
959,1.12356710021131,"Zhong2025",1999
960,0.622902255127967,"Zhong2025",1999
961,4.3763382975247,"Zhong2025",1999
962,0.681133847004932,"Zhong2025",1999
963,4.11270772286454,"Zhong2025",1999
964,1.19169673683399,"Zhong2025",1999
965,14.3697807540567,"Zhong2025",1999
966,4.27015891692048,"Zhong2025",1999
967,3.75175820115999,"Zhong2025",1999
968,0.0672061978341215,"Zhong2025",1999
969,4.62617715477825,"Zhong2025",1999
970,0.413933851303992,"Zhong2025",1999
971,2.45958713396016,"Zhong2025",1999
972,0.689414857562203,"Zhong2025",1999
973,7.44988999569579,"Zhong2025",1999
974,1.41076979725818,"Zhong2025",1999
975,0.363941433490509,"Zhong2025",1999
976,0.178077759480552,"Zhong2025",1999
977,0.0584614035163054,"Zhong2025",1999
978,1.49212643805782,"Zhong2025",1999
979,17.7301178075829,"Zhong2025",1999
980,4.88338624226854,"Zhong2025",1999
981,9.05581761784245,"Zhong2025",1999
982,0.612336515559569,"Zhong2025",1999
983,2.21117068522332,"Zhong2025",1999
984,0.461394049434198,"Zhong2025",1999
985,1.5615317144474,"Zhong2025",1999
986,0.122801676559106,"Zhong2025",1999
987,0.0423450927299104,"Zhong2025",1999
988,0.368982863015713,"Zhong2025",1999
989,0.629851158769999,"Zhong2025",1999
990,2.5212609873956,"Zhong2025",1999
991,0.00187818868004757,"Zhong2025",1999
992,4.23499076995159,"Zhong2025",1999
993,0.549344939880716,"Zhong2025",1999
994,0.580637095392,"Zhong2025",1999
995,0.139493611036311,"Zhong2025",1999
996,3.10750130480247,"Zhong2025",1999
997,7.15425301423846,"Zhong2025",1999
998,0.497304642793494,"Zhong2025",1999
999,3.71646462573159,"Zhong2025",1999
1000,11.071732471703,"Zhong2025",1999
1001,0,"Zhong2025",1999
1002,3.14693055991773,"Zhong2025",1999
1003,0.0104760563856847,"Zhong2025",1999
1004,1.16451305742585,"Zhong2025",1999
1005,0.157129691843582,"Zhong2025",1999
1006,0,"Zhong2025",1999
1007,0.245354856070892,"Zhong2025",1999
1008,9.87108079675171,"Zhong2025",1999
1009,1.20878774906083,"Zhong2025",1999
1010,0.201524874193336,"Zhong2025",1999
1011,0.339478398947373,"Zhong2025",1999
1012,2.49121696204601,"Zhong2025",1999
1013,0.926405674394439,"Zhong2025",1999
1014,1.95890823397273,"Zhong2025",1999
1015,0.969410892331147,"Zhong2025",1999
1016,3.99215277728553,"Zhong2025",1999
1017,1.40948125910322,"Zhong2025",1999
1018,0.483570991354713,"Zhong2025",1999
1019,0.587219331083553,"Zhong2025",1999
1020,0.182550933773552,"Zhong2025",1999
1021,0.236747723535303,"Zhong2025",1999
1022,7.679174487428,"Zhong2025",1999
1023,2.90362265142335,"Zhong2025",1999
1024,0,"Zhong2025",1999
1025,12.431704087504,"Zhong2025",1999
1026,2.01920341088141,"Zhong2025",1999
1027,0.306122035816429,"Zhong2025",1999
1028,0.233627580185101,"Zhong2025",1999
1029,0.7411706257417,"Zhong2025",1999
1030,1.19842346838139,"Zhong2025",1999
1031,0.11242461585411,"Zhong2025",1999
1032,4.56457990137014,"Zhong2025",1999
1033,1.47033545526408,"Zhong2025",1999
1034,2.47772131611022,"Zhong2025",1999
1035,8.83761581621672,"Zhong2025",1999
1036,2.98818651920962,"Zhong2025",1999
1037,0.219552951844099,"Zhong2025",1999
1038,1.00479226997658,"Zhong2025",1999
1039,0.910979341368737,"Zhong2025",1999
1040,0,"Zhong2025",1999
1041,2.0553877015638,"Zhong2025",1999
1042,0.0891605917648264,"Zhong2025",1999
1043,0.0217441510213049,"Zhong2025",1999
1044,0.847598249870083,"Zhong2025",1999
1045,0,"Zhong2025",1999
1046,1.24527942850135,"Zhong2025",1999
1047,1.03739870471113,"Zhong2025",1999
1048,0.466664632051208,"Zhong2025",1999
1049,0.01687387678069,"Zhong2025",1999
1050,0.446819868865275,"Zhong2025",1999
1051,0.554440554961854,"Zhong2025",1999
1052,0.641962067866829,"Zhong2025",1999
1053,3.98006941479715,"Zhong2025",1999
1054,8.68679958581924,"Zhong2025",1999
1055,0.316288439637602,"Zhong2025",1999
1056,1.10015098528659,"Zhong2025",1999
1057,11.2340365335967,"Zhong2025",1999
1058,37.5084797467027,"Zhong2025",1999
1059,0.282985922819148,"Zhong2025",1999
1060,0.0138149091284364,"Zhong2025",1999
1061,9.98574186481278,"Zhong2025",1999
1062,38.9361242114044,"Zhong2025",1999
1063,11.4531310341516,"Zhong2025",1999
1064,0.209351192710276,"Zhong2025",1999
1065,3.1144656934062,"Zhong2025",1999
1066,1.41603281123659,"Zhong2025",1999
1067,0.855637023985536,"Zhong2025",1999
1068,2.00337512712166,"Zhong2025",1999
1069,0.0810329058634065,"Zhong2025",1999
1070,1.66414358464952,"Zhong2025",1999
1071,8.63949981941085,"Zhong2025",1999
1072,1.87624915701056,"Zhong2025",1999
1073,0.481106656973342,"Zhong2025",1999
1074,6.09311640536067,"Zhong2025",1999
1075,0.956089595331086,"Zhong2025",1999
1076,0.798900376762498,"Zhong2025",1999
1077,0.305568179930391,"Zhong2025",1999
1078,16.5670197466145,"Zhong2025",1999
1079,3.91104566016914,"Zhong2025",1999
1080,19.6895630686891,"Zhong2025",1999
1081,8.00877464910782,"Zhong2025",1999
1082,7.24776041409687,"Zhong2025",1999
1083,1.7519482938295,"Zhong2025",1999
1084,5.20267231233026,"Zhong2025",1999
1085,5.5203510634356,"Zhong2025",1999
1086,5.84545634797906,"Zhong2025",1999
1087,8.43324891924767,"Zhong2025",1999
1088,14.9268401945361,"Zhong2025",1999
1089,0.0496874321798708,"Zhong2025",1999
1090,0.726204925723575,"Zhong2025",1999
1091,0.824861289882129,"Zhong2025",1999
1092,6.273189242457,"Zhong2025",1999
1093,6.13397725404628,"Zhong2025",1999
1094,0.111236689250399,"Zhong2025",1999
1095,3.9043238914484,"Zhong2025",1999
1096,13.5256240472907,"Zhong2025",1999
1097,0.0446360726034416,"Zhong2025",1999
1098,0.0143509025810507,"Zhong2025",1999
1099,1.03615427547331,"Zhong2025",1999
1100,8.73202423296528,"Zhong2025",1999
1101,0.586886404885043,"Zhong2025",1999
1102,4.19318652428353,"Zhong2025",1999
1103,0.32074546404767,"Zhong2025",1999
1104,5.90244212762062,"Zhong2025",1999
1105,1.63662117347625,"Zhong2025",1999
1106,4.17221663155726,"Zhong2025",1999
1107,1.98535174308666,"Zhong2025",1999
1108,0.662143087394438,"Zhong2025",1999
1109,2.89273505490362,"Zhong2025",1999
1110,1.63311356588495,"Zhong2025",1999
1111,3.58751026003148,"Zhong2025",1999
1112,26.8909454381024,"Zhong2025",1999
1113,33.1875833590426,"Zhong2025",1999
1114,53.5655659493946,"Zhong2025",1999
1115,28.3885297356071,"Zhong2025",1999
1116,39.8989959564884,"Zhong2025",1999
1117,18.4571038136115,"Zhong2025",1999
1118,28.9308645261986,"Zhong2025",1999
1119,2.02305973024305,"Zhong2025",1999
1120,6.78619719367893,"Zhong2025",1999
1121,53.1027680635452,"Zhong2025",1999
1122,50.8179051248651,"Zhong2025",1999
1,1.2673936921988,"Zhong2025",2000
2,0,"Zhong2025",2000
3,0.115587693871744,"Zhong2025",2000
4,0.360664213062585,"Zhong2025",2000
5,0.151002900812217,"Zhong2025",2000
6,0.0589329156588195,"Zhong2025",2000
7,0.0561740049413815,"Zhong2025",2000
8,0.0297272932700446,"Zhong2025",2000
9,0.0465172562544574,"Zhong2025",2000
10,0.0589361456266227,"Zhong2025",2000
11,0.0144921130888605,"Zhong2025",2000
12,0.0247630307347866,"Zhong2025",2000
13,0.00171301441611413,"Zhong2025",2000
14,0.0418042691960421,"Zhong2025",2000
15,0.451385151122657,"Zhong2025",2000
16,0.0655789211392617,"Zhong2025",2000
17,14.7793145656645,"Zhong2025",2000
18,0.32491878184749,"Zhong2025",2000
19,0.0388204095110592,"Zhong2025",2000
20,0.277469913099695,"Zhong2025",2000
21,0.57757175769232,"Zhong2025",2000
22,1.85815078925747,"Zhong2025",2000
23,2.84986277197042,"Zhong2025",2000
24,2.41044711424632,"Zhong2025",2000
25,3.93191410786743,"Zhong2025",2000
26,3.54103855514213,"Zhong2025",2000
27,2.89704677500462,"Zhong2025",2000
28,12.2112841464505,"Zhong2025",2000
29,0.132061487674368,"Zhong2025",2000
30,0.286172017741662,"Zhong2025",2000
31,0.640845255333592,"Zhong2025",2000
32,0.0285226048015447,"Zhong2025",2000
33,0.4403496453536,"Zhong2025",2000
34,9.5011645004834,"Zhong2025",2000
35,1.15857925826914,"Zhong2025",2000
36,9.00123847497476,"Zhong2025",2000
37,0.089924305448441,"Zhong2025",2000
38,0.648139061375642,"Zhong2025",2000
39,0.331938594448604,"Zhong2025",2000
40,13.9961788083378,"Zhong2025",2000
41,19.8738630311242,"Zhong2025",2000
42,0.647384780784257,"Zhong2025",2000
43,1.28939621338924,"Zhong2025",2000
44,0.0650428820137768,"Zhong2025",2000
45,8.00842304512469,"Zhong2025",2000
46,0,"Zhong2025",2000
47,1.77699185748283,"Zhong2025",2000
48,1.03769791332969,"Zhong2025",2000
49,2.35370740922195,"Zhong2025",2000
50,0.102009598400209,"Zhong2025",2000
51,8.16641893894121,"Zhong2025",2000
52,0.541611296824605,"Zhong2025",2000
53,1.13547915773783,"Zhong2025",2000
54,0.291449022741686,"Zhong2025",2000
55,0.070989243165744,"Zhong2025",2000
56,0,"Zhong2025",2000
57,0,"Zhong2025",2000
58,15.0884774809792,"Zhong2025",2000
59,38.6092628448947,"Zhong2025",2000
60,14.8342615859262,"Zhong2025",2000
61,7.09316214411122,"Zhong2025",2000
62,4.09664264225254,"Zhong2025",2000
63,5.89750174172913,"Zhong2025",2000
64,6.94394315917783,"Zhong2025",2000
65,8.4445439368739,"Zhong2025",2000
66,3.0456681334727,"Zhong2025",2000
67,26.1604531575175,"Zhong2025",2000
68,18.0750224026105,"Zhong2025",2000
69,3.59747535531791,"Zhong2025",2000
70,2.54817973094682,"Zhong2025",2000
71,9.6797304302745,"Zhong2025",2000
72,3.47102974605088,"Zhong2025",2000
73,6.65975424511449,"Zhong2025",2000
74,5.80234458772101,"Zhong2025",2000
75,13.063210615691,"Zhong2025",2000
76,13.9900937887338,"Zhong2025",2000
77,7.38446310866963,"Zhong2025",2000
78,17.5243711194694,"Zhong2025",2000
79,8.88828230130496,"Zhong2025",2000
80,10.9150708358582,"Zhong2025",2000
81,6.93660716517012,"Zhong2025",2000
82,11.344030305804,"Zhong2025",2000
83,10.1750697384554,"Zhong2025",2000
84,3.56964725302697,"Zhong2025",2000
85,7.0615334548657,"Zhong2025",2000
86,4.60440372760666,"Zhong2025",2000
87,6.20851972528761,"Zhong2025",2000
88,13.9883673667908,"Zhong2025",2000
89,3.1616438535868,"Zhong2025",2000
90,9.82590179683782,"Zhong2025",2000
91,8.49174533392254,"Zhong2025",2000
92,34.4216576504106,"Zhong2025",2000
93,8.68829061759207,"Zhong2025",2000
94,5.34691168839889,"Zhong2025",2000
95,14.8021906229455,"Zhong2025",2000
96,10.9136388684219,"Zhong2025",2000
97,10.1542623966501,"Zhong2025",2000
98,1.45922653233157,"Zhong2025",2000
99,6.64525017331928,"Zhong2025",2000
100,1.20330680656292,"Zhong2025",2000
101,1.20515170952296,"Zhong2025",2000
102,3.9785897574004,"Zhong2025",2000
103,1.01990187968458,"Zhong2025",2000
104,5.24509197593939,"Zhong2025",2000
105,0.255137986158366,"Zhong2025",2000
106,3.33982232430173,"Zhong2025",2000
107,0.533305929879011,"Zhong2025",2000
108,0.829994164218138,"Zhong2025",2000
109,0.187034417879567,"Zhong2025",2000
110,0.153956424467933,"Zhong2025",2000
111,0.550287383745729,"Zhong2025",2000
112,0.0399141746398051,"Zhong2025",2000
113,0.0288729885517951,"Zhong2025",2000
114,7.25151637526495,"Zhong2025",2000
115,1.89093252572985,"Zhong2025",2000
116,1.07268034868682,"Zhong2025",2000
117,0.874896146229854,"Zhong2025",2000
118,4.25766787464204,"Zhong2025",2000
119,1.84059667410329,"Zhong2025",2000
120,2.28549008306704,"Zhong2025",2000
121,0.872515186348426,"Zhong2025",2000
122,0.11272158916934,"Zhong2025",2000
123,8.48833886994159,"Zhong2025",2000
124,1.08773760536535,"Zhong2025",2000
125,3.59498822785193,"Zhong2025",2000
126,5.88468266659313,"Zhong2025",2000
127,1.16380438788594,"Zhong2025",2000
128,6.94082551684417,"Zhong2025",2000
129,5.57647256973462,"Zhong2025",2000
130,7.3464898203668,"Zhong2025",2000
131,11.7913890531508,"Zhong2025",2000
132,3.95572944118144,"Zhong2025",2000
133,4.65611053636718,"Zhong2025",2000
134,2.87144378821055,"Zhong2025",2000
135,1.12516724873337,"Zhong2025",2000
136,6.49349645111296,"Zhong2025",2000
137,7.35204316139221,"Zhong2025",2000
138,1.95111668528273,"Zhong2025",2000
139,2.95669190014606,"Zhong2025",2000
140,2.03543418227527,"Zhong2025",2000
141,2.85134860291554,"Zhong2025",2000
142,4.90147616229201,"Zhong2025",2000
143,0.758421271746978,"Zhong2025",2000
144,0.449328442112705,"Zhong2025",2000
145,6.42101266981827,"Zhong2025",2000
146,2.05560657152763,"Zhong2025",2000
147,4.55089529172004,"Zhong2025",2000
148,0.116631707433155,"Zhong2025",2000
149,2.34039679735127,"Zhong2025",2000
150,4.15451072947732,"Zhong2025",2000
151,1.43588657193174,"Zhong2025",2000
152,0.56550424679178,"Zhong2025",2000
153,4.86361310935947,"Zhong2025",2000
154,6.27117620798449,"Zhong2025",2000
155,3.34205096972383,"Zhong2025",2000
156,0.0995966718997806,"Zhong2025",2000
157,7.78738145877918,"Zhong2025",2000
158,2.46353994678049,"Zhong2025",2000
159,3.56710409193203,"Zhong2025",2000
160,1.8430429137677,"Zhong2025",2000
161,0.892474511213538,"Zhong2025",2000
162,0,"Zhong2025",2000
163,0.195940904598513,"Zhong2025",2000
164,0.478585779436767,"Zhong2025",2000
165,0.135719343805325,"Zhong2025",2000
166,0.0655790190460231,"Zhong2025",2000
167,0.109294136026849,"Zhong2025",2000
168,0.0205919895572716,"Zhong2025",2000
169,0,"Zhong2025",2000
170,0,"Zhong2025",2000
171,0,"Zhong2025",2000
172,0,"Zhong2025",2000
173,0.0807684323357688,"Zhong2025",2000
174,0,"Zhong2025",2000
175,0,"Zhong2025",2000
176,0.00756986818102042,"Zhong2025",2000
177,0.0253193186617033,"Zhong2025",2000
178,0,"Zhong2025",2000
179,0,"Zhong2025",2000
180,0.0178763264000376,"Zhong2025",2000
181,0.00335843707413951,"Zhong2025",2000
182,0,"Zhong2025",2000
183,0,"Zhong2025",2000
184,0,"Zhong2025",2000
185,0,"Zhong2025",2000
186,0.0103777942560562,"Zhong2025",2000
187,0.160447554702461,"Zhong2025",2000
188,0.00623087174454747,"Zhong2025",2000
189,0.00160754433605653,"Zhong2025",2000
190,5.92050723440579,"Zhong2025",2000
191,13.1341158991383,"Zhong2025",2000
192,0.208427765656535,"Zhong2025",2000
193,0,"Zhong2025",2000
194,0.806083804495071,"Zhong2025",2000
195,2.1410986977717,"Zhong2025",2000
196,1.18086622640218,"Zhong2025",2000
197,0.0987384620493387,"Zhong2025",2000
198,0.295350945168627,"Zhong2025",2000
199,1.51876112449808,"Zhong2025",2000
200,0.45914234298224,"Zhong2025",2000
201,0,"Zhong2025",2000
202,0.592874744918916,"Zhong2025",2000
203,0.0264126045762428,"Zhong2025",2000
204,4.90475325568015,"Zhong2025",2000
205,0.369960318986609,"Zhong2025",2000
206,1.18808935010814,"Zhong2025",2000
207,0.0329200866651657,"Zhong2025",2000
208,0.0875870494231178,"Zhong2025",2000
209,0.14623889782859,"Zhong2025",2000
210,0,"Zhong2025",2000
211,0,"Zhong2025",2000
212,0,"Zhong2025",2000
213,0,"Zhong2025",2000
214,0,"Zhong2025",2000
215,0,"Zhong2025",2000
216,0,"Zhong2025",2000
217,0.00154207633651562,"Zhong2025",2000
218,0,"Zhong2025",2000
219,0.000218121364275544,"Zhong2025",2000
220,0.0147192875594598,"Zhong2025",2000
221,0,"Zhong2025",2000
222,0,"Zhong2025",2000
223,0,"Zhong2025",2000
224,0,"Zhong2025",2000
225,0,"Zhong2025",2000
226,0.0486066116578129,"Zhong2025",2000
227,0.00639471754857682,"Zhong2025",2000
228,0.00744769669871719,"Zhong2025",2000
229,0.00321313107157778,"Zhong2025",2000
230,20.2960049487538,"Zhong2025",2000
231,3.29613461158796,"Zhong2025",2000
232,5.49249964590639,"Zhong2025",2000
233,0.279643320763598,"Zhong2025",2000
234,6.83154789021141,"Zhong2025",2000
235,10.1422482199139,"Zhong2025",2000
236,5.0106758105282,"Zhong2025",2000
237,5.81550707291531,"Zhong2025",2000
238,5.16659330114048,"Zhong2025",2000
239,4.47533384544572,"Zhong2025",2000
240,16.3433739595246,"Zhong2025",2000
241,8.97029750630007,"Zhong2025",2000
242,3.67595544587821,"Zhong2025",2000
243,10.6276694024564,"Zhong2025",2000
244,2.08753433668492,"Zhong2025",2000
245,10.4107581652128,"Zhong2025",2000
246,5.36637134225594,"Zhong2025",2000
247,1.29606464128383,"Zhong2025",2000
248,11.755145506002,"Zhong2025",2000
249,8.66574670987971,"Zhong2025",2000
250,0.798861021761718,"Zhong2025",2000
251,2.23737466499246,"Zhong2025",2000
252,10.1067314769911,"Zhong2025",2000
253,2.10832902681969,"Zhong2025",2000
254,16.7015271429288,"Zhong2025",2000
255,3.28973867718776,"Zhong2025",2000
256,5.85314489480598,"Zhong2025",2000
257,33.0706258362871,"Zhong2025",2000
258,7.84322475832562,"Zhong2025",2000
259,15.8128117548317,"Zhong2025",2000
260,29.9465155800184,"Zhong2025",2000
261,3.95737215748397,"Zhong2025",2000
262,12.8778249394577,"Zhong2025",2000
263,1.51121953157918,"Zhong2025",2000
264,15.9574650422387,"Zhong2025",2000
265,12.9745202849183,"Zhong2025",2000
266,1.91646538808799,"Zhong2025",2000
267,17.0606370339027,"Zhong2025",2000
268,4.22175468510655,"Zhong2025",2000
269,22.9349484636421,"Zhong2025",2000
270,5.07704754558302,"Zhong2025",2000
271,11.6286546351418,"Zhong2025",2000
272,8.96648122798255,"Zhong2025",2000
273,47.9867705769009,"Zhong2025",2000
274,8.71545162880532,"Zhong2025",2000
275,7.06874948432765,"Zhong2025",2000
276,16.3132458574632,"Zhong2025",2000
277,12.5541754869314,"Zhong2025",2000
278,0.70498902072995,"Zhong2025",2000
279,0.288465396735212,"Zhong2025",2000
280,10.2357765756804,"Zhong2025",2000
281,7.2275896773387,"Zhong2025",2000
282,6.16268564895312,"Zhong2025",2000
283,47.5211186901448,"Zhong2025",2000
284,7.24428775642859,"Zhong2025",2000
285,0.127254938082722,"Zhong2025",2000
286,0.198457952072223,"Zhong2025",2000
287,0.396716259031133,"Zhong2025",2000
288,1.14524292263574,"Zhong2025",2000
289,3.82310345311028,"Zhong2025",2000
290,40.2443133190179,"Zhong2025",2000
291,0.938228159186016,"Zhong2025",2000
292,18.2135392724781,"Zhong2025",2000
293,5.19687279218282,"Zhong2025",2000
294,0.768860414827941,"Zhong2025",2000
295,0.31343079562299,"Zhong2025",2000
296,0.285548686701104,"Zhong2025",2000
297,2.33258100264989,"Zhong2025",2000
298,0.370855081514549,"Zhong2025",2000
299,1.71117826929989,"Zhong2025",2000
300,15.3720732969396,"Zhong2025",2000
301,4.08857838394788,"Zhong2025",2000
302,0.831099187613525,"Zhong2025",2000
303,21.5702784750197,"Zhong2025",2000
304,1.53989627640154,"Zhong2025",2000
305,0.0472348786607093,"Zhong2025",2000
306,2.97530367001751,"Zhong2025",2000
307,1.04370723718389,"Zhong2025",2000
308,1.64219909368124,"Zhong2025",2000
309,1.01130270192894,"Zhong2025",2000
310,3.32113717147269,"Zhong2025",2000
311,0.674802389431697,"Zhong2025",2000
312,7.21649803989877,"Zhong2025",2000
313,0.792862955009215,"Zhong2025",2000
314,5.8866571370693,"Zhong2025",2000
315,0.34771677417163,"Zhong2025",2000
316,0.317943144168428,"Zhong2025",2000
317,1.11434614505527,"Zhong2025",2000
318,0.633004770422255,"Zhong2025",2000
319,7.16854856047004,"Zhong2025",2000
320,3.88376997227967,"Zhong2025",2000
321,0.504372454502925,"Zhong2025",2000
322,6.27651007688552,"Zhong2025",2000
323,6.01807565077981,"Zhong2025",2000
324,1.51118759274242,"Zhong2025",2000
325,0.593275487019869,"Zhong2025",2000
326,18.1538405579128,"Zhong2025",2000
327,3.80312932470954,"Zhong2025",2000
328,2.00302025401534,"Zhong2025",2000
329,9.39641755616781,"Zhong2025",2000
330,0.864782115877277,"Zhong2025",2000
331,8.09789541697268,"Zhong2025",2000
332,41.5678547978401,"Zhong2025",2000
333,2.95791278455207,"Zhong2025",2000
334,0.489879648084257,"Zhong2025",2000
335,6.22812184436625,"Zhong2025",2000
336,9.39460691534978,"Zhong2025",2000
337,44.7334595722939,"Zhong2025",2000
338,3.90459481868389,"Zhong2025",2000
339,2.00891838864516,"Zhong2025",2000
340,4.56952806853224,"Zhong2025",2000
341,11.4791742265224,"Zhong2025",2000
342,1.55016821886867,"Zhong2025",2000
343,1.68578917975229,"Zhong2025",2000
344,2.23945049405288,"Zhong2025",2000
345,9.58653612666118,"Zhong2025",2000
346,3.56210146357355,"Zhong2025",2000
347,4.87307801436294,"Zhong2025",2000
348,0.566697292787987,"Zhong2025",2000
349,0.733744098987265,"Zhong2025",2000
350,1.14627580417113,"Zhong2025",2000
351,20.7505697522845,"Zhong2025",2000
352,0.281287334244431,"Zhong2025",2000
353,9.43862647795286,"Zhong2025",2000
354,1.3541962463092,"Zhong2025",2000
355,4.96468941755921,"Zhong2025",2000
356,0.567825383605604,"Zhong2025",2000
357,11.279755975412,"Zhong2025",2000
358,0.533227573956052,"Zhong2025",2000
359,0.636238469586441,"Zhong2025",2000
360,1.48494146727888,"Zhong2025",2000
361,11.1515961393534,"Zhong2025",2000
362,0.447529858303448,"Zhong2025",2000
363,2.02628640641028,"Zhong2025",2000
364,0.689863025054911,"Zhong2025",2000
365,2.23946801812739,"Zhong2025",2000
366,0.373895221767032,"Zhong2025",2000
367,48.0855995049843,"Zhong2025",2000
368,17.6949138659911,"Zhong2025",2000
369,0.574078632408146,"Zhong2025",2000
370,4.49289457487402,"Zhong2025",2000
371,2.93352229688054,"Zhong2025",2000
372,1.09720320538886,"Zhong2025",2000
373,6.42164344379776,"Zhong2025",2000
374,0,"Zhong2025",2000
375,13.7088605074152,"Zhong2025",2000
376,4.50892541853504,"Zhong2025",2000
377,0.276887370688017,"Zhong2025",2000
378,0.277170424036998,"Zhong2025",2000
379,0.917068507009281,"Zhong2025",2000
380,0.0852825151490314,"Zhong2025",2000
381,9.91442157700658,"Zhong2025",2000
382,25.6147467403089,"Zhong2025",2000
383,0.806121468886641,"Zhong2025",2000
384,1.73614557354974,"Zhong2025",2000
385,12.4896830705587,"Zhong2025",2000
386,10.0067117384128,"Zhong2025",2000
387,30.6849406359451,"Zhong2025",2000
388,4.14873748384068,"Zhong2025",2000
389,3.45340668913864,"Zhong2025",2000
390,62.8448825836182,"Zhong2025",2000
391,6.13744515227893,"Zhong2025",2000
392,11.4654118123133,"Zhong2025",2000
393,7.73092188810309,"Zhong2025",2000
394,28.8936907177322,"Zhong2025",2000
395,4.9631684754369,"Zhong2025",2000
396,4.41067049681556,"Zhong2025",2000
397,2.60756506066389,"Zhong2025",2000
398,37.290190783414,"Zhong2025",2000
399,0.123024026623923,"Zhong2025",2000
400,0.252838169732963,"Zhong2025",2000
401,0.101201701218814,"Zhong2025",2000
402,0.237906733552406,"Zhong2025",2000
403,0,"Zhong2025",2000
404,0,"Zhong2025",2000
405,6.14691842314122,"Zhong2025",2000
406,0.00914120328940227,"Zhong2025",2000
407,0.478151956632172,"Zhong2025",2000
408,0.198904540310888,"Zhong2025",2000
409,0,"Zhong2025",2000
410,0.0396661075733905,"Zhong2025",2000
411,0,"Zhong2025",2000
412,0.0928589651876308,"Zhong2025",2000
413,0,"Zhong2025",2000
414,0,"Zhong2025",2000
415,0,"Zhong2025",2000
416,0,"Zhong2025",2000
417,0.11696658256379,"Zhong2025",2000
418,0.214666613360663,"Zhong2025",2000
419,0.181878984052896,"Zhong2025",2000
420,0,"Zhong2025",2000
421,0.163907626161993,"Zhong2025",2000
422,0,"Zhong2025",2000
423,0,"Zhong2025",2000
424,0,"Zhong2025",2000
425,0,"Zhong2025",2000
426,0.0528207626435664,"Zhong2025",2000
427,0,"Zhong2025",2000
428,0.00129665903206889,"Zhong2025",2000
429,0.245313397664133,"Zhong2025",2000
430,0.20700090721615,"Zhong2025",2000
431,0.0142265958627095,"Zhong2025",2000
432,0,"Zhong2025",2000
433,0.0866013196327828,"Zhong2025",2000
434,0,"Zhong2025",2000
435,0.0052697608868281,"Zhong2025",2000
436,0.442981820958685,"Zhong2025",2000
437,3.78256045537241,"Zhong2025",2000
438,0.529141585775002,"Zhong2025",2000
439,1.35652043869993,"Zhong2025",2000
440,0.701621635573222,"Zhong2025",2000
441,14.9177245519889,"Zhong2025",2000
442,2.67507962302067,"Zhong2025",2000
443,5.01300780952179,"Zhong2025",2000
444,5.25991083023408,"Zhong2025",2000
445,6.90901205694597,"Zhong2025",2000
446,2.58538800712177,"Zhong2025",2000
447,4.66421090750321,"Zhong2025",2000
448,1.32115756638483,"Zhong2025",2000
449,5.76544778911453,"Zhong2025",2000
450,2.69359753138175,"Zhong2025",2000
451,2.24086718890488,"Zhong2025",2000
452,0.984630489052214,"Zhong2025",2000
453,0.863348862769855,"Zhong2025",2000
454,7.02359299054222,"Zhong2025",2000
455,5.29624656625443,"Zhong2025",2000
456,9.69153536016291,"Zhong2025",2000
457,8.42412663457539,"Zhong2025",2000
458,3.24101994261755,"Zhong2025",2000
459,3.86240691091951,"Zhong2025",2000
460,0.763341784024226,"Zhong2025",2000
461,4.69413642178827,"Zhong2025",2000
462,9.67092718749211,"Zhong2025",2000
463,1.13708679060135,"Zhong2025",2000
464,1.84246215115573,"Zhong2025",2000
465,0.73164178298958,"Zhong2025",2000
466,0.410439484156572,"Zhong2025",2000
467,57.1178505595137,"Zhong2025",2000
468,23.5016906352444,"Zhong2025",2000
469,10.789516741605,"Zhong2025",2000
470,7.48492036511501,"Zhong2025",2000
471,31.9543453943162,"Zhong2025",2000
472,6.90960282758845,"Zhong2025",2000
473,7.2808644916707,"Zhong2025",2000
474,34.9164039813555,"Zhong2025",2000
475,3.6595834425069,"Zhong2025",2000
476,13.2897135165273,"Zhong2025",2000
477,1.85547914270159,"Zhong2025",2000
478,15.8464159079087,"Zhong2025",2000
479,6.67359909470872,"Zhong2025",2000
480,39.3358194096883,"Zhong2025",2000
481,3.76272090002577,"Zhong2025",2000
482,33.5059045426389,"Zhong2025",2000
483,10.6761087520008,"Zhong2025",2000
484,5.34922422751163,"Zhong2025",2000
485,19.9945979328716,"Zhong2025",2000
486,54.6573189955491,"Zhong2025",2000
487,11.4299159521858,"Zhong2025",2000
488,11.5365275994325,"Zhong2025",2000
489,8.71611690349304,"Zhong2025",2000
490,19.8437105866356,"Zhong2025",2000
491,0.171468420906838,"Zhong2025",2000
492,0.565108820211767,"Zhong2025",2000
493,0.30653786292269,"Zhong2025",2000
494,5.30355517025161,"Zhong2025",2000
495,2.4516877224615,"Zhong2025",2000
496,0.246427776649855,"Zhong2025",2000
497,3.8317360544637,"Zhong2025",2000
498,1.09239863540675,"Zhong2025",2000
499,12.3885840993915,"Zhong2025",2000
500,1.20315348551344,"Zhong2025",2000
501,7.52971193947635,"Zhong2025",2000
502,2.4496974559246,"Zhong2025",2000
503,0.94690494230222,"Zhong2025",2000
504,1.35988072522504,"Zhong2025",2000
505,3.41374850294963,"Zhong2025",2000
506,1.68475324109003,"Zhong2025",2000
507,3.94284582986774,"Zhong2025",2000
508,0,"Zhong2025",2000
509,1.90273838410009,"Zhong2025",2000
510,0.459324170684098,"Zhong2025",2000
511,0,"Zhong2025",2000
512,0.136885318574682,"Zhong2025",2000
513,0.326013768120751,"Zhong2025",2000
514,0.342512146430194,"Zhong2025",2000
515,4.04389671530834,"Zhong2025",2000
516,3.83135452322366,"Zhong2025",2000
517,2.41324065882721,"Zhong2025",2000
518,0.0811208464289676,"Zhong2025",2000
519,2.34256972324915,"Zhong2025",2000
520,0.837166763666496,"Zhong2025",2000
521,0.20762467720562,"Zhong2025",2000
522,5.50123412779517,"Zhong2025",2000
523,9.53667169119134,"Zhong2025",2000
524,0.173345754030248,"Zhong2025",2000
525,0.301099449374804,"Zhong2025",2000
526,2.32236366936623,"Zhong2025",2000
527,2.64103550357377,"Zhong2025",2000
528,0.0416359293470044,"Zhong2025",2000
529,20.4170328111953,"Zhong2025",2000
530,9.85991884805077,"Zhong2025",2000
531,5.04985557348039,"Zhong2025",2000
532,1.61816295607375,"Zhong2025",2000
533,1.05391869497732,"Zhong2025",2000
534,2.22207503271504,"Zhong2025",2000
535,0.653623243462491,"Zhong2025",2000
536,2.02498733598791,"Zhong2025",2000
537,1.78661430903044,"Zhong2025",2000
538,1.80933958513965,"Zhong2025",2000
539,2.28152393299757,"Zhong2025",2000
540,5.72461583041881,"Zhong2025",2000
541,7.21975875749618,"Zhong2025",2000
542,1.42572459752767,"Zhong2025",2000
543,3.15889710754718,"Zhong2025",2000
544,2.79871089006328,"Zhong2025",2000
545,1.53680483198894,"Zhong2025",2000
546,2.16038390705278,"Zhong2025",2000
547,2.31176180962518,"Zhong2025",2000
548,2.03322256749805,"Zhong2025",2000
549,1.36442217581182,"Zhong2025",2000
550,1.68821590715842,"Zhong2025",2000
551,2.55507608673609,"Zhong2025",2000
552,1.41682502855769,"Zhong2025",2000
553,0.907870239981857,"Zhong2025",2000
554,1.91747592954095,"Zhong2025",2000
555,0.398944883751419,"Zhong2025",2000
556,0.867616279384144,"Zhong2025",2000
557,4.49521981555462,"Zhong2025",2000
558,5.37965621352381,"Zhong2025",2000
559,2.88987941525891,"Zhong2025",2000
560,2.0937738172579,"Zhong2025",2000
561,3.91428763708305,"Zhong2025",2000
562,15.2868230183139,"Zhong2025",2000
563,1.91995937093287,"Zhong2025",2000
564,1.69094606873551,"Zhong2025",2000
565,5.941739821629,"Zhong2025",2000
566,1.05277027450983,"Zhong2025",2000
567,5.19872317702188,"Zhong2025",2000
568,0.487028446756084,"Zhong2025",2000
569,1.94045961028065,"Zhong2025",2000
570,0.263129619703415,"Zhong2025",2000
571,2.9347000520599,"Zhong2025",2000
572,0.87288455981255,"Zhong2025",2000
573,1.59927613936927,"Zhong2025",2000
574,1.42535867389436,"Zhong2025",2000
575,1.14901092279845,"Zhong2025",2000
576,4.1314451211753,"Zhong2025",2000
577,0.554403724579216,"Zhong2025",2000
578,2.68490619613093,"Zhong2025",2000
579,1.05998630873541,"Zhong2025",2000
580,4.09699554760211,"Zhong2025",2000
581,1.81711628639764,"Zhong2025",2000
582,0.380164093627947,"Zhong2025",2000
583,0.299081704716098,"Zhong2025",2000
584,1.25071977440936,"Zhong2025",2000
585,1.04170794808921,"Zhong2025",2000
586,1.23765565725025,"Zhong2025",2000
587,0.756551001152225,"Zhong2025",2000
588,0.205489697716111,"Zhong2025",2000
589,3.43510946713758,"Zhong2025",2000
590,1.53597800040051,"Zhong2025",2000
591,3.42310741638513,"Zhong2025",2000
592,0.524337027132883,"Zhong2025",2000
593,0.226382647612347,"Zhong2025",2000
594,7.29242494486887,"Zhong2025",2000
595,1.07121355639138,"Zhong2025",2000
596,0.206146070233328,"Zhong2025",2000
597,9.50216706353827,"Zhong2025",2000
598,1.21579353084957,"Zhong2025",2000
599,2.7320317870316,"Zhong2025",2000
600,1.51500593610126,"Zhong2025",2000
601,4.17536670260918,"Zhong2025",2000
602,2.20315248256899,"Zhong2025",2000
603,23.9801004457063,"Zhong2025",2000
604,3.17802248118457,"Zhong2025",2000
605,2.37148681112467,"Zhong2025",2000
606,5.27949573472142,"Zhong2025",2000
607,9.60033471504864,"Zhong2025",2000
608,18.8067271868388,"Zhong2025",2000
609,4.00112808949646,"Zhong2025",2000
610,1.84758826518157,"Zhong2025",2000
611,2.54641621467601,"Zhong2025",2000
612,0.38792032643687,"Zhong2025",2000
613,3.5303575433531,"Zhong2025",2000
614,6.61241162046094,"Zhong2025",2000
615,0.688285951843645,"Zhong2025",2000
616,3.79772391489356,"Zhong2025",2000
617,5.69597431557739,"Zhong2025",2000
618,12.6028492851304,"Zhong2025",2000
619,0.482484917445085,"Zhong2025",2000
620,6.99096783491986,"Zhong2025",2000
621,2.47520589268693,"Zhong2025",2000
622,2.18375122795509,"Zhong2025",2000
623,7.61727465455947,"Zhong2025",2000
624,4.71978197361069,"Zhong2025",2000
625,0.539630622876963,"Zhong2025",2000
626,5.41174184255947,"Zhong2025",2000
627,7.88719734342972,"Zhong2025",2000
628,12.4334573080061,"Zhong2025",2000
629,43.8065432442559,"Zhong2025",2000
630,11.9727831508802,"Zhong2025",2000
631,0.709185612669821,"Zhong2025",2000
632,0.0399586390882049,"Zhong2025",2000
633,0.028018178884025,"Zhong2025",2000
634,1.08544028454312,"Zhong2025",2000
635,0.191636134521773,"Zhong2025",2000
636,3.13032198106279,"Zhong2025",2000
637,0.243947425176315,"Zhong2025",2000
638,27.4233037754893,"Zhong2025",2000
639,2.18971446868513,"Zhong2025",2000
640,0.621110588577571,"Zhong2025",2000
641,1.67027298099527,"Zhong2025",2000
642,1.57451697914904,"Zhong2025",2000
643,2.09852563743553,"Zhong2025",2000
644,0.633978099330506,"Zhong2025",2000
645,1.49870074431472,"Zhong2025",2000
646,7.0244143149432,"Zhong2025",2000
647,0.431124358753172,"Zhong2025",2000
648,1.5061479661645,"Zhong2025",2000
649,7.02058328115023,"Zhong2025",2000
650,3.87763292737949,"Zhong2025",2000
651,0.0121771639531266,"Zhong2025",2000
652,3.10424880337888,"Zhong2025",2000
653,1.91226362338579,"Zhong2025",2000
654,11.8239372628473,"Zhong2025",2000
655,0.145524501975079,"Zhong2025",2000
656,1.7527792425882,"Zhong2025",2000
657,5.6701717730963,"Zhong2025",2000
658,3.64552173912525,"Zhong2025",2000
659,5.56243301541,"Zhong2025",2000
660,0.416875793813513,"Zhong2025",2000
661,8.79246082589511,"Zhong2025",2000
662,0.239390105700544,"Zhong2025",2000
663,3.81542201071667,"Zhong2025",2000
664,0.113582785640444,"Zhong2025",2000
665,0.800435435902029,"Zhong2025",2000
666,1.65773902482296,"Zhong2025",2000
667,0,"Zhong2025",2000
668,1.88599330613889,"Zhong2025",2000
669,1.07244726357846,"Zhong2025",2000
670,0.0900299500300303,"Zhong2025",2000
671,1.64909404731255,"Zhong2025",2000
672,15.4325069122923,"Zhong2025",2000
673,5.67733217388271,"Zhong2025",2000
674,1.18175291944597,"Zhong2025",2000
675,6.25856122090703,"Zhong2025",2000
676,3.11247723378123,"Zhong2025",2000
677,1.09039553001804,"Zhong2025",2000
678,1.01990981893269,"Zhong2025",2000
679,6.68803916975509,"Zhong2025",2000
680,5.25573103511056,"Zhong2025",2000
681,2.89705925692789,"Zhong2025",2000
682,1.18049490652782,"Zhong2025",2000
683,14.1871917507326,"Zhong2025",2000
684,0.671851806550387,"Zhong2025",2000
685,1.70984208675688,"Zhong2025",2000
686,8.49355846029102,"Zhong2025",2000
687,7.45125479352377,"Zhong2025",2000
688,0.965298099200363,"Zhong2025",2000
689,1.2975206561951,"Zhong2025",2000
690,3.40546332747478,"Zhong2025",2000
691,1.35538679507639,"Zhong2025",2000
692,18.5549164613088,"Zhong2025",2000
693,2.82840140180018,"Zhong2025",2000
694,7.11983367374965,"Zhong2025",2000
695,6.23740109801292,"Zhong2025",2000
696,0.399992928394805,"Zhong2025",2000
697,7.3025623107315,"Zhong2025",2000
698,0.963026707700643,"Zhong2025",2000
699,0.366983955615156,"Zhong2025",2000
700,3.33863148474462,"Zhong2025",2000
701,0.282173223715285,"Zhong2025",2000
702,3.9009529641573,"Zhong2025",2000
703,6.53283579883859,"Zhong2025",2000
704,16.8244249944029,"Zhong2025",2000
705,2.14954390784581,"Zhong2025",2000
706,32.746449501788,"Zhong2025",2000
707,5.8070630133152,"Zhong2025",2000
708,5.9362802306811,"Zhong2025",2000
709,0.342973402623087,"Zhong2025",2000
710,7.42974402381002,"Zhong2025",2000
711,0.455008218523932,"Zhong2025",2000
712,9.03622844239633,"Zhong2025",2000
713,0.700527931524046,"Zhong2025",2000
714,3.36263535698739,"Zhong2025",2000
715,0.529469604718181,"Zhong2025",2000
716,0,"Zhong2025",2000
717,1.79949124559016,"Zhong2025",2000
718,2.93930944388337,"Zhong2025",2000
719,2.06655004575769,"Zhong2025",2000
720,0.442466144777939,"Zhong2025",2000
721,2.96344678023687,"Zhong2025",2000
722,5.2602974202371,"Zhong2025",2000
723,11.293291803191,"Zhong2025",2000
724,0.745200422276621,"Zhong2025",2000
725,6.53930720576534,"Zhong2025",2000
726,0.298991911536419,"Zhong2025",2000
727,0.715390381802661,"Zhong2025",2000
728,3.12357863281487,"Zhong2025",2000
729,1.05180174382675,"Zhong2025",2000
730,7.00879620162534,"Zhong2025",2000
731,0.898438339110282,"Zhong2025",2000
732,10.2596272556555,"Zhong2025",2000
733,2.27223881922754,"Zhong2025",2000
734,0.464366408685843,"Zhong2025",2000
735,0.120606774328785,"Zhong2025",2000
736,2.1021652272385,"Zhong2025",2000
737,3.97984511076766,"Zhong2025",2000
738,6.51055579662323,"Zhong2025",2000
739,3.3795251787967,"Zhong2025",2000
740,10.7096105178197,"Zhong2025",2000
741,0.211399241664249,"Zhong2025",2000
742,5.57916107326746,"Zhong2025",2000
743,11.6535236676534,"Zhong2025",2000
744,0.983305629309233,"Zhong2025",2000
745,9.25963511872799,"Zhong2025",2000
746,2.64856878473209,"Zhong2025",2000
747,17.8749665532793,"Zhong2025",2000
748,2.80459893534758,"Zhong2025",2000
749,1.17749130294511,"Zhong2025",2000
750,2.16429239616133,"Zhong2025",2000
751,2.44733058166242,"Zhong2025",2000
752,12.3445137642525,"Zhong2025",2000
753,0.925902847350629,"Zhong2025",2000
754,1.50700067677375,"Zhong2025",2000
755,5.21154445990227,"Zhong2025",2000
756,3.31088198482419,"Zhong2025",2000
757,0,"Zhong2025",2000
758,0.235697328192539,"Zhong2025",2000
759,0.0709221578766442,"Zhong2025",2000
760,0.0860695210697042,"Zhong2025",2000
761,12.9875560741799,"Zhong2025",2000
762,15.0190046110819,"Zhong2025",2000
763,13.4831166645837,"Zhong2025",2000
764,11.1589164145683,"Zhong2025",2000
765,1.42401341957218,"Zhong2025",2000
766,6.16661697626114,"Zhong2025",2000
767,13.9379805428641,"Zhong2025",2000
768,0.182898445336598,"Zhong2025",2000
769,16.1904711042132,"Zhong2025",2000
770,48.4960177681663,"Zhong2025",2000
771,0.654087193485891,"Zhong2025",2000
772,9.34831615594717,"Zhong2025",2000
773,1.52640479443648,"Zhong2025",2000
774,1.62291635059397,"Zhong2025",2000
775,9.1894362619481,"Zhong2025",2000
776,8.9729601421264,"Zhong2025",2000
777,6.30638755358283,"Zhong2025",2000
778,13.5103844886934,"Zhong2025",2000
779,51.8602384793556,"Zhong2025",2000
780,6.6730979390057,"Zhong2025",2000
781,19.21875732701,"Zhong2025",2000
782,0.0296728938817978,"Zhong2025",2000
783,30.113413756802,"Zhong2025",2000
784,1.67761877556667,"Zhong2025",2000
785,3.19519675635741,"Zhong2025",2000
786,51.2129908169017,"Zhong2025",2000
787,6.75756393292223,"Zhong2025",2000
788,0.589747256040573,"Zhong2025",2000
789,18.6007372168608,"Zhong2025",2000
790,1.3692824201788,"Zhong2025",2000
791,1.12578481551388,"Zhong2025",2000
792,13.7913075431449,"Zhong2025",2000
793,6.42646088999593,"Zhong2025",2000
794,3.72727695167381,"Zhong2025",2000
795,8.18605885242633,"Zhong2025",2000
796,3.81983126074608,"Zhong2025",2000
797,3.87692172776338,"Zhong2025",2000
798,8.63430932030749,"Zhong2025",2000
799,1.21034096926451,"Zhong2025",2000
800,0.065855780848741,"Zhong2025",2000
801,1.9021719349033,"Zhong2025",2000
802,1.18182059679653,"Zhong2025",2000
803,20.7078168074938,"Zhong2025",2000
804,17.3927973210812,"Zhong2025",2000
805,1.9041123467181,"Zhong2025",2000
806,0.82873551835484,"Zhong2025",2000
807,10.6440669165717,"Zhong2025",2000
808,5.13899132390507,"Zhong2025",2000
809,1.60368337270905,"Zhong2025",2000
810,44.0912077678897,"Zhong2025",2000
811,1.83703941158352,"Zhong2025",2000
812,0.413003930313683,"Zhong2025",2000
813,8.5467374160372,"Zhong2025",2000
814,11.0619372496238,"Zhong2025",2000
815,12.9243442575137,"Zhong2025",2000
816,3.43702738011877,"Zhong2025",2000
817,6.66564875284831,"Zhong2025",2000
818,1.13531239472684,"Zhong2025",2000
819,3.65567367782678,"Zhong2025",2000
820,0,"Zhong2025",2000
821,8.5968570773666,"Zhong2025",2000
822,0.112325015532855,"Zhong2025",2000
823,3.62919189133303,"Zhong2025",2000
824,3.29806999049998,"Zhong2025",2000
825,0.783769542369626,"Zhong2025",2000
826,5.73160184671481,"Zhong2025",2000
827,2.03217009694813,"Zhong2025",2000
828,6.41928899471576,"Zhong2025",2000
829,9.43613704534677,"Zhong2025",2000
830,18.4009144394486,"Zhong2025",2000
831,19.7078848595315,"Zhong2025",2000
832,1.74314984268545,"Zhong2025",2000
833,0,"Zhong2025",2000
834,9.52883367311387,"Zhong2025",2000
835,12.6570738090957,"Zhong2025",2000
836,9.25348726655013,"Zhong2025",2000
837,17.2424934667699,"Zhong2025",2000
838,7.66692279465497,"Zhong2025",2000
839,31.9495557526411,"Zhong2025",2000
840,11.2252810196443,"Zhong2025",2000
841,10.2295827875319,"Zhong2025",2000
842,3.73242464710544,"Zhong2025",2000
843,3.97780358340215,"Zhong2025",2000
844,8.64400685736627,"Zhong2025",2000
845,26.4430066422571,"Zhong2025",2000
846,3.84974482995523,"Zhong2025",2000
847,15.9121201833089,"Zhong2025",2000
848,35.6011799202591,"Zhong2025",2000
849,14.7750565740797,"Zhong2025",2000
850,3.80819544215398,"Zhong2025",2000
851,9.7206762268138,"Zhong2025",2000
852,33.4488384501139,"Zhong2025",2000
853,0.0356250292572536,"Zhong2025",2000
854,1.21702351652759,"Zhong2025",2000
855,10.6073142730438,"Zhong2025",2000
856,13.9897358064298,"Zhong2025",2000
857,1.84789777559342,"Zhong2025",2000
858,2.44402970243053,"Zhong2025",2000
859,1.59608805322971,"Zhong2025",2000
860,6.36507380008698,"Zhong2025",2000
861,0.139750095360796,"Zhong2025",2000
862,6.07724412547979,"Zhong2025",2000
863,13.0645361627851,"Zhong2025",2000
864,9.26714581999668,"Zhong2025",2000
865,0.123914988536388,"Zhong2025",2000
866,13.8316767417778,"Zhong2025",2000
867,19.0889932382107,"Zhong2025",2000
868,10.9422236012888,"Zhong2025",2000
869,11.600629818448,"Zhong2025",2000
870,0.840743884005066,"Zhong2025",2000
871,0.199068952015605,"Zhong2025",2000
872,3.74922122448189,"Zhong2025",2000
873,0,"Zhong2025",2000
874,0.349605174203559,"Zhong2025",2000
875,0.524167365636318,"Zhong2025",2000
876,6.04702540802104,"Zhong2025",2000
877,0.438601716308339,"Zhong2025",2000
878,3.78329134014036,"Zhong2025",2000
879,3.61267781670654,"Zhong2025",2000
880,1.94477520419236,"Zhong2025",2000
881,0.327791840731931,"Zhong2025",2000
882,0.989862644926391,"Zhong2025",2000
883,1.66956213134784,"Zhong2025",2000
884,0.541706112637354,"Zhong2025",2000
885,1.04188151459766,"Zhong2025",2000
886,20.1673772251164,"Zhong2025",2000
887,1.37189109939882,"Zhong2025",2000
888,0.423835072057465,"Zhong2025",2000
889,6.89285752904042,"Zhong2025",2000
890,5.56443542516421,"Zhong2025",2000
891,1.58423390147646,"Zhong2025",2000
892,5.53778061302418,"Zhong2025",2000
893,2.91142954767026,"Zhong2025",2000
894,1.04952992415791,"Zhong2025",2000
895,0.873172079615277,"Zhong2025",2000
896,12.2262565941646,"Zhong2025",2000
897,3.60439175231516,"Zhong2025",2000
898,0.373597131202837,"Zhong2025",2000
899,0.24390899577185,"Zhong2025",2000
900,0.193306377177839,"Zhong2025",2000
901,26.7117898596658,"Zhong2025",2000
902,0.0937606115918981,"Zhong2025",2000
903,1.21400941801869,"Zhong2025",2000
904,0.413160752313815,"Zhong2025",2000
905,0.737112678097477,"Zhong2025",2000
906,1.03862235664875,"Zhong2025",2000
907,0.627433054122967,"Zhong2025",2000
908,0.547767219586886,"Zhong2025",2000
909,22.4357300189539,"Zhong2025",2000
910,13.8105348477674,"Zhong2025",2000
911,4.67195521149621,"Zhong2025",2000
912,0.203237599527326,"Zhong2025",2000
913,0.0671089348375551,"Zhong2025",2000
914,1.81694900621181,"Zhong2025",2000
915,0.246308483079137,"Zhong2025",2000
916,1.87677980121261,"Zhong2025",2000
917,0.000490332870133992,"Zhong2025",2000
918,0.456567836091274,"Zhong2025",2000
919,0.693657344564175,"Zhong2025",2000
920,0.650107731846438,"Zhong2025",2000
921,5.66867527027373,"Zhong2025",2000
922,1.37083461166374,"Zhong2025",2000
923,0.0647125488998902,"Zhong2025",2000
924,0,"Zhong2025",2000
925,0.177518242974451,"Zhong2025",2000
926,0.158673915218064,"Zhong2025",2000
927,0.147551858398039,"Zhong2025",2000
928,0.0678366693526596,"Zhong2025",2000
929,0.0344083900467433,"Zhong2025",2000
930,4.86312621441752,"Zhong2025",2000
931,0.85749095625166,"Zhong2025",2000
932,0.133086679598648,"Zhong2025",2000
933,0,"Zhong2025",2000
934,0.179503964057734,"Zhong2025",2000
935,0.0624892394563718,"Zhong2025",2000
936,0.00888660439731078,"Zhong2025",2000
937,0.00219342856198213,"Zhong2025",2000
938,0.0165007782943056,"Zhong2025",2000
939,11.9053752392147,"Zhong2025",2000
940,3.91333445378595,"Zhong2025",2000
941,1.29350665914156,"Zhong2025",2000
942,3.02800927481092,"Zhong2025",2000
943,0.776465991338094,"Zhong2025",2000
944,0.748979498192592,"Zhong2025",2000
945,0.284097756963194,"Zhong2025",2000
946,1.01517386000686,"Zhong2025",2000
947,0.518202199210935,"Zhong2025",2000
948,1.46858899017627,"Zhong2025",2000
949,0.289548293058131,"Zhong2025",2000
950,7.13257186257129,"Zhong2025",2000
951,0,"Zhong2025",2000
952,1.91120355744791,"Zhong2025",2000
953,4.0803962707133,"Zhong2025",2000
954,6.23229066756639,"Zhong2025",2000
955,0.240879413441835,"Zhong2025",2000
956,0.304155441568953,"Zhong2025",2000
957,0.539290313829453,"Zhong2025",2000
958,0.34306122828068,"Zhong2025",2000
959,1.10908245744483,"Zhong2025",2000
960,0.722333018081947,"Zhong2025",2000
961,4.01777363134598,"Zhong2025",2000
962,0.762002285216192,"Zhong2025",2000
963,4.1524002462085,"Zhong2025",2000
964,1.0647498807937,"Zhong2025",2000
965,14.6348609966906,"Zhong2025",2000
966,4.98858406190883,"Zhong2025",2000
967,3.91388092062111,"Zhong2025",2000
968,0.0679537496711978,"Zhong2025",2000
969,4.97330816870055,"Zhong2025",2000
970,0.321214434479314,"Zhong2025",2000
971,2.56517439047766,"Zhong2025",2000
972,0.717577586889364,"Zhong2025",2000
973,7.39597380592523,"Zhong2025",2000
974,1.65486590655252,"Zhong2025",2000
975,0.360098212053838,"Zhong2025",2000
976,0.293743979515909,"Zhong2025",2000
977,0.324678100140418,"Zhong2025",2000
978,1.8543793216098,"Zhong2025",2000
979,17.7301178075829,"Zhong2025",2000
980,5.35834396511587,"Zhong2025",2000
981,9.21800383970709,"Zhong2025",2000
982,0.652469583139765,"Zhong2025",2000
983,2.86979401401272,"Zhong2025",2000
984,0.0623019138971964,"Zhong2025",2000
985,1.4801615866051,"Zhong2025",2000
986,0.17610907656936,"Zhong2025",2000
987,0.0283824442559036,"Zhong2025",2000
988,0.301328385869662,"Zhong2025",2000
989,0.623870094987909,"Zhong2025",2000
990,2.36086634907927,"Zhong2025",2000
991,0.00187818868004757,"Zhong2025",2000
992,4.82162150514184,"Zhong2025",2000
993,0.588330239105902,"Zhong2025",2000
994,0.497608066916299,"Zhong2025",2000
995,0.186978565151744,"Zhong2025",2000
996,3.15324483855794,"Zhong2025",2000
997,7.31726676185058,"Zhong2025",2000
998,0.478304874811889,"Zhong2025",2000
999,4.57998186253732,"Zhong2025",2000
1000,11.1166967316798,"Zhong2025",2000
1001,0,"Zhong2025",2000
1002,3.03475558941747,"Zhong2025",2000
1003,0.00323259709654628,"Zhong2025",2000
1004,1.24556014413128,"Zhong2025",2000
1005,0.180662262756144,"Zhong2025",2000
1006,0,"Zhong2025",2000
1007,0.26611051841088,"Zhong2025",2000
1008,9.74205093862213,"Zhong2025",2000
1009,1.24027336224365,"Zhong2025",2000
1010,0.194660824735417,"Zhong2025",2000
1011,0.286867380578163,"Zhong2025",2000
1012,2.2959939671792,"Zhong2025",2000
1013,0.73629165782648,"Zhong2025",2000
1014,1.94390735981777,"Zhong2025",2000
1015,1.10662230263589,"Zhong2025",2000
1016,4.28847189435216,"Zhong2025",2000
1017,1.46819304147359,"Zhong2025",2000
1018,0.670780092596921,"Zhong2025",2000
1019,0.587219331083553,"Zhong2025",2000
1020,0.18713951871596,"Zhong2025",2000
1021,0.370557037200904,"Zhong2025",2000
1022,7.71166993335706,"Zhong2025",2000
1023,3.71073077514842,"Zhong2025",2000
1024,0,"Zhong2025",2000
1025,12.4470996476453,"Zhong2025",2000
1026,1.90648551688083,"Zhong2025",2000
1027,0.283172972050216,"Zhong2025",2000
1028,0.192186537878736,"Zhong2025",2000
1029,0.710123204145746,"Zhong2025",2000
1030,1.07341827936039,"Zhong2025",2000
1031,0.0951514883099202,"Zhong2025",2000
1032,4.80564623783258,"Zhong2025",2000
1033,1.47591136459072,"Zhong2025",2000
1034,2.42449071498697,"Zhong2025",2000
1035,8.69155551833019,"Zhong2025",2000
1036,3.15556187199471,"Zhong2025",2000
1037,0.234749613149512,"Zhong2025",2000
1038,1.05056897858263,"Zhong2025",2000
1039,0.922851555717403,"Zhong2025",2000
1040,0,"Zhong2025",2000
1041,2.15553640130661,"Zhong2025",2000
1042,0.087855387055128,"Zhong2025",2000
1043,0,"Zhong2025",2000
1044,0.936724754774602,"Zhong2025",2000
1045,0,"Zhong2025",2000
1046,1.21937766785805,"Zhong2025",2000
1047,1.17562342757847,"Zhong2025",2000
1048,0.542279493263879,"Zhong2025",2000
1049,0.017662108896152,"Zhong2025",2000
1050,0.39094263128345,"Zhong2025",2000
1051,0.588005577600591,"Zhong2025",2000
1052,1.0638608376325,"Zhong2025",2000
1053,3.91322264176878,"Zhong2025",2000
1054,8.6946025788784,"Zhong2025",2000
1055,0.557915358611658,"Zhong2025",2000
1056,1.1710419274391,"Zhong2025",2000
1057,11.4936214570148,"Zhong2025",2000
1058,37.5084797467027,"Zhong2025",2000
1059,0.288166325444797,"Zhong2025",2000
1060,0.0258728099377969,"Zhong2025",2000
1061,10.1383505580452,"Zhong2025",2000
1062,38.9606507783983,"Zhong2025",2000
1063,11.4253962308644,"Zhong2025",2000
1064,0.211642491282859,"Zhong2025",2000
1065,3.10802364421484,"Zhong2025",2000
1066,1.44678412834293,"Zhong2025",2000
1067,0.772329376531457,"Zhong2025",2000
1068,1.91057838848438,"Zhong2025",2000
1069,0.0908029020772638,"Zhong2025",2000
1070,1.68926223934326,"Zhong2025",2000
1071,8.80864955054532,"Zhong2025",2000
1072,1.77823783832272,"Zhong2025",2000
1073,0.539210753347125,"Zhong2025",2000
1074,5.94714324629332,"Zhong2025",2000
1075,1.03920289541589,"Zhong2025",2000
1076,1.12671501191211,"Zhong2025",2000
1077,0.318086545694798,"Zhong2025",2000
1078,16.5803246643232,"Zhong2025",2000
1079,4.01213043369856,"Zhong2025",2000
1080,19.7097966156754,"Zhong2025",2000
1081,8.01514224506361,"Zhong2025",2000
1082,7.30712137495945,"Zhong2025",2000
1083,1.57476274015611,"Zhong2025",2000
1084,5.06285000708477,"Zhong2025",2000
1085,5.25460565302821,"Zhong2025",2000
1086,5.64486580651266,"Zhong2025",2000
1087,8.21417965055169,"Zhong2025",2000
1088,15.0431748066308,"Zhong2025",2000
1089,0.0475764874343678,"Zhong2025",2000
1090,0.747116017028315,"Zhong2025",2000
1091,0.985558523285019,"Zhong2025",2000
1092,6.02323145345903,"Zhong2025",2000
1093,6.07983854858792,"Zhong2025",2000
1094,0.151099055039136,"Zhong2025",2000
1095,4.09336039868827,"Zhong2025",2000
1096,14.1028418568179,"Zhong2025",2000
1097,0.0632009736600806,"Zhong2025",2000
1098,0.0248263562356209,"Zhong2025",2000
1099,1.07054084400378,"Zhong2025",2000
1100,8.96586921556604,"Zhong2025",2000
1101,0.664906039081624,"Zhong2025",2000
1102,4.17496424600687,"Zhong2025",2000
1103,0.248207619121681,"Zhong2025",2000
1104,6.48230857080708,"Zhong2025",2000
1105,1.77702281541189,"Zhong2025",2000
1106,3.90299510866404,"Zhong2025",2000
1107,1.79386379603168,"Zhong2025",2000
1108,0.681160564321959,"Zhong2025",2000
1109,3.14150141471213,"Zhong2025",2000
1110,1.72780992161032,"Zhong2025",2000
1111,3.72658380704627,"Zhong2025",2000
1112,26.8986297784028,"Zhong2025",2000
1113,33.1896595835087,"Zhong2025",2000
1114,53.5655659493946,"Zhong2025",2000
1115,28.3885297356071,"Zhong2025",2000
1116,39.8989959564884,"Zhong2025",2000
1117,18.4571038136115,"Zhong2025",2000
1118,28.9345685922273,"Zhong2025",2000
1119,1.82969438430331,"Zhong2025",2000
1120,6.83714878339566,"Zhong2025",2000
1121,53.1027680635452,"Zhong2025",2000
1122,50.8179051248651,"Zhong2025",2000
1,1.270272733945,"Zhong2025",2001
2,0.0261185606769114,"Zhong2025",2001
3,0.112869288082628,"Zhong2025",2001
4,0.357224340060854,"Zhong2025",2001
5,0.145362225484719,"Zhong2025",2001
6,0.0544102018012043,"Zhong2025",2001
7,0.0374546906200804,"Zhong2025",2001
8,0.0296519252731175,"Zhong2025",2001
9,0.0502747963575519,"Zhong2025",2001
10,0.0610211264071686,"Zhong2025",2001
11,0.0145655669377292,"Zhong2025",2001
12,0.0246744804311276,"Zhong2025",2001
13,0.00178281083481087,"Zhong2025",2001
14,0.0195961870417988,"Zhong2025",2001
15,0.453814763873116,"Zhong2025",2001
16,0.0647261200021195,"Zhong2025",2001
17,14.9944264252553,"Zhong2025",2001
18,0.3723441727681,"Zhong2025",2001
19,0.0416210084395151,"Zhong2025",2001
20,0.292061101192101,"Zhong2025",2001
21,0.558704848523114,"Zhong2025",2001
22,1.80237899997928,"Zhong2025",2001
23,2.8422188201903,"Zhong2025",2001
24,2.39357645394704,"Zhong2025",2001
25,3.94783912476892,"Zhong2025",2001
26,3.54349584842634,"Zhong2025",2001
27,3.03627198151613,"Zhong2025",2001
28,12.2323033361152,"Zhong2025",2001
29,0.128541733368524,"Zhong2025",2001
30,0.239869545905536,"Zhong2025",2001
31,0.66917436439544,"Zhong2025",2001
32,0.0304467604873664,"Zhong2025",2001
33,0.418882641448331,"Zhong2025",2001
34,9.5011645004834,"Zhong2025",2001
35,1.08502039313316,"Zhong2025",2001
36,9.00123847497476,"Zhong2025",2001
37,0.0931689957846683,"Zhong2025",2001
38,0.638817667447775,"Zhong2025",2001
39,0.304371275142437,"Zhong2025",2001
40,13.9991850914924,"Zhong2025",2001
41,19.9180858464077,"Zhong2025",2001
42,0.646908837892676,"Zhong2025",2001
43,1.37559097409682,"Zhong2025",2001
44,0.0784715672733781,"Zhong2025",2001
45,7.98720212157037,"Zhong2025",2001
46,0,"Zhong2025",2001
47,1.74565342775903,"Zhong2025",2001
48,1.05297929970854,"Zhong2025",2001
49,2.29816239937525,"Zhong2025",2001
50,0.115550490109237,"Zhong2025",2001
51,8.19180819302144,"Zhong2025",2001
52,0.527818532986114,"Zhong2025",2001
53,1.14497763500988,"Zhong2025",2001
54,0.288431261989563,"Zhong2025",2001
55,0.0755554153067316,"Zhong2025",2001
56,0,"Zhong2025",2001
57,0,"Zhong2025",2001
58,15.2679501771927,"Zhong2025",2001
59,38.6001256252456,"Zhong2025",2001
60,14.8357696738736,"Zhong2025",2001
61,6.863399964868,"Zhong2025",2001
62,3.80132657618899,"Zhong2025",2001
63,5.90740352450532,"Zhong2025",2001
64,6.99317024603198,"Zhong2025",2001
65,8.76181708225759,"Zhong2025",2001
66,2.99643159544924,"Zhong2025",2001
67,26.1604531575175,"Zhong2025",2001
68,18.0908870333024,"Zhong2025",2001
69,2.72234277640207,"Zhong2025",2001
70,2.40627382304105,"Zhong2025",2001
71,9.63094069227842,"Zhong2025",2001
72,3.38240806638013,"Zhong2025",2001
73,6.70010733658187,"Zhong2025",2001
74,5.73669571413582,"Zhong2025",2001
75,13.0765318125486,"Zhong2025",2001
76,13.9970165546124,"Zhong2025",2001
77,7.39392146413976,"Zhong2025",2001
78,17.5314005125135,"Zhong2025",2001
79,8.89093344963046,"Zhong2025",2001
80,10.9603161321927,"Zhong2025",2001
81,6.84145596296883,"Zhong2025",2001
82,11.2291290390248,"Zhong2025",2001
83,10.1795131997378,"Zhong2025",2001
84,3.57013393180978,"Zhong2025",2001
85,6.82002238188219,"Zhong2025",2001
86,4.23315253583976,"Zhong2025",2001
87,6.21171106877769,"Zhong2025",2001
88,13.9883673667908,"Zhong2025",2001
89,2.78271400584084,"Zhong2025",2001
90,9.84064719656936,"Zhong2025",2001
91,8.48341807740474,"Zhong2025",2001
92,34.4216576504106,"Zhong2025",2001
93,8.66262572834327,"Zhong2025",2001
94,5.23790818396554,"Zhong2025",2001
95,14.8021906229455,"Zhong2025",2001
96,10.9252898915759,"Zhong2025",2001
97,10.1051325617667,"Zhong2025",2001
98,1.48070821483866,"Zhong2025",2001
99,6.62755439421876,"Zhong2025",2001
100,1.20917021941921,"Zhong2025",2001
101,1.19334233436605,"Zhong2025",2001
102,3.9648258580881,"Zhong2025",2001
103,1.01110847619947,"Zhong2025",2001
104,5.20806561786719,"Zhong2025",2001
105,0.271992539027424,"Zhong2025",2001
106,3.34658827948099,"Zhong2025",2001
107,0.533305929879011,"Zhong2025",2001
108,0.788293599815375,"Zhong2025",2001
109,0.17968050680255,"Zhong2025",2001
110,0.184126448047364,"Zhong2025",2001
111,0.502193132070106,"Zhong2025",2001
112,0.0399019612365206,"Zhong2025",2001
113,0.0283389733239179,"Zhong2025",2001
114,7.25151637526495,"Zhong2025",2001
115,1.95258099721774,"Zhong2025",2001
116,1.09066312903723,"Zhong2025",2001
117,0.897454904001661,"Zhong2025",2001
118,4.17947626217552,"Zhong2025",2001
119,2.12958323739003,"Zhong2025",2001
120,2.28366996929572,"Zhong2025",2001
121,0.860997194743288,"Zhong2025",2001
122,0.103413680812727,"Zhong2025",2001
123,8.5159148625783,"Zhong2025",2001
124,1.08985978849055,"Zhong2025",2001
125,3.551529780909,"Zhong2025",2001
126,5.90452590054936,"Zhong2025",2001
127,1.16731987898297,"Zhong2025",2001
128,6.94417371739882,"Zhong2025",2001
129,5.57647256973462,"Zhong2025",2001
130,7.53870151206316,"Zhong2025",2001
131,11.8362696776956,"Zhong2025",2001
132,3.95572944118144,"Zhong2025",2001
133,4.57837448359257,"Zhong2025",2001
134,2.87653980586264,"Zhong2025",2001
135,1.11452369340155,"Zhong2025",2001
136,6.49349645111296,"Zhong2025",2001
137,7.35204316139221,"Zhong2025",2001
138,1.9356170989573,"Zhong2025",2001
139,2.94800265389876,"Zhong2025",2001
140,2.00744508748844,"Zhong2025",2001
141,2.85654839067802,"Zhong2025",2001
142,4.82710373951685,"Zhong2025",2001
143,0.697897007709369,"Zhong2025",2001
144,0.458867458957005,"Zhong2025",2001
145,6.41068071641856,"Zhong2025",2001
146,1.9863789784429,"Zhong2025",2001
147,4.49675192809272,"Zhong2025",2001
148,0.135332531429654,"Zhong2025",2001
149,2.36113463469087,"Zhong2025",2001
150,4.1493865609169,"Zhong2025",2001
151,1.37302106488712,"Zhong2025",2001
152,0.560504264805628,"Zhong2025",2001
153,4.9672586591273,"Zhong2025",2001
154,6.21531619089345,"Zhong2025",2001
155,3.4253982620791,"Zhong2025",2001
156,0.10321900579147,"Zhong2025",2001
157,7.74814644521102,"Zhong2025",2001
158,2.41578052920454,"Zhong2025",2001
159,3.56710409193203,"Zhong2025",2001
160,1.84438636555,"Zhong2025",2001
161,0.890714751918913,"Zhong2025",2001
162,0,"Zhong2025",2001
163,0.193075977504199,"Zhong2025",2001
164,0.474228465303951,"Zhong2025",2001
165,0.131375014929928,"Zhong2025",2001
166,0.0792839179216097,"Zhong2025",2001
167,0.109955624296746,"Zhong2025",2001
168,0.0187863209037516,"Zhong2025",2001
169,0,"Zhong2025",2001
170,0,"Zhong2025",2001
171,0,"Zhong2025",2001
172,0,"Zhong2025",2001
173,0.077143383866371,"Zhong2025",2001
174,0,"Zhong2025",2001
175,0,"Zhong2025",2001
176,0.00432548696684273,"Zhong2025",2001
177,0.0253161315630096,"Zhong2025",2001
178,0,"Zhong2025",2001
179,0,"Zhong2025",2001
180,0.018613888503268,"Zhong2025",2001
181,0.00352762969555949,"Zhong2025",2001
182,0,"Zhong2025",2001
183,0,"Zhong2025",2001
184,0,"Zhong2025",2001
185,0,"Zhong2025",2001
186,0.0111726718160244,"Zhong2025",2001
187,0.15590081087167,"Zhong2025",2001
188,0.00606846033386973,"Zhong2025",2001
189,0.00155243767815224,"Zhong2025",2001
190,7.68872239413607,"Zhong2025",2001
191,13.3366854463524,"Zhong2025",2001
192,0.098168003736291,"Zhong2025",2001
193,0,"Zhong2025",2001
194,0.755954381723743,"Zhong2025",2001
195,2.37193574327383,"Zhong2025",2001
196,0.989945954142604,"Zhong2025",2001
197,0.187405556433682,"Zhong2025",2001
198,0.45724246210532,"Zhong2025",2001
199,1.3125897060327,"Zhong2025",2001
200,0.448766838606906,"Zhong2025",2001
201,0,"Zhong2025",2001
202,0.511399347901268,"Zhong2025",2001
203,0.0264126045762428,"Zhong2025",2001
204,5.26216780548489,"Zhong2025",2001
205,0.361102666913422,"Zhong2025",2001
206,1.18299919235148,"Zhong2025",2001
207,0.0333517984308456,"Zhong2025",2001
208,0.0870705847969482,"Zhong2025",2001
209,0.146453961656315,"Zhong2025",2001
210,0,"Zhong2025",2001
211,0,"Zhong2025",2001
212,0,"Zhong2025",2001
213,0,"Zhong2025",2001
214,0,"Zhong2025",2001
215,0,"Zhong2025",2001
216,0,"Zhong2025",2001
217,0,"Zhong2025",2001
218,0,"Zhong2025",2001
219,0,"Zhong2025",2001
220,0.0153777390761034,"Zhong2025",2001
221,0,"Zhong2025",2001
222,0,"Zhong2025",2001
223,0,"Zhong2025",2001
224,0,"Zhong2025",2001
225,0.000821656991330709,"Zhong2025",2001
226,0.0504478662235044,"Zhong2025",2001
227,0.00910908249478638,"Zhong2025",2001
228,0.00777207182443375,"Zhong2025",2001
229,0.00321313107157778,"Zhong2025",2001
230,20.3249168738347,"Zhong2025",2001
231,3.16791689064436,"Zhong2025",2001
232,5.32806173478941,"Zhong2025",2001
233,0.295873368332372,"Zhong2025",2001
234,6.69688083874552,"Zhong2025",2001
235,10.1422482199139,"Zhong2025",2001
236,5.03203929336562,"Zhong2025",2001
237,5.8025188987614,"Zhong2025",2001
238,5.07589441759769,"Zhong2025",2001
239,4.43132638824311,"Zhong2025",2001
240,16.3433739595246,"Zhong2025",2001
241,8.97029750630007,"Zhong2025",2001
242,3.61868443582207,"Zhong2025",2001
243,10.4901646331377,"Zhong2025",2001
244,2.31901245246432,"Zhong2025",2001
245,10.5122226935167,"Zhong2025",2001
246,5.37068799365575,"Zhong2025",2001
247,1.20266239086302,"Zhong2025",2001
248,11.6290272288024,"Zhong2025",2001
249,8.66574670987971,"Zhong2025",2001
250,0.664261191542137,"Zhong2025",2001
251,2.14709907620781,"Zhong2025",2001
252,10.1067314769911,"Zhong2025",2001
253,2.01812977773093,"Zhong2025",2001
254,16.7015271429288,"Zhong2025",2001
255,3.16909542983583,"Zhong2025",2001
256,5.74538928908307,"Zhong2025",2001
257,33.2163102258512,"Zhong2025",2001
258,7.85857640865237,"Zhong2025",2001
259,16.0522825332249,"Zhong2025",2001
260,30.0729620456696,"Zhong2025",2001
261,4.0327761503317,"Zhong2025",2001
262,12.8778249394577,"Zhong2025",2001
263,1.51488519107198,"Zhong2025",2001
264,15.983729025592,"Zhong2025",2001
265,13.0728446984593,"Zhong2025",2001
266,1.94983342813614,"Zhong2025",2001
267,17.2875938348837,"Zhong2025",2001
268,4.23424413723451,"Zhong2025",2001
269,22.9300607081672,"Zhong2025",2001
270,5.04096402352856,"Zhong2025",2001
271,11.6286546351418,"Zhong2025",2001
272,8.74452206714356,"Zhong2025",2001
273,47.9867705769009,"Zhong2025",2001
274,8.39157732012116,"Zhong2025",2001
275,6.57800909047274,"Zhong2025",2001
276,16.3132458574632,"Zhong2025",2001
277,12.5541754869314,"Zhong2025",2001
278,0.669209231639793,"Zhong2025",2001
279,0.279696533081149,"Zhong2025",2001
280,10.1972108988926,"Zhong2025",2001
281,7.23135290951045,"Zhong2025",2001
282,5.76320662150289,"Zhong2025",2001
283,47.5221943771209,"Zhong2025",2001
284,6.54695216573147,"Zhong2025",2001
285,0.130939199544281,"Zhong2025",2001
286,0.198371697291732,"Zhong2025",2001
287,0.399865897091865,"Zhong2025",2001
288,1.07982308635891,"Zhong2025",2001
289,3.58953441563062,"Zhong2025",2001
290,40.2443133190179,"Zhong2025",2001
291,0.896000501662169,"Zhong2025",2001
292,18.0891372436477,"Zhong2025",2001
293,5.05057593517833,"Zhong2025",2001
294,0.72990723446128,"Zhong2025",2001
295,0.31343079562299,"Zhong2025",2001
296,0.301229782402515,"Zhong2025",2001
297,2.30968550613582,"Zhong2025",2001
298,0.3636889029238,"Zhong2025",2001
299,1.78041406745921,"Zhong2025",2001
300,15.3720732969396,"Zhong2025",2001
301,3.92171663045883,"Zhong2025",2001
302,0.812116698349477,"Zhong2025",2001
303,21.5702784750197,"Zhong2025",2001
304,1.3713936982959,"Zhong2025",2001
305,0.0742348932122556,"Zhong2025",2001
306,2.79953482695707,"Zhong2025",2001
307,1.0316352002362,"Zhong2025",2001
308,1.62790500871624,"Zhong2025",2001
309,0.976606782743262,"Zhong2025",2001
310,3.24751665329513,"Zhong2025",2001
311,0.67313083471595,"Zhong2025",2001
312,6.83928451166799,"Zhong2025",2001
313,0.759489818369267,"Zhong2025",2001
314,5.34315224536764,"Zhong2025",2001
315,0.353230321039128,"Zhong2025",2001
316,0.348241099396674,"Zhong2025",2001
317,1.1151740123507,"Zhong2025",2001
318,0.627158378727222,"Zhong2025",2001
319,6.88872538676998,"Zhong2025",2001
320,3.60226088710129,"Zhong2025",2001
321,0.509044172165379,"Zhong2025",2001
322,6.03567666941375,"Zhong2025",2001
323,5.86231998123546,"Zhong2025",2001
324,1.44976290478685,"Zhong2025",2001
325,0.593909977158234,"Zhong2025",2001
326,18.1538405579128,"Zhong2025",2001
327,3.56478759161727,"Zhong2025",2001
328,2.01377617452471,"Zhong2025",2001
329,9.37498557263786,"Zhong2025",2001
330,0.539665100399894,"Zhong2025",2001
331,8.06235002499005,"Zhong2025",2001
332,41.6998201012611,"Zhong2025",2001
333,2.90255806481998,"Zhong2025",2001
334,0.490187965840074,"Zhong2025",2001
335,6.16097437759607,"Zhong2025",2001
336,9.39460691534978,"Zhong2025",2001
337,44.7334595722939,"Zhong2025",2001
338,3.69432320776593,"Zhong2025",2001
339,1.9503743649147,"Zhong2025",2001
340,4.31153732829262,"Zhong2025",2001
341,11.2753226027514,"Zhong2025",2001
342,1.5740055532322,"Zhong2025",2001
343,1.68033655817109,"Zhong2025",2001
344,2.28835489923301,"Zhong2025",2001
345,9.53075848230525,"Zhong2025",2001
346,3.52603426981483,"Zhong2025",2001
347,4.82982582458756,"Zhong2025",2001
348,0.566697292787987,"Zhong2025",2001
349,0.711036626210645,"Zhong2025",2001
350,1.13891666043222,"Zhong2025",2001
351,20.5902067852872,"Zhong2025",2001
352,0.281287334244431,"Zhong2025",2001
353,9.35525653633426,"Zhong2025",2001
354,1.32371013191106,"Zhong2025",2001
355,4.9074809608626,"Zhong2025",2001
356,0.571091971287826,"Zhong2025",2001
357,11.279755975412,"Zhong2025",2001
358,0.508977253768179,"Zhong2025",2001
359,0.659070905252987,"Zhong2025",2001
360,1.47612071611263,"Zhong2025",2001
361,11.1586261585534,"Zhong2025",2001
362,0.438674331056299,"Zhong2025",2001
363,1.93392786532814,"Zhong2025",2001
364,0.685674509009578,"Zhong2025",2001
365,1.97029937041588,"Zhong2025",2001
366,0.49236049123549,"Zhong2025",2001
367,48.0855995049843,"Zhong2025",2001
368,17.497309956917,"Zhong2025",2001
369,0.559829775309416,"Zhong2025",2001
370,4.3643264498607,"Zhong2025",2001
371,2.88642313403773,"Zhong2025",2001
372,1.02293037541477,"Zhong2025",2001
373,6.42164344379776,"Zhong2025",2001
374,0.0341260988500643,"Zhong2025",2001
375,13.3835197016597,"Zhong2025",2001
376,4.32882742559434,"Zhong2025",2001
377,0.270460837891125,"Zhong2025",2001
378,0.304530162658753,"Zhong2025",2001
379,0.877046942019356,"Zhong2025",2001
380,0.0901158909596104,"Zhong2025",2001
381,9.90131462290883,"Zhong2025",2001
382,25.6147467403089,"Zhong2025",2001
383,0.817843393567536,"Zhong2025",2001
384,1.59325953246013,"Zhong2025",2001
385,12.4835416992534,"Zhong2025",2001
386,9.98140482761358,"Zhong2025",2001
387,30.7071887823088,"Zhong2025",2001
388,3.99452165287058,"Zhong2025",2001
389,3.45340668913864,"Zhong2025",2001
390,62.8448825836182,"Zhong2025",2001
391,5.62073396882486,"Zhong2025",2001
392,11.414760549699,"Zhong2025",2001
393,7.35418789504717,"Zhong2025",2001
394,28.8936907177322,"Zhong2025",2001
395,4.66704450432389,"Zhong2025",2001
396,4.32816064642633,"Zhong2025",2001
397,2.60417040323799,"Zhong2025",2001
398,37.290190783414,"Zhong2025",2001
399,0.123362981016941,"Zhong2025",2001
400,0.252838169732963,"Zhong2025",2001
401,0.102319833528888,"Zhong2025",2001
402,0.234270977301175,"Zhong2025",2001
403,0,"Zhong2025",2001
404,0,"Zhong2025",2001
405,6.2295887767437,"Zhong2025",2001
406,0.0103112126142095,"Zhong2025",2001
407,0.465379821770933,"Zhong2025",2001
408,0.177740716916673,"Zhong2025",2001
409,0,"Zhong2025",2001
410,0.0396661075733905,"Zhong2025",2001
411,0,"Zhong2025",2001
412,0.108087038550838,"Zhong2025",2001
413,0,"Zhong2025",2001
414,0,"Zhong2025",2001
415,0,"Zhong2025",2001
416,0,"Zhong2025",2001
417,0.100159852613102,"Zhong2025",2001
418,0.202628362314919,"Zhong2025",2001
419,0.158863984091384,"Zhong2025",2001
420,0,"Zhong2025",2001
421,0.160156699432375,"Zhong2025",2001
422,0,"Zhong2025",2001
423,0,"Zhong2025",2001
424,0,"Zhong2025",2001
425,0,"Zhong2025",2001
426,0.0627911847090136,"Zhong2025",2001
427,0,"Zhong2025",2001
428,0.00665859237985963,"Zhong2025",2001
429,0.232958315353331,"Zhong2025",2001
430,0.190495010130412,"Zhong2025",2001
431,0.000379008621967811,"Zhong2025",2001
432,0,"Zhong2025",2001
433,0.089395228324347,"Zhong2025",2001
434,0.0157321650781569,"Zhong2025",2001
435,0.00585225522918727,"Zhong2025",2001
436,0.420690690497986,"Zhong2025",2001
437,3.74003427728563,"Zhong2025",2001
438,0.531167207835885,"Zhong2025",2001
439,1.35379545943822,"Zhong2025",2001
440,0.652510132901818,"Zhong2025",2001
441,14.500547190357,"Zhong2025",2001
442,2.49848715512104,"Zhong2025",2001
443,4.9988192202942,"Zhong2025",2001
444,5.2284281249529,"Zhong2025",2001
445,7.01903824390549,"Zhong2025",2001
446,2.3906959297457,"Zhong2025",2001
447,4.6705065169863,"Zhong2025",2001
448,1.24891437012558,"Zhong2025",2001
449,5.71773744379029,"Zhong2025",2001
450,3.06655194838682,"Zhong2025",2001
451,2.26805883049827,"Zhong2025",2001
452,0.986677809216605,"Zhong2025",2001
453,0.626657447803321,"Zhong2025",2001
454,7.17443409987858,"Zhong2025",2001
455,5.3101153692361,"Zhong2025",2001
456,9.6887744773518,"Zhong2025",2001
457,8.99768145231994,"Zhong2025",2001
458,3.47103837000083,"Zhong2025",2001
459,3.79388391970023,"Zhong2025",2001
460,0.921424542616148,"Zhong2025",2001
461,4.50080293836875,"Zhong2025",2001
462,9.67445941218014,"Zhong2025",2001
463,1.08081167448485,"Zhong2025",2001
464,1.82895885091603,"Zhong2025",2001
465,0.756376092486695,"Zhong2025",2001
466,0.437259814916943,"Zhong2025",2001
467,57.1314641208184,"Zhong2025",2001
468,23.5347430651425,"Zhong2025",2001
469,10.69236548174,"Zhong2025",2001
470,7.15074808109138,"Zhong2025",2001
471,31.9856063116164,"Zhong2025",2001
472,6.76061498604033,"Zhong2025",2001
473,7.03623184443762,"Zhong2025",2001
474,34.9164039813555,"Zhong2025",2001
475,3.40795846764958,"Zhong2025",2001
476,13.0919663431693,"Zhong2025",2001
477,1.63560378087212,"Zhong2025",2001
478,15.8464159079087,"Zhong2025",2001
479,6.4939977052828,"Zhong2025",2001
480,39.3425644556681,"Zhong2025",2001
481,3.66923414352252,"Zhong2025",2001
482,33.5059045426389,"Zhong2025",2001
483,10.4838255073602,"Zhong2025",2001
484,4.81190513571103,"Zhong2025",2001
485,19.9946829992182,"Zhong2025",2001
486,54.6573189955491,"Zhong2025",2001
487,11.1461827891568,"Zhong2025",2001
488,11.5365275994325,"Zhong2025",2001
489,8.56246887867411,"Zhong2025",2001
490,20.038377924544,"Zhong2025",2001
491,0.164577095568054,"Zhong2025",2001
492,0.611550839542648,"Zhong2025",2001
493,0.350741502372816,"Zhong2025",2001
494,5.19430257776155,"Zhong2025",2001
495,2.17885307707108,"Zhong2025",2001
496,0.244770673282575,"Zhong2025",2001
497,3.71871988948867,"Zhong2025",2001
498,1.09678200022594,"Zhong2025",2001
499,12.2318106642924,"Zhong2025",2001
500,1.06398089006676,"Zhong2025",2001
501,7.42225086885494,"Zhong2025",2001
502,2.19337806383528,"Zhong2025",2001
503,0.85639680790872,"Zhong2025",2001
504,1.37811817919705,"Zhong2025",2001
505,3.27548582041336,"Zhong2025",2001
506,1.56202254089974,"Zhong2025",2001
507,3.85189594961012,"Zhong2025",2001
508,0,"Zhong2025",2001
509,1.91627924298857,"Zhong2025",2001
510,0.387418295456038,"Zhong2025",2001
511,0,"Zhong2025",2001
512,0.123013225625091,"Zhong2025",2001
513,0.311380027334925,"Zhong2025",2001
514,0.343281980562263,"Zhong2025",2001
515,3.75290867270425,"Zhong2025",2001
516,3.62227635950866,"Zhong2025",2001
517,2.22619730074279,"Zhong2025",2001
518,0.105683508362597,"Zhong2025",2001
519,2.20140625285895,"Zhong2025",2001
520,0.798172952411933,"Zhong2025",2001
521,0.206383976501147,"Zhong2025",2001
522,5.31092589208599,"Zhong2025",2001
523,9.49999873205288,"Zhong2025",2001
524,0.172514641088145,"Zhong2025",2001
525,0.281792902151144,"Zhong2025",2001
526,2.70483043214472,"Zhong2025",2001
527,2.51820378426716,"Zhong2025",2001
528,0.027121788693339,"Zhong2025",2001
529,20.4386597801017,"Zhong2025",2001
530,9.87649111356644,"Zhong2025",2001
531,4.83483396883349,"Zhong2025",2001
532,1.54258869265978,"Zhong2025",2001
533,1.00766314991942,"Zhong2025",2001
534,2.23730214625203,"Zhong2025",2001
535,0.616102431018899,"Zhong2025",2001
536,2.04265870307427,"Zhong2025",2001
537,1.79024201489999,"Zhong2025",2001
538,1.74353610962317,"Zhong2025",2001
539,2.29095909464285,"Zhong2025",2001
540,5.16959087041399,"Zhong2025",2001
541,7.0659656751005,"Zhong2025",2001
542,1.39536938426229,"Zhong2025",2001
543,3.28334787858771,"Zhong2025",2001
544,2.79381277881665,"Zhong2025",2001
545,1.49384750307284,"Zhong2025",2001
546,2.13768480679505,"Zhong2025",2001
547,2.12708010126335,"Zhong2025",2001
548,1.98337834157617,"Zhong2025",2001
549,1.27677150147049,"Zhong2025",2001
550,1.54370562552372,"Zhong2025",2001
551,2.43111415664692,"Zhong2025",2001
552,1.3578762176029,"Zhong2025",2001
553,0.845132784868934,"Zhong2025",2001
554,1.83390284930899,"Zhong2025",2001
555,0.387105378506225,"Zhong2025",2001
556,0.891809537848024,"Zhong2025",2001
557,4.31949707470657,"Zhong2025",2001
558,5.34838539650402,"Zhong2025",2001
559,2.5818974742045,"Zhong2025",2001
560,2.03638731553656,"Zhong2025",2001
561,3.76348338668087,"Zhong2025",2001
562,15.0779285515304,"Zhong2025",2001
563,1.72936058139076,"Zhong2025",2001
564,1.5043585847335,"Zhong2025",2001
565,5.75908707391819,"Zhong2025",2001
566,0.993455848967413,"Zhong2025",2001
567,5.67447930540645,"Zhong2025",2001
568,0.466909278057607,"Zhong2025",2001
569,1.81193938443604,"Zhong2025",2001
570,0.261930943752915,"Zhong2025",2001
571,2.91538280505992,"Zhong2025",2001
572,0.865473962289225,"Zhong2025",2001
573,1.45268947381871,"Zhong2025",2001
574,1.24749248899366,"Zhong2025",2001
575,1.11090061654092,"Zhong2025",2001
576,3.93262467504809,"Zhong2025",2001
577,0.496721155041372,"Zhong2025",2001
578,2.55312978925512,"Zhong2025",2001
579,0.981020981843923,"Zhong2025",2001
580,3.97329363694905,"Zhong2025",2001
581,1.79187397243422,"Zhong2025",2001
582,0.357831636795851,"Zhong2025",2001
583,0.282571356263443,"Zhong2025",2001
584,1.15994182955858,"Zhong2025",2001
585,1.04153222319394,"Zhong2025",2001
586,1.1544831669372,"Zhong2025",2001
587,0.703910001316744,"Zhong2025",2001
588,0.190379520113888,"Zhong2025",2001
589,2.98707267623498,"Zhong2025",2001
590,1.52693702180101,"Zhong2025",2001
591,3.35836485868713,"Zhong2025",2001
592,0.507012267021246,"Zhong2025",2001
593,0.195514903461131,"Zhong2025",2001
594,7.06317630295508,"Zhong2025",2001
595,0.941954291532285,"Zhong2025",2001
596,0.149816414133269,"Zhong2025",2001
597,9.35563747498731,"Zhong2025",2001
598,1.19647206654667,"Zhong2025",2001
599,2.62381222202068,"Zhong2025",2001
600,1.46349907903937,"Zhong2025",2001
601,3.97587433222068,"Zhong2025",2001
602,2.0888018421126,"Zhong2025",2001
603,24.0681263720167,"Zhong2025",2001
604,3.11829793462956,"Zhong2025",2001
605,2.31110392851951,"Zhong2025",2001
606,5.26660473684934,"Zhong2025",2001
607,9.59564113085997,"Zhong2025",2001
608,18.8058616399765,"Zhong2025",2001
609,3.91921517475583,"Zhong2025",2001
610,1.8484883969516,"Zhong2025",2001
611,2.45490403308108,"Zhong2025",2001
612,0.371688209396477,"Zhong2025",2001
613,3.47846168817941,"Zhong2025",2001
614,6.58372863240227,"Zhong2025",2001
615,0.681035470925486,"Zhong2025",2001
616,3.51077245248359,"Zhong2025",2001
617,5.50882575673092,"Zhong2025",2001
618,12.5646832878359,"Zhong2025",2001
619,0.453256086018313,"Zhong2025",2001
620,6.85478249708367,"Zhong2025",2001
621,2.47083017505413,"Zhong2025",2001
622,2.10363547173168,"Zhong2025",2001
623,7.06579761957021,"Zhong2025",2001
624,4.60270189122861,"Zhong2025",2001
625,0.518569505524744,"Zhong2025",2001
626,5.36538761883329,"Zhong2025",2001
627,7.82723244178807,"Zhong2025",2001
628,12.2427830405208,"Zhong2025",2001
629,43.8065432442559,"Zhong2025",2001
630,11.9727831508802,"Zhong2025",2001
631,0.694701811776006,"Zhong2025",2001
632,0.0387201393871198,"Zhong2025",2001
633,0.0272687825533353,"Zhong2025",2001
634,1.02878662324512,"Zhong2025",2001
635,0.19203430074789,"Zhong2025",2001
636,2.95691229170142,"Zhong2025",2001
637,0.242113959125658,"Zhong2025",2001
638,27.4402410909534,"Zhong2025",2001
639,2.18971446868513,"Zhong2025",2001
640,0.621942760821428,"Zhong2025",2001
641,1.65777111089189,"Zhong2025",2001
642,1.39741162443534,"Zhong2025",2001
643,1.93953597545624,"Zhong2025",2001
644,0.546826353305507,"Zhong2025",2001
645,1.41045672555845,"Zhong2025",2001
646,7.0244143149432,"Zhong2025",2001
647,0.385643997860069,"Zhong2025",2001
648,1.28785581354584,"Zhong2025",2001
649,6.84106782766489,"Zhong2025",2001
650,3.63051117135695,"Zhong2025",2001
651,0.0121771639531266,"Zhong2025",2001
652,3.10424880337888,"Zhong2025",2001
653,1.86482991626775,"Zhong2025",2001
654,11.7929030696329,"Zhong2025",2001
655,0.136248584195867,"Zhong2025",2001
656,1.65599103073428,"Zhong2025",2001
657,5.60854025030473,"Zhong2025",2001
658,3.48615890343984,"Zhong2025",2001
659,5.57286939857068,"Zhong2025",2001
660,0.438502927668966,"Zhong2025",2001
661,8.67652401496326,"Zhong2025",2001
662,2.66961921309957,"Zhong2025",2001
663,3.27989148652802,"Zhong2025",2001
664,0.131920289780412,"Zhong2025",2001
665,0.806483404156562,"Zhong2025",2001
666,1.50493247791003,"Zhong2025",2001
667,0,"Zhong2025",2001
668,1.8294772032201,"Zhong2025",2001
669,1.03177392482758,"Zhong2025",2001
670,0.0867435901365456,"Zhong2025",2001
671,1.60614442329403,"Zhong2025",2001
672,15.3992273802204,"Zhong2025",2001
673,5.67733217388271,"Zhong2025",2001
674,1.11951320041978,"Zhong2025",2001
675,6.24590348558767,"Zhong2025",2001
676,2.79987982512703,"Zhong2025",2001
677,0.970307359436773,"Zhong2025",2001
678,0.904757731111237,"Zhong2025",2001
679,6.68803916975509,"Zhong2025",2001
680,5.26381947966509,"Zhong2025",2001
681,2.67552891720293,"Zhong2025",2001
682,1.18049490652782,"Zhong2025",2001
683,13.8285421567912,"Zhong2025",2001
684,0.650726785104113,"Zhong2025",2001
685,1.64936889376338,"Zhong2025",2001
686,8.38958969490047,"Zhong2025",2001
687,7.16017751553622,"Zhong2025",2001
688,0.818681555081402,"Zhong2025",2001
689,1.3204517757633,"Zhong2025",2001
690,3.39523399434066,"Zhong2025",2001
691,1.34878419826273,"Zhong2025",2001
692,18.5549164613088,"Zhong2025",2001
693,2.81848957577649,"Zhong2025",2001
694,7.11983367374965,"Zhong2025",2001
695,6.27650069917242,"Zhong2025",2001
696,0.207939055275874,"Zhong2025",2001
697,7.42399995353885,"Zhong2025",2001
698,0.924855399506069,"Zhong2025",2001
699,0.327451529779605,"Zhong2025",2001
700,3.28926682549494,"Zhong2025",2001
701,0.273531113225683,"Zhong2025",2001
702,3.83345193081144,"Zhong2025",2001
703,6.46673473690345,"Zhong2025",2001
704,16.4899782990587,"Zhong2025",2001
705,1.91013995532332,"Zhong2025",2001
706,32.763488003465,"Zhong2025",2001
707,5.74962372652122,"Zhong2025",2001
708,5.95237840546502,"Zhong2025",2001
709,0.319872159592807,"Zhong2025",2001
710,7.42576734630496,"Zhong2025",2001
711,0.455008218523932,"Zhong2025",2001
712,8.92247011905936,"Zhong2025",2001
713,0.822430747092673,"Zhong2025",2001
714,2.84288877757584,"Zhong2025",2001
715,0.430119699404369,"Zhong2025",2001
716,1.36946486654715,"Zhong2025",2001
717,1.69372230155985,"Zhong2025",2001
718,2.95236723902494,"Zhong2025",2001
719,2.04368263565678,"Zhong2025",2001
720,0.450603927644691,"Zhong2025",2001
721,2.74966228298592,"Zhong2025",2001
722,5.24533234039942,"Zhong2025",2001
723,11.2925450337157,"Zhong2025",2001
724,0.717456965083661,"Zhong2025",2001
725,6.54689098287512,"Zhong2025",2001
726,0.298991911536419,"Zhong2025",2001
727,0.634334648973667,"Zhong2025",2001
728,3.08767719816115,"Zhong2025",2001
729,0.977265179103005,"Zhong2025",2001
730,7.00879620162534,"Zhong2025",2001
731,0.868535552321502,"Zhong2025",2001
732,10.213340235608,"Zhong2025",2001
733,1.82941554564937,"Zhong2025",2001
734,0.469378033375722,"Zhong2025",2001
735,0.0552137341350317,"Zhong2025",2001
736,1.97962232653998,"Zhong2025",2001
737,3.85662850877998,"Zhong2025",2001
738,6.51325240135193,"Zhong2025",2001
739,3.07857273308104,"Zhong2025",2001
740,10.7096105178197,"Zhong2025",2001
741,0.142338816134423,"Zhong2025",2001
742,5.33855503797531,"Zhong2025",2001
743,11.6535236676534,"Zhong2025",2001
744,0.978794004264716,"Zhong2025",2001
745,9.25635293696789,"Zhong2025",2001
746,2.55997160329269,"Zhong2025",2001
747,17.8476388417945,"Zhong2025",2001
748,2.84285545765999,"Zhong2025",2001
749,1.04584458837972,"Zhong2025",2001
750,1.95555522924896,"Zhong2025",2001
751,2.42533828740664,"Zhong2025",2001
752,12.3445137642525,"Zhong2025",2001
753,0.893032140176869,"Zhong2025",2001
754,0.0680191496322895,"Zhong2025",2001
755,5.08511108465406,"Zhong2025",2001
756,3.11926361454954,"Zhong2025",2001
757,0,"Zhong2025",2001
758,0.229882728982334,"Zhong2025",2001
759,0.105524888645948,"Zhong2025",2001
760,0.0832938768539315,"Zhong2025",2001
761,12.9875560741799,"Zhong2025",2001
762,15.0190046110819,"Zhong2025",2001
763,13.4831166645837,"Zhong2025",2001
764,11.1589164145683,"Zhong2025",2001
765,1.15165081737127,"Zhong2025",2001
766,6.1508963406086,"Zhong2025",2001
767,13.9379805428641,"Zhong2025",2001
768,0.182898445336598,"Zhong2025",2001
769,16.1904711042132,"Zhong2025",2001
770,48.4960177681663,"Zhong2025",2001
771,0.55817910940158,"Zhong2025",2001
772,9.34831615594717,"Zhong2025",2001
773,1.22083262690959,"Zhong2025",2001
774,1.43840623402611,"Zhong2025",2001
775,9.12933526971401,"Zhong2025",2001
776,8.96275356570635,"Zhong2025",2001
777,6.26758101068674,"Zhong2025",2001
778,13.1715374902074,"Zhong2025",2001
779,51.8976687415172,"Zhong2025",2001
780,6.70569878578957,"Zhong2025",2001
781,19.21875732701,"Zhong2025",2001
782,0.0624465146235057,"Zhong2025",2001
783,30.113413756802,"Zhong2025",2001
784,1.48191050377089,"Zhong2025",2001
785,3.06460387741818,"Zhong2025",2001
786,51.2129908169017,"Zhong2025",2001
787,6.71243320351624,"Zhong2025",2001
788,0.589747256040573,"Zhong2025",2001
789,18.6921598301377,"Zhong2025",2001
790,1.31317992397881,"Zhong2025",2001
791,1.00574230287096,"Zhong2025",2001
792,13.7913075431449,"Zhong2025",2001
793,6.31323947976861,"Zhong2025",2001
794,4.6295088200056,"Zhong2025",2001
795,8.07167282040461,"Zhong2025",2001
796,3.13723343529035,"Zhong2025",2001
797,3.80287622215588,"Zhong2025",2001
798,8.63430932030749,"Zhong2025",2001
799,1.17036598548293,"Zhong2025",2001
800,0.065855780848741,"Zhong2025",2001
801,1.07341188498317,"Zhong2025",2001
802,1.16470554271634,"Zhong2025",2001
803,20.7078168074938,"Zhong2025",2001
804,17.3927973210812,"Zhong2025",2001
805,1.90801185920027,"Zhong2025",2001
806,0.481952722691537,"Zhong2025",2001
807,10.6432247632816,"Zhong2025",2001
808,5.11632764382521,"Zhong2025",2001
809,1.57148749126168,"Zhong2025",2001
810,44.0912077678897,"Zhong2025",2001
811,1.81843494036834,"Zhong2025",2001
812,0.298118703358202,"Zhong2025",2001
813,8.53615002488268,"Zhong2025",2001
814,11.0829651080645,"Zhong2025",2001
815,12.9243442575137,"Zhong2025",2001
816,3.25561697855592,"Zhong2025",2001
817,6.62477926254272,"Zhong2025",2001
818,1.08592725107594,"Zhong2025",2001
819,3.16855090896293,"Zhong2025",2001
820,0,"Zhong2025",2001
821,8.5968570773666,"Zhong2025",2001
822,0.106890624042933,"Zhong2025",2001
823,3.5182589979533,"Zhong2025",2001
824,3.22060491676251,"Zhong2025",2001
825,0.461686986535057,"Zhong2025",2001
826,5.735297120398,"Zhong2025",2001
827,1.91478531141542,"Zhong2025",2001
828,6.22025677773815,"Zhong2025",2001
829,9.4160531777602,"Zhong2025",2001
830,18.4009144394486,"Zhong2025",2001
831,19.7078848595315,"Zhong2025",2001
832,1.71093948249562,"Zhong2025",2001
833,0,"Zhong2025",2001
834,9.47620826297336,"Zhong2025",2001
835,12.6570738090957,"Zhong2025",2001
836,9.24114463113298,"Zhong2025",2001
837,17.2424934667699,"Zhong2025",2001
838,7.56463945744669,"Zhong2025",2001
839,31.9495557526411,"Zhong2025",2001
840,11.1978316838091,"Zhong2025",2001
841,10.1299431245045,"Zhong2025",2001
842,3.25421660370363,"Zhong2025",2001
843,3.78343359825261,"Zhong2025",2001
844,8.44790823893114,"Zhong2025",2001
845,26.4430066422571,"Zhong2025",2001
846,3.46073403917297,"Zhong2025",2001
847,15.9121201833089,"Zhong2025",2001
848,35.6019713448696,"Zhong2025",2001
849,14.7750565740797,"Zhong2025",2001
850,3.50564848554545,"Zhong2025",2001
851,9.65164124282452,"Zhong2025",2001
852,33.8103873697917,"Zhong2025",2001
853,0.00403862789665398,"Zhong2025",2001
854,1.18513851363151,"Zhong2025",2001
855,10.6073142730438,"Zhong2025",2001
856,13.9467834112821,"Zhong2025",2001
857,1.82898467308863,"Zhong2025",2001
858,2.33992737384283,"Zhong2025",2001
859,1.22426779430948,"Zhong2025",2001
860,5.82505480046958,"Zhong2025",2001
861,0.0202914578840137,"Zhong2025",2001
862,6.01298091499027,"Zhong2025",2001
863,13.0645361627851,"Zhong2025",2001
864,9.26714581999668,"Zhong2025",2001
865,0.125937176264822,"Zhong2025",2001
866,13.8316767417778,"Zhong2025",2001
867,18.9529156234115,"Zhong2025",2001
868,10.9422236012888,"Zhong2025",2001
869,11.4531296523108,"Zhong2025",2001
870,0.762789207905138,"Zhong2025",2001
871,0.205699804741348,"Zhong2025",2001
872,3.75468712979259,"Zhong2025",2001
873,0.00408239061372322,"Zhong2025",2001
874,0.33063133775179,"Zhong2025",2001
875,0.515945773315258,"Zhong2025",2001
876,6.05850725991385,"Zhong2025",2001
877,0.423888030879778,"Zhong2025",2001
878,3.26715660207664,"Zhong2025",2001
879,3.24788640592476,"Zhong2025",2001
880,1.88331332531842,"Zhong2025",2001
881,0.282068210296399,"Zhong2025",2001
882,0.948404623441059,"Zhong2025",2001
883,1.67217816914735,"Zhong2025",2001
884,0.544219278054787,"Zhong2025",2001
885,0.981874930105612,"Zhong2025",2001
886,20.1842801548817,"Zhong2025",2001
887,1.36488101052581,"Zhong2025",2001
888,0.437652381478682,"Zhong2025",2001
889,6.78166879975523,"Zhong2025",2001
890,5.47403634654151,"Zhong2025",2001
891,1.5297402474332,"Zhong2025",2001
892,5.50754337520041,"Zhong2025",2001
893,2.63095822199075,"Zhong2025",2001
894,1.02049972488938,"Zhong2025",2001
895,0.813897759469142,"Zhong2025",2001
896,12.3444450477074,"Zhong2025",2001
897,3.27215886736567,"Zhong2025",2001
898,0.357797245754491,"Zhong2025",2001
899,0.213969694712866,"Zhong2025",2001
900,0.213843404973364,"Zhong2025",2001
901,26.3282933211086,"Zhong2025",2001
902,0.0952317467535356,"Zhong2025",2001
903,1.11962635902067,"Zhong2025",2001
904,0.386213623533551,"Zhong2025",2001
905,0.644652383060027,"Zhong2025",2001
906,0.978704950294833,"Zhong2025",2001
907,0.647875802427197,"Zhong2025",2001
908,0.493870891829863,"Zhong2025",2001
909,22.4352944942077,"Zhong2025",2001
910,13.9463078561491,"Zhong2025",2001
911,4.67645579332327,"Zhong2025",2001
912,0.206752665801031,"Zhong2025",2001
913,0.0606857549768588,"Zhong2025",2001
914,1.84017263248728,"Zhong2025",2001
915,0.243544457070989,"Zhong2025",2001
916,1.83806392376576,"Zhong2025",2001
917,0.000490332870133992,"Zhong2025",2001
918,0.433258345062133,"Zhong2025",2001
919,0.626801419545275,"Zhong2025",2001
920,0.669717785020835,"Zhong2025",2001
921,5.41765361274618,"Zhong2025",2001
922,1.36625739397511,"Zhong2025",2001
923,0.0629763664300218,"Zhong2025",2001
924,0,"Zhong2025",2001
925,0.183186403541915,"Zhong2025",2001
926,0.193476753459582,"Zhong2025",2001
927,0.145554017887595,"Zhong2025",2001
928,0.0658014243924299,"Zhong2025",2001
929,0.0344366461339518,"Zhong2025",2001
930,4.86060004619341,"Zhong2025",2001
931,0.855945585863478,"Zhong2025",2001
932,0.13309898583338,"Zhong2025",2001
933,0,"Zhong2025",2001
934,0.176752149210791,"Zhong2025",2001
935,0.0634119113186135,"Zhong2025",2001
936,0.0106842111724696,"Zhong2025",2001
937,0.00219342856198213,"Zhong2025",2001
938,0.0249080623889639,"Zhong2025",2001
939,11.7011068789887,"Zhong2025",2001
940,3.11342254407521,"Zhong2025",2001
941,1.28193532850173,"Zhong2025",2001
942,2.93068600485056,"Zhong2025",2001
943,0.535994254449382,"Zhong2025",2001
944,0.759139869002824,"Zhong2025",2001
945,0.284097756963194,"Zhong2025",2001
946,1.01240023524368,"Zhong2025",2001
947,0.517314861256114,"Zhong2025",2001
948,1.48656902563843,"Zhong2025",2001
949,0.257661085072401,"Zhong2025",2001
950,7.14508739789924,"Zhong2025",2001
951,0,"Zhong2025",2001
952,1.83447980521809,"Zhong2025",2001
953,4.10792371699953,"Zhong2025",2001
954,6.21267124084812,"Zhong2025",2001
955,0.239606230761166,"Zhong2025",2001
956,0.292158234436309,"Zhong2025",2001
957,0.495015049047125,"Zhong2025",2001
958,0.287361929491162,"Zhong2025",2001
959,1.09261495186542,"Zhong2025",2001
960,0.718153714217622,"Zhong2025",2001
961,3.58097082932253,"Zhong2025",2001
962,0.665011576570646,"Zhong2025",2001
963,4.08553631001495,"Zhong2025",2001
964,1.00843147864739,"Zhong2025",2001
965,14.4255710361808,"Zhong2025",2001
966,4.80927330996173,"Zhong2025",2001
967,3.95458425004708,"Zhong2025",2001
968,0.0679537496711978,"Zhong2025",2001
969,4.83048373913898,"Zhong2025",2001
970,0.323886889937347,"Zhong2025",2001
971,2.44828196385122,"Zhong2025",2001
972,0.710345621161899,"Zhong2025",2001
973,7.11580278938324,"Zhong2025",2001
974,1.51498456110417,"Zhong2025",2001
975,0.385422960939932,"Zhong2025",2001
976,0.45524640607683,"Zhong2025",2001
977,0.139771278847619,"Zhong2025",2001
978,1.61816707943103,"Zhong2025",2001
979,17.7301178075829,"Zhong2025",2001
980,5.18302582296823,"Zhong2025",2001
981,9.37801604009032,"Zhong2025",2001
982,0.612745974594342,"Zhong2025",2001
983,2.69930669560563,"Zhong2025",2001
984,0.0623019138971964,"Zhong2025",2001
985,1.42853918532445,"Zhong2025",2001
986,0.114241761270992,"Zhong2025",2001
987,0.0283824442559036,"Zhong2025",2001
988,0.286976540075229,"Zhong2025",2001
989,0.59640652747041,"Zhong2025",2001
990,1.8801978389253,"Zhong2025",2001
991,0.00187818868004757,"Zhong2025",2001
992,4.55878292240531,"Zhong2025",2001
993,0.580383620082384,"Zhong2025",2001
994,0.489195364667883,"Zhong2025",2001
995,0.0619298717643641,"Zhong2025",2001
996,3.11498996211888,"Zhong2025",2001
997,7.31076657042033,"Zhong2025",2001
998,0.47193051755601,"Zhong2025",2001
999,4.58937162281044,"Zhong2025",2001
1000,11.004621548068,"Zhong2025",2001
1001,0,"Zhong2025",2001
1002,3.03475558941747,"Zhong2025",2001
1003,0,"Zhong2025",2001
1004,1.2522337513716,"Zhong2025",2001
1005,0.179125482099575,"Zhong2025",2001
1006,0,"Zhong2025",2001
1007,0.247844958898285,"Zhong2025",2001
1008,9.63141771451122,"Zhong2025",2001
1009,1.00256265716683,"Zhong2025",2001
1010,0.199859121471698,"Zhong2025",2001
1011,0.24583101796452,"Zhong2025",2001
1012,2.28165341358651,"Zhong2025",2001
1013,0.745455511878519,"Zhong2025",2001
1014,1.91651608846908,"Zhong2025",2001
1015,1.05584507902182,"Zhong2025",2001
1016,3.70502923466176,"Zhong2025",2001
1017,1.41853470265807,"Zhong2025",2001
1018,0.372603807338448,"Zhong2025",2001
1019,0.569497404173017,"Zhong2025",2001
1020,0.173366966466397,"Zhong2025",2001
1021,0.222568660099434,"Zhong2025",2001
1022,7.64967302530856,"Zhong2025",2001
1023,3.50921203975646,"Zhong2025",2001
1024,0,"Zhong2025",2001
1025,12.366747218987,"Zhong2025",2001
1026,1.82559931868445,"Zhong2025",2001
1027,0.271757455937901,"Zhong2025",2001
1028,0.17563006664237,"Zhong2025",2001
1029,0.653313775841571,"Zhong2025",2001
1030,1.0506685142689,"Zhong2025",2001
1031,0.0911090889952874,"Zhong2025",2001
1032,4.75546527162872,"Zhong2025",2001
1033,1.55358477070201,"Zhong2025",2001
1034,2.41985681443475,"Zhong2025",2001
1035,8.69155551833019,"Zhong2025",2001
1036,3.11488563225332,"Zhong2025",2001
1037,0.226297553776585,"Zhong2025",2001
1038,1.03115171432935,"Zhong2025",2001
1039,0.932443273273008,"Zhong2025",2001
1040,0,"Zhong2025",2001
1041,2.10094448721131,"Zhong2025",2001
1042,0.08758206233904,"Zhong2025",2001
1043,0,"Zhong2025",2001
1044,0.934378124119989,"Zhong2025",2001
1045,0,"Zhong2025",2001
1046,1.15410308387035,"Zhong2025",2001
1047,1.16563184808362,"Zhong2025",2001
1048,0.430696160306231,"Zhong2025",2001
1049,0.01706935927946,"Zhong2025",2001
1050,0.382125011062811,"Zhong2025",2001
1051,0.537924447903422,"Zhong2025",2001
1052,0.921835185146668,"Zhong2025",2001
1053,3.63015951489268,"Zhong2025",2001
1054,8.6946025788784,"Zhong2025",2001
1055,0.465710670505156,"Zhong2025",2001
1056,1.24440144902056,"Zhong2025",2001
1057,11.3863095717838,"Zhong2025",2001
1058,37.5084797467027,"Zhong2025",2001
1059,0.267952890984688,"Zhong2025",2001
1060,0.00142604764550924,"Zhong2025",2001
1061,10.1392059942445,"Zhong2025",2001
1062,38.9606507783983,"Zhong2025",2001
1063,11.3859315702194,"Zhong2025",2001
1064,0.196584159331934,"Zhong2025",2001
1065,3.03084184677654,"Zhong2025",2001
1066,1.35013458724667,"Zhong2025",2001
1067,0.707846055297896,"Zhong2025",2001
1068,1.942649370322,"Zhong2025",2001
1069,0.110155908617182,"Zhong2025",2001
1070,1.68963337489213,"Zhong2025",2001
1071,8.94163680196799,"Zhong2025",2001
1072,1.80110155381558,"Zhong2025",2001
1073,0.554901242765099,"Zhong2025",2001
1074,5.82145839788205,"Zhong2025",2001
1075,1.06033205941146,"Zhong2025",2001
1076,1.29211538020765,"Zhong2025",2001
1077,0.314938115079384,"Zhong2025",2001
1078,16.5873236801313,"Zhong2025",2001
1079,3.97334399197653,"Zhong2025",2001
1080,19.7151865024193,"Zhong2025",2001
1081,8.01514224506361,"Zhong2025",2001
1082,7.27951666697356,"Zhong2025",2001
1083,1.52962852364177,"Zhong2025",2001
1084,4.99581479517285,"Zhong2025",2001
1085,5.16280322214333,"Zhong2025",2001
1086,5.56926482332034,"Zhong2025",2001
1087,8.16591812152525,"Zhong2025",2001
1088,15.2529869754359,"Zhong2025",2001
1089,0.1157480995833,"Zhong2025",2001
1090,0.726438672652673,"Zhong2025",2001
1091,0.993411681003285,"Zhong2025",2001
1092,5.96557935841486,"Zhong2025",2001
1093,6.02767374352488,"Zhong2025",2001
1094,0.151980189739521,"Zhong2025",2001
1095,4.15525733314469,"Zhong2025",2001
1096,15.2409698000266,"Zhong2025",2001
1097,0.0679257161702571,"Zhong2025",2001
1098,0.034180367802467,"Zhong2025",2001
1099,1.0637751425608,"Zhong2025",2001
1100,9.04993809656341,"Zhong2025",2001
1101,0.616770252154158,"Zhong2025",2001
1102,4.22403494943651,"Zhong2025",2001
1103,0.178120829852927,"Zhong2025",2001
1104,6.93332266541188,"Zhong2025",2001
1105,1.95611912822922,"Zhong2025",2001
1106,3.41215993832797,"Zhong2025",2001
1107,1.78816578231495,"Zhong2025",2001
1108,0.663677512231005,"Zhong2025",2001
1109,2.99819530963755,"Zhong2025",2001
1110,1.73023861914785,"Zhong2025",2001
1111,3.63955533692775,"Zhong2025",2001
1112,26.9132058214258,"Zhong2025",2001
1113,33.1896595835087,"Zhong2025",2001
1114,53.5655659493946,"Zhong2025",2001
1115,28.3885297356071,"Zhong2025",2001
1116,39.8989959564884,"Zhong2025",2001
1117,18.4571038136115,"Zhong2025",2001
1118,28.9345685922273,"Zhong2025",2001
1119,1.70091050054991,"Zhong2025",2001
1120,6.80758375457275,"Zhong2025",2001
1121,53.1027680635452,"Zhong2025",2001
1122,50.8179051248651,"Zhong2025",2001
1,1.33600669752949,"Zhong2025",2002
2,0,"Zhong2025",2002
3,0.107129131401601,"Zhong2025",2002
4,0.304726727245022,"Zhong2025",2002
5,0.141444235288699,"Zhong2025",2002
6,0.069691511835786,"Zhong2025",2002
7,0,"Zhong2025",2002
8,0.0537377561702103,"Zhong2025",2002
9,0.0456849431819935,"Zhong2025",2002
10,0.0679005480097694,"Zhong2025",2002
11,0.0125905205777484,"Zhong2025",2002
12,0.0237746242140113,"Zhong2025",2002
13,0.00191990105156549,"Zhong2025",2002
14,0,"Zhong2025",2002
15,0.434080599864044,"Zhong2025",2002
16,0.0623882803915937,"Zhong2025",2002
17,15.4803950549038,"Zhong2025",2002
18,0.37106156517421,"Zhong2025",2002
19,0.0243508316355176,"Zhong2025",2002
20,0.318512300020774,"Zhong2025",2002
21,0.556169564769763,"Zhong2025",2002
22,1.73347655283468,"Zhong2025",2002
23,2.8516520979223,"Zhong2025",2002
24,2.38473254903913,"Zhong2025",2002
25,4.09907203422635,"Zhong2025",2002
26,3.70625807702737,"Zhong2025",2002
27,2.83145985815485,"Zhong2025",2002
28,12.5679362646424,"Zhong2025",2002
29,0.139943095244813,"Zhong2025",2002
30,0,"Zhong2025",2002
31,0.581000972522253,"Zhong2025",2002
32,0.0896961325727528,"Zhong2025",2002
33,0.403945306171174,"Zhong2025",2002
34,9.54779354751413,"Zhong2025",2002
35,1.09977868302596,"Zhong2025",2002
36,9.41954159092259,"Zhong2025",2002
37,0.0990603310397001,"Zhong2025",2002
38,0.640352360701704,"Zhong2025",2002
39,0.301188707255476,"Zhong2025",2002
40,13.9887645071666,"Zhong2025",2002
41,20.2073503856001,"Zhong2025",2002
42,0.645327927111135,"Zhong2025",2002
43,1.33377050951686,"Zhong2025",2002
44,0.136406838970437,"Zhong2025",2002
45,8.01589193721927,"Zhong2025",2002
46,0,"Zhong2025",2002
47,1.75008694200414,"Zhong2025",2002
48,1.15553420941161,"Zhong2025",2002
49,2.23271422367543,"Zhong2025",2002
50,0.242582553535231,"Zhong2025",2002
51,8.33433088493486,"Zhong2025",2002
52,0.527263240825421,"Zhong2025",2002
53,1.4090547974887,"Zhong2025",2002
54,0.274221986160332,"Zhong2025",2002
55,0.0727808073797598,"Zhong2025",2002
56,0,"Zhong2025",2002
57,0,"Zhong2025",2002
58,15.4712578852971,"Zhong2025",2002
59,38.6367345237324,"Zhong2025",2002
60,14.9384923556755,"Zhong2025",2002
61,6.88324067065572,"Zhong2025",2002
62,3.21479699392068,"Zhong2025",2002
63,5.93667372334252,"Zhong2025",2002
64,7.15710692239952,"Zhong2025",2002
65,8.71679072183067,"Zhong2025",2002
66,2.99725509038143,"Zhong2025",2002
67,26.3150534460074,"Zhong2025",2002
68,18.0908870333024,"Zhong2025",2002
69,2.5407201167005,"Zhong2025",2002
70,2.19371596834726,"Zhong2025",2002
71,9.6903062641057,"Zhong2025",2002
72,3.40347871238865,"Zhong2025",2002
73,6.83999599922103,"Zhong2025",2002
74,5.73282465538394,"Zhong2025",2002
75,13.0777608420919,"Zhong2025",2002
76,13.9970165546124,"Zhong2025",2002
77,7.40599766861309,"Zhong2025",2002
78,17.5913447299031,"Zhong2025",2002
79,8.98429032807709,"Zhong2025",2002
80,10.9587349369101,"Zhong2025",2002
81,6.83176990785854,"Zhong2025",2002
82,11.2394377375136,"Zhong2025",2002
83,10.157984479434,"Zhong2025",2002
84,3.55844034488266,"Zhong2025",2002
85,6.74413462503943,"Zhong2025",2002
86,4.34090907234594,"Zhong2025",2002
87,6.21826057435804,"Zhong2025",2002
88,13.9883673667908,"Zhong2025",2002
89,2.5766397234193,"Zhong2025",2002
90,9.84064719656936,"Zhong2025",2002
91,8.47322416200972,"Zhong2025",2002
92,34.4762841673458,"Zhong2025",2002
93,8.99691772296127,"Zhong2025",2002
94,5.00729889714782,"Zhong2025",2002
95,14.8265694145143,"Zhong2025",2002
96,10.7328092289983,"Zhong2025",2002
97,10.0105673399622,"Zhong2025",2002
98,1.54904004639243,"Zhong2025",2002
99,6.25404640653208,"Zhong2025",2002
100,1.18167953394445,"Zhong2025",2002
101,1.16893050609729,"Zhong2025",2002
102,4.15980841482387,"Zhong2025",2002
103,1.03150109560531,"Zhong2025",2002
104,5.34858679312347,"Zhong2025",2002
105,0.235504156721013,"Zhong2025",2002
106,3.56781207616605,"Zhong2025",2002
107,0.618305578374036,"Zhong2025",2002
108,0.85276185673833,"Zhong2025",2002
109,0.170956043219697,"Zhong2025",2002
110,0.22621190659335,"Zhong2025",2002
111,0.501431936245974,"Zhong2025",2002
112,0.0425928853057111,"Zhong2025",2002
113,0.0267000606399503,"Zhong2025",2002
114,7.21435007243861,"Zhong2025",2002
115,2.05191295203708,"Zhong2025",2002
116,1.26811843420884,"Zhong2025",2002
117,0.948351253809907,"Zhong2025",2002
118,4.18709606606027,"Zhong2025",2002
119,2.12362072672113,"Zhong2025",2002
120,2.96972582368344,"Zhong2025",2002
121,0.866715225066928,"Zhong2025",2002
122,0.0911452072203582,"Zhong2025",2002
123,8.51226828985519,"Zhong2025",2002
124,1.0700470507204,"Zhong2025",2002
125,3.48596172821107,"Zhong2025",2002
126,5.95052516824669,"Zhong2025",2002
127,1.19071689097187,"Zhong2025",2002
128,6.96215548352969,"Zhong2025",2002
129,6.51498306103242,"Zhong2025",2002
130,7.56250446143392,"Zhong2025",2002
131,11.852654069157,"Zhong2025",2002
132,3.77701195334531,"Zhong2025",2002
133,4.60749614743456,"Zhong2025",2002
134,2.95993076066176,"Zhong2025",2002
135,1.18155033216386,"Zhong2025",2002
136,6.60940316816171,"Zhong2025",2002
137,7.39085503578186,"Zhong2025",2002
138,2.05825736852219,"Zhong2025",2002
139,2.99489561621039,"Zhong2025",2002
140,2.05337826539686,"Zhong2025",2002
141,3.00944812966739,"Zhong2025",2002
142,5.17058333307005,"Zhong2025",2002
143,0.563771766668186,"Zhong2025",2002
144,0.536862326105231,"Zhong2025",2002
145,6.30132560347517,"Zhong2025",2002
146,1.86421984793631,"Zhong2025",2002
147,4.46210740329088,"Zhong2025",2002
148,0.123565809180339,"Zhong2025",2002
149,2.52252737394872,"Zhong2025",2002
150,4.22800383179866,"Zhong2025",2002
151,1.35830939988314,"Zhong2025",2002
152,0.573162384115268,"Zhong2025",2002
153,4.84713053411085,"Zhong2025",2002
154,6.30794813704987,"Zhong2025",2002
155,3.38783632443587,"Zhong2025",2002
156,0.0817332127655391,"Zhong2025",2002
157,7.74814644521102,"Zhong2025",2002
158,2.46972450461335,"Zhong2025",2002
159,3.77967204384763,"Zhong2025",2002
160,1.87039923076164,"Zhong2025",2002
161,0.918604346853389,"Zhong2025",2002
162,0,"Zhong2025",2002
163,0.179596981343556,"Zhong2025",2002
164,0.494666312709738,"Zhong2025",2002
165,0.127377163185974,"Zhong2025",2002
166,0.00742151150417962,"Zhong2025",2002
167,0.104178613775475,"Zhong2025",2002
168,0.0148108129743703,"Zhong2025",2002
169,0,"Zhong2025",2002
170,0,"Zhong2025",2002
171,0,"Zhong2025",2002
172,0,"Zhong2025",2002
173,0.0675645739870731,"Zhong2025",2002
174,0,"Zhong2025",2002
175,0,"Zhong2025",2002
176,0.00353003404348995,"Zhong2025",2002
177,0.0277750920004677,"Zhong2025",2002
178,0,"Zhong2025",2002
179,0,"Zhong2025",2002
180,0.0272745832185339,"Zhong2025",2002
181,0.00484749842468303,"Zhong2025",2002
182,0,"Zhong2025",2002
183,0,"Zhong2025",2002
184,0,"Zhong2025",2002
185,0,"Zhong2025",2002
186,0.0130640051179875,"Zhong2025",2002
187,0.152381686032664,"Zhong2025",2002
188,0.0065661736103872,"Zhong2025",2002
189,0.00162376458649426,"Zhong2025",2002
190,8.67046768921964,"Zhong2025",2002
191,13.6479980417086,"Zhong2025",2002
192,0.000483355615515171,"Zhong2025",2002
193,0,"Zhong2025",2002
194,0.723913579819541,"Zhong2025",2002
195,1.94103829605701,"Zhong2025",2002
196,0.989030615099031,"Zhong2025",2002
197,0.216936457243214,"Zhong2025",2002
198,0.484111953577139,"Zhong2025",2002
199,0.854086500809678,"Zhong2025",2002
200,0.511969413824626,"Zhong2025",2002
201,0,"Zhong2025",2002
202,0.438737565977439,"Zhong2025",2002
203,0,"Zhong2025",2002
204,5.12013735478567,"Zhong2025",2002
205,0.347814498669635,"Zhong2025",2002
206,1.20124061892681,"Zhong2025",2002
207,0.0341853688132225,"Zhong2025",2002
208,0.0852113742270268,"Zhong2025",2002
209,0.141456701594883,"Zhong2025",2002
210,0.000545605478547967,"Zhong2025",2002
211,0,"Zhong2025",2002
212,0,"Zhong2025",2002
213,0,"Zhong2025",2002
214,0,"Zhong2025",2002
215,0,"Zhong2025",2002
216,0,"Zhong2025",2002
217,0,"Zhong2025",2002
218,0,"Zhong2025",2002
219,0,"Zhong2025",2002
220,0.0147828084848158,"Zhong2025",2002
221,0,"Zhong2025",2002
222,0,"Zhong2025",2002
223,0,"Zhong2025",2002
224,0,"Zhong2025",2002
225,0.000821656991330709,"Zhong2025",2002
226,0.0511965076160047,"Zhong2025",2002
227,0.00701833961463718,"Zhong2025",2002
228,0.00710277211635194,"Zhong2025",2002
229,0.00374394171898238,"Zhong2025",2002
230,20.4259347822487,"Zhong2025",2002
231,2.77442849771808,"Zhong2025",2002
232,5.22727309511281,"Zhong2025",2002
233,0.250193462906671,"Zhong2025",2002
234,6.38701013765837,"Zhong2025",2002
235,10.1198790338304,"Zhong2025",2002
236,4.9610214201429,"Zhong2025",2002
237,4.68584419480495,"Zhong2025",2002
238,5.0321287076278,"Zhong2025",2002
239,3.91742666519367,"Zhong2025",2002
240,16.3433739595246,"Zhong2025",2002
241,8.97029750630007,"Zhong2025",2002
242,3.48802029946819,"Zhong2025",2002
243,10.3853908357809,"Zhong2025",2002
244,2.02792683712074,"Zhong2025",2002
245,10.5122226935167,"Zhong2025",2002
246,5.56181528854712,"Zhong2025",2002
247,1.09256154713832,"Zhong2025",2002
248,11.4432837215718,"Zhong2025",2002
249,8.66574670987971,"Zhong2025",2002
250,0.542288423338964,"Zhong2025",2002
251,1.94806662369929,"Zhong2025",2002
252,10.1067314769911,"Zhong2025",2002
253,1.78744341289713,"Zhong2025",2002
254,16.7015271429288,"Zhong2025",2002
255,2.32665469938704,"Zhong2025",2002
256,5.47919336483981,"Zhong2025",2002
257,33.3112839373147,"Zhong2025",2002
258,7.88359982468361,"Zhong2025",2002
259,16.4839711027736,"Zhong2025",2002
260,30.0753648281097,"Zhong2025",2002
261,4.56996759932528,"Zhong2025",2002
262,12.881592256833,"Zhong2025",2002
263,1.38080909373868,"Zhong2025",2002
264,16.0667968962504,"Zhong2025",2002
265,13.2277567718602,"Zhong2025",2002
266,1.91995229044786,"Zhong2025",2002
267,17.2954434948368,"Zhong2025",2002
268,4.37385669176293,"Zhong2025",2002
269,22.9310216608003,"Zhong2025",2002
270,4.97162362952386,"Zhong2025",2002
271,11.6284916136,"Zhong2025",2002
272,8.74452206714356,"Zhong2025",2002
273,47.9867705769009,"Zhong2025",2002
274,8.3338095200396,"Zhong2025",2002
275,6.35512905882806,"Zhong2025",2002
276,16.3132458574632,"Zhong2025",2002
277,12.5541754869314,"Zhong2025",2002
278,0.662267684295748,"Zhong2025",2002
279,0.252543562642165,"Zhong2025",2002
280,9.98883277588877,"Zhong2025",2002
281,7.29884511741673,"Zhong2025",2002
282,5.73773504867412,"Zhong2025",2002
283,47.5221943771209,"Zhong2025",2002
284,6.14264295050949,"Zhong2025",2002
285,0.136429732126482,"Zhong2025",2002
286,0.224460109149416,"Zhong2025",2002
287,0.419419290995614,"Zhong2025",2002
288,0.96092486382213,"Zhong2025",2002
289,2.78526175712856,"Zhong2025",2002
290,40.2443133190179,"Zhong2025",2002
291,0.854991641289375,"Zhong2025",2002
292,18.1067787195955,"Zhong2025",2002
293,4.67379759264807,"Zhong2025",2002
294,0.723816552694188,"Zhong2025",2002
295,0.307458685813472,"Zhong2025",2002
296,0.281806083466101,"Zhong2025",2002
297,2.2600297774087,"Zhong2025",2002
298,0.36099563325699,"Zhong2025",2002
299,1.41398718657301,"Zhong2025",2002
300,15.3720732969396,"Zhong2025",2002
301,3.48243165961555,"Zhong2025",2002
302,0.791804406218917,"Zhong2025",2002
303,21.32911219928,"Zhong2025",2002
304,1.35272348199067,"Zhong2025",2002
305,0.0991268803933844,"Zhong2025",2002
306,2.3564336621351,"Zhong2025",2002
307,0.980590447122367,"Zhong2025",2002
308,1.52980556235686,"Zhong2025",2002
309,0.815108829529135,"Zhong2025",2002
310,3.12461538751616,"Zhong2025",2002
311,0.633688517849401,"Zhong2025",2002
312,5.57257379584014,"Zhong2025",2002
313,0.759075794816831,"Zhong2025",2002
314,4.87056717106989,"Zhong2025",2002
315,0.264586519711061,"Zhong2025",2002
316,0.299546783454321,"Zhong2025",2002
317,1.10486594206425,"Zhong2025",2002
318,0.408206717089842,"Zhong2025",2002
319,6.45997343987426,"Zhong2025",2002
320,3.24791553652287,"Zhong2025",2002
321,0.503878901430859,"Zhong2025",2002
322,5.18519664674751,"Zhong2025",2002
323,5.38086969078459,"Zhong2025",2002
324,1.23089542491229,"Zhong2025",2002
325,0.586331610252179,"Zhong2025",2002
326,17.7435604856255,"Zhong2025",2002
327,3.41724222928359,"Zhong2025",2002
328,1.98082274349385,"Zhong2025",2002
329,9.03588110382117,"Zhong2025",2002
330,0.294387163537921,"Zhong2025",2002
331,7.54597255850418,"Zhong2025",2002
332,41.8507741093636,"Zhong2025",2002
333,2.47780793183483,"Zhong2025",2002
334,0.486835099876669,"Zhong2025",2002
335,5.67579082495357,"Zhong2025",2002
336,9.26123108862457,"Zhong2025",2002
337,44.7334595722939,"Zhong2025",2002
338,3.24155232467433,"Zhong2025",2002
339,1.71825501490473,"Zhong2025",2002
340,3.38534572010394,"Zhong2025",2002
341,11.2722263705606,"Zhong2025",2002
342,1.55774345709186,"Zhong2025",2002
343,1.66110791332046,"Zhong2025",2002
344,2.29036932727945,"Zhong2025",2002
345,9.50635819727425,"Zhong2025",2002
346,3.51247065786074,"Zhong2025",2002
347,4.00728526380327,"Zhong2025",2002
348,0.624320343790347,"Zhong2025",2002
349,0.620006561945569,"Zhong2025",2002
350,0.79422883482443,"Zhong2025",2002
351,20.5902067852872,"Zhong2025",2002
352,0.303098843455243,"Zhong2025",2002
353,9.06274812993762,"Zhong2025",2002
354,1.25785197600539,"Zhong2025",2002
355,4.68734029976179,"Zhong2025",2002
356,0.561330228548042,"Zhong2025",2002
357,11.17872978803,"Zhong2025",2002
358,0.464349695756617,"Zhong2025",2002
359,0.520264247003043,"Zhong2025",2002
360,1.48340721792645,"Zhong2025",2002
361,11.012449853773,"Zhong2025",2002
362,0.345327131804966,"Zhong2025",2002
363,1.65131035999962,"Zhong2025",2002
364,0.584900975866891,"Zhong2025",2002
365,1.73710782613117,"Zhong2025",2002
366,0.49076384595365,"Zhong2025",2002
367,48.0855995049843,"Zhong2025",2002
368,17.4051505611332,"Zhong2025",2002
369,0.553271995143948,"Zhong2025",2002
370,4.13854495195986,"Zhong2025",2002
371,2.89281089918714,"Zhong2025",2002
372,1.0334959333454,"Zhong2025",2002
373,6.4668699044146,"Zhong2025",2002
374,0.0183961923865192,"Zhong2025",2002
375,13.3452488013333,"Zhong2025",2002
376,4.18281327991539,"Zhong2025",2002
377,0.276652023002078,"Zhong2025",2002
378,0.294138087298862,"Zhong2025",2002
379,0.862839788845378,"Zhong2025",2002
380,0.0913835317727977,"Zhong2025",2002
381,9.83238646513782,"Zhong2025",2002
382,25.6147467403089,"Zhong2025",2002
383,0.781733017663161,"Zhong2025",2002
384,1.03677299422637,"Zhong2025",2002
385,12.4716122574596,"Zhong2025",2002
386,9.81796680730686,"Zhong2025",2002
387,30.7563513504607,"Zhong2025",2002
388,3.82524071679076,"Zhong2025",2002
389,3.2594318193694,"Zhong2025",2002
390,62.8448825836182,"Zhong2025",2002
391,4.66446302287162,"Zhong2025",2002
392,10.9373055570874,"Zhong2025",2002
393,7.14707371395909,"Zhong2025",2002
394,28.8936907177322,"Zhong2025",2002
395,4.44414935769543,"Zhong2025",2002
396,2.16303859826396,"Zhong2025",2002
397,2.25826284475821,"Zhong2025",2002
398,37.290190783414,"Zhong2025",2002
399,0.123265177439808,"Zhong2025",2002
400,0.266821654957608,"Zhong2025",2002
401,0.0936965716854832,"Zhong2025",2002
402,0.233395663949733,"Zhong2025",2002
403,0,"Zhong2025",2002
404,0.00171478350411029,"Zhong2025",2002
405,6.25710965230662,"Zhong2025",2002
406,0.0099434615731815,"Zhong2025",2002
407,0.46820639134608,"Zhong2025",2002
408,0.174472085823688,"Zhong2025",2002
409,0,"Zhong2025",2002
410,0.0639741477383747,"Zhong2025",2002
411,0,"Zhong2025",2002
412,0.114721880909526,"Zhong2025",2002
413,0,"Zhong2025",2002
414,0.00226129308210097,"Zhong2025",2002
415,0,"Zhong2025",2002
416,0,"Zhong2025",2002
417,0.100159852613102,"Zhong2025",2002
418,0.20867666115924,"Zhong2025",2002
419,0.158402874693705,"Zhong2025",2002
420,0,"Zhong2025",2002
421,0.159210077189137,"Zhong2025",2002
422,0,"Zhong2025",2002
423,0,"Zhong2025",2002
424,0,"Zhong2025",2002
425,0,"Zhong2025",2002
426,0.0674428083593883,"Zhong2025",2002
427,0,"Zhong2025",2002
428,0,"Zhong2025",2002
429,0.232509676558298,"Zhong2025",2002
430,0.191431289716378,"Zhong2025",2002
431,0.000236880389855347,"Zhong2025",2002
432,0,"Zhong2025",2002
433,0.0930247447545955,"Zhong2025",2002
434,0.0238987748347285,"Zhong2025",2002
435,0.00327657103057831,"Zhong2025",2002
436,0.346504803933947,"Zhong2025",2002
437,3.48953501798091,"Zhong2025",2002
438,0.516369630645977,"Zhong2025",2002
439,1.27676215714691,"Zhong2025",2002
440,0.457229157538889,"Zhong2025",2002
441,14.4792292606869,"Zhong2025",2002
442,2.3541415089005,"Zhong2025",2002
443,4.99691224907459,"Zhong2025",2002
444,5.22545846001654,"Zhong2025",2002
445,7.03144367188215,"Zhong2025",2002
446,2.27914033716102,"Zhong2025",2002
447,4.61376686171487,"Zhong2025",2002
448,0.742213760028853,"Zhong2025",2002
449,5.60271104556141,"Zhong2025",2002
450,2.95549869126198,"Zhong2025",2002
451,2.14496940637438,"Zhong2025",2002
452,1.01702623491133,"Zhong2025",2002
453,0.354457764014807,"Zhong2025",2002
454,7.26064279486263,"Zhong2025",2002
455,5.31363596674237,"Zhong2025",2002
456,9.66944906169718,"Zhong2025",2002
457,9.15256975049004,"Zhong2025",2002
458,3.44836245398481,"Zhong2025",2002
459,3.2441109817929,"Zhong2025",2002
460,0.900185839594285,"Zhong2025",2002
461,4.36570863415294,"Zhong2025",2002
462,9.67445941218014,"Zhong2025",2002
463,0.963385484659247,"Zhong2025",2002
464,1.84794698785681,"Zhong2025",2002
465,0.715707504921069,"Zhong2025",2002
466,0.438344413060931,"Zhong2025",2002
467,57.1314641208184,"Zhong2025",2002
468,23.5347430651425,"Zhong2025",2002
469,10.6968074781554,"Zhong2025",2002
470,7.15074808109138,"Zhong2025",2002
471,31.9856063116164,"Zhong2025",2002
472,6.77194526358228,"Zhong2025",2002
473,7.04465308245271,"Zhong2025",2002
474,34.9164039813555,"Zhong2025",2002
475,3.39113940174923,"Zhong2025",2002
476,12.9907757610995,"Zhong2025",2002
477,1.6618906310412,"Zhong2025",2002
478,15.8284616225805,"Zhong2025",2002
479,6.59444313501408,"Zhong2025",2002
480,39.3565798568726,"Zhong2025",2002
481,3.7014495322727,"Zhong2025",2002
482,33.5059045426389,"Zhong2025",2002
483,10.491568194143,"Zhong2025",2002
484,4.81190513571103,"Zhong2025",2002
485,19.8629666770644,"Zhong2025",2002
486,54.6573189955491,"Zhong2025",2002
487,11.1461827891568,"Zhong2025",2002
488,11.541647314414,"Zhong2025",2002
489,8.5522807534211,"Zhong2025",2002
490,20.1631789253075,"Zhong2025",2002
491,0.145171047802885,"Zhong2025",2002
492,0.512756436773987,"Zhong2025",2002
493,0.355007598609683,"Zhong2025",2002
494,5.13401441893167,"Zhong2025",2002
495,1.93020726436738,"Zhong2025",2002
496,0.24945445788219,"Zhong2025",2002
497,3.63954008179541,"Zhong2025",2002
498,1.08509824047217,"Zhong2025",2002
499,11.9949246267788,"Zhong2025",2002
500,1.00940029577517,"Zhong2025",2002
501,7.54300756424993,"Zhong2025",2002
502,2.04122975869429,"Zhong2025",2002
503,0.778931817654657,"Zhong2025",2002
504,1.34688856478694,"Zhong2025",2002
505,3.12039839976457,"Zhong2025",2002
506,1.31274518270239,"Zhong2025",2002
507,3.56365714490125,"Zhong2025",2002
508,0,"Zhong2025",2002
509,1.7516145446909,"Zhong2025",2002
510,0.340859139765181,"Zhong2025",2002
511,0,"Zhong2025",2002
512,0.141420658763819,"Zhong2025",2002
513,0.334628200592772,"Zhong2025",2002
514,0.330798213847265,"Zhong2025",2002
515,3.59929401167603,"Zhong2025",2002
516,3.57603708254597,"Zhong2025",2002
517,2.16315881948407,"Zhong2025",2002
518,0.00721046254286338,"Zhong2025",2002
519,2.05136898543294,"Zhong2025",2002
520,0.794200305598078,"Zhong2025",2002
521,0.227228857701285,"Zhong2025",2002
522,5.37757339569333,"Zhong2025",2002
523,9.58298206383625,"Zhong2025",2002
524,0.174233050278842,"Zhong2025",2002
525,0.298685170888495,"Zhong2025",2002
526,2.60881415986926,"Zhong2025",2002
527,2.344676547712,"Zhong2025",2002
528,0,"Zhong2025",2002
529,20.4016363125414,"Zhong2025",2002
530,9.85045585065121,"Zhong2025",2002
531,4.87107630702038,"Zhong2025",2002
532,1.56100752557958,"Zhong2025",2002
533,1.00141420165943,"Zhong2025",2002
534,2.20881232331232,"Zhong2025",2002
535,0.582579949954146,"Zhong2025",2002
536,2.08659445717179,"Zhong2025",2002
537,1.75525706466114,"Zhong2025",2002
538,1.71197217901701,"Zhong2025",2002
539,2.29992352139069,"Zhong2025",2002
540,5.14832906210453,"Zhong2025",2002
541,6.78545907215227,"Zhong2025",2002
542,1.39238881994397,"Zhong2025",2002
543,3.33826239559883,"Zhong2025",2002
544,2.80051170309929,"Zhong2025",2002
545,1.4664499059554,"Zhong2025",2002
546,2.13339131771307,"Zhong2025",2002
547,2.08648580028463,"Zhong2025",2002
548,1.92524757010946,"Zhong2025",2002
549,1.2810391716974,"Zhong2025",2002
550,1.51945907899198,"Zhong2025",2002
551,2.43237316558108,"Zhong2025",2002
552,1.35401171924688,"Zhong2025",2002
553,0.835515750892137,"Zhong2025",2002
554,1.82919121647497,"Zhong2025",2002
555,0.386024654830027,"Zhong2025",2002
556,0.832603298834766,"Zhong2025",2002
557,4.31360047537789,"Zhong2025",2002
558,5.41143828144611,"Zhong2025",2002
559,2.5919367327754,"Zhong2025",2002
560,2.0622025279954,"Zhong2025",2002
561,3.74158184999649,"Zhong2025",2002
562,15.1635909653475,"Zhong2025",2002
563,1.76981172805803,"Zhong2025",2002
564,1.5063219504725,"Zhong2025",2002
565,5.76520870655453,"Zhong2025",2002
566,0.995924547639758,"Zhong2025",2002
567,5.99920296155349,"Zhong2025",2002
568,0.473918989634589,"Zhong2025",2002
569,1.80383627119507,"Zhong2025",2002
570,0.268627257979639,"Zhong2025",2002
571,2.94843578993529,"Zhong2025",2002
572,0.873343260472933,"Zhong2025",2002
573,1.37134664490108,"Zhong2025",2002
574,1.25349715506142,"Zhong2025",2002
575,1.08954571926211,"Zhong2025",2002
576,3.75038996484551,"Zhong2025",2002
577,0.498866917112123,"Zhong2025",2002
578,2.48054348012166,"Zhong2025",2002
579,1.03380455481268,"Zhong2025",2002
580,3.97329363694905,"Zhong2025",2002
581,1.75881198010033,"Zhong2025",2002
582,0.344363874724738,"Zhong2025",2002
583,0.278330155099758,"Zhong2025",2002
584,1.14607946761699,"Zhong2025",2002
585,1.04101557942464,"Zhong2025",2002
586,1.12184371470713,"Zhong2025",2002
587,0.713615348021642,"Zhong2025",2002
588,0.191183142443906,"Zhong2025",2002
589,2.87167260297754,"Zhong2025",2002
590,1.44709429303589,"Zhong2025",2002
591,3.33053261549518,"Zhong2025",2002
592,0.490591795906439,"Zhong2025",2002
593,0.19318586484744,"Zhong2025",2002
594,7.01956461226656,"Zhong2025",2002
595,0.9051935905093,"Zhong2025",2002
596,0.150308079011936,"Zhong2025",2002
597,9.34722115113517,"Zhong2025",2002
598,1.18993583434821,"Zhong2025",2002
599,2.60393397883111,"Zhong2025",2002
600,1.46666054181081,"Zhong2025",2002
601,3.96826367940275,"Zhong2025",2002
602,2.04478412697281,"Zhong2025",2002
603,24.0759205851062,"Zhong2025",2002
604,3.12737880459701,"Zhong2025",2002
605,2.23261574267508,"Zhong2025",2002
606,5.2682645844041,"Zhong2025",2002
607,9.49275034862846,"Zhong2025",2002
608,18.8200588941574,"Zhong2025",2002
609,3.9386717510977,"Zhong2025",2002
610,2.01846482477744,"Zhong2025",2002
611,2.34393039524738,"Zhong2025",2002
612,0.356264622377542,"Zhong2025",2002
613,3.44647194133456,"Zhong2025",2002
614,6.54460070955036,"Zhong2025",2002
615,0.52318204115479,"Zhong2025",2002
616,3.32335867922845,"Zhong2025",2002
617,5.49832178024656,"Zhong2025",2002
618,12.5495514206395,"Zhong2025",2002
619,0.44487018976581,"Zhong2025",2002
620,6.78103083318006,"Zhong2025",2002
621,2.47303113617943,"Zhong2025",2002
622,2.10218598338616,"Zhong2025",2002
623,6.9624657674814,"Zhong2025",2002
624,4.54598048690134,"Zhong2025",2002
625,0.485441135695825,"Zhong2025",2002
626,5.33203922296731,"Zhong2025",2002
627,7.82144530894536,"Zhong2025",2002
628,12.1380850729721,"Zhong2025",2002
629,43.8065432442559,"Zhong2025",2002
630,11.9727831508802,"Zhong2025",2002
631,0.694536290568072,"Zhong2025",2002
632,0.0364256056571639,"Zhong2025",2002
633,0.0272092091098224,"Zhong2025",2002
634,1.02532687258735,"Zhong2025",2002
635,0.159677864901575,"Zhong2025",2002
636,2.82289952259731,"Zhong2025",2002
637,0.238381364022212,"Zhong2025",2002
638,27.4514531195164,"Zhong2025",2002
639,2.30716857890929,"Zhong2025",2002
640,0.629753782688701,"Zhong2025",2002
641,1.55960624705847,"Zhong2025",2002
642,1.48313161393974,"Zhong2025",2002
643,1.88383509715398,"Zhong2025",2002
644,0.554177414430749,"Zhong2025",2002
645,1.3783846567475,"Zhong2025",2002
646,7.11366275712556,"Zhong2025",2002
647,0.308661922368293,"Zhong2025",2002
648,1.25068688780821,"Zhong2025",2002
649,6.84106782766489,"Zhong2025",2002
650,3.54690739107721,"Zhong2025",2002
651,0.204478781599599,"Zhong2025",2002
652,3.22706248632808,"Zhong2025",2002
653,1.74033955134419,"Zhong2025",2002
654,11.4975751238051,"Zhong2025",2002
655,0.13043017092493,"Zhong2025",2002
656,1.38871910418579,"Zhong2025",2002
657,5.53127947252876,"Zhong2025",2002
658,3.33464738726616,"Zhong2025",2002
659,5.43075572051011,"Zhong2025",2002
660,0.438681286879075,"Zhong2025",2002
661,8.68796958053304,"Zhong2025",2002
662,3.0569976064062,"Zhong2025",2002
663,2.64421901572496,"Zhong2025",2002
664,0.146433582263333,"Zhong2025",2002
665,0.840244301278713,"Zhong2025",2002
666,1.37691092063876,"Zhong2025",2002
667,0,"Zhong2025",2002
668,1.82773485634152,"Zhong2025",2002
669,1.00774983928523,"Zhong2025",2002
670,0.0865832972862591,"Zhong2025",2002
671,1.62262732075278,"Zhong2025",2002
672,15.4447584141578,"Zhong2025",2002
673,5.6486236720436,"Zhong2025",2002
674,0.91291433861605,"Zhong2025",2002
675,6.05866772091637,"Zhong2025",2002
676,2.68379720602007,"Zhong2025",2002
677,0.413336176063233,"Zhong2025",2002
678,0.957719966493271,"Zhong2025",2002
679,6.68803916975509,"Zhong2025",2002
680,4.17571019363958,"Zhong2025",2002
681,2.41126910952615,"Zhong2025",2002
682,0.989737667486464,"Zhong2025",2002
683,13.8243908997701,"Zhong2025",2002
684,0.671627154269541,"Zhong2025",2002
685,1.54186891534761,"Zhong2025",2002
686,8.20184918816545,"Zhong2025",2002
687,7.17157713190207,"Zhong2025",2002
688,0.792859220472367,"Zhong2025",2002
689,1.30426828106019,"Zhong2025",2002
690,3.30883829493828,"Zhong2025",2002
691,1.40702853126762,"Zhong2025",2002
692,18.5549164613088,"Zhong2025",2002
693,2.89908580945876,"Zhong2025",2002
694,7.11052064214434,"Zhong2025",2002
695,6.02495388754954,"Zhong2025",2002
696,0.207939055275874,"Zhong2025",2002
697,7.46189224921671,"Zhong2025",2002
698,0.812558202346637,"Zhong2025",2002
699,0.297028024126554,"Zhong2025",2002
700,3.20774888109278,"Zhong2025",2002
701,0.262619603322599,"Zhong2025",2002
702,3.90698485357174,"Zhong2025",2002
703,6.41418649578705,"Zhong2025",2002
704,16.2342600902093,"Zhong2025",2002
705,1.81240286333808,"Zhong2025",2002
706,32.763488003465,"Zhong2025",2002
707,5.1614448699568,"Zhong2025",2002
708,6.23568636882636,"Zhong2025",2002
709,0.30355188908428,"Zhong2025",2002
710,6.83073447490583,"Zhong2025",2002
711,0.464806131563021,"Zhong2025",2002
712,8.94270554715274,"Zhong2025",2002
713,1.1697377623708,"Zhong2025",2002
714,2.70691034397701,"Zhong2025",2002
715,0.365254526936941,"Zhong2025",2002
716,0.302173137550633,"Zhong2025",2002
717,1.58543833651284,"Zhong2025",2002
718,2.76194737524246,"Zhong2025",2002
719,1.8087727822403,"Zhong2025",2002
720,0.307428820180038,"Zhong2025",2002
721,2.58406491260617,"Zhong2025",2002
722,5.33957412522851,"Zhong2025",2002
723,11.1996645398783,"Zhong2025",2002
724,0.671458749051975,"Zhong2025",2002
725,5.96745109300555,"Zhong2025",2002
726,0.268000343160866,"Zhong2025",2002
727,0.602322565420316,"Zhong2025",2002
728,2.51298228757588,"Zhong2025",2002
729,0.953783931463812,"Zhong2025",2002
730,6.87686822112177,"Zhong2025",2002
731,0.807459768751869,"Zhong2025",2002
732,10.2244036874128,"Zhong2025",2002
733,1.42509092201973,"Zhong2025",2002
734,0.352825917480957,"Zhong2025",2002
735,0.0549703261391683,"Zhong2025",2002
736,1.98350025074823,"Zhong2025",2002
737,3.78169567266923,"Zhong2025",2002
738,6.45386995792389,"Zhong2025",2002
739,3.04511348406063,"Zhong2025",2002
740,10.7348461945852,"Zhong2025",2002
741,0.0567541941614349,"Zhong2025",2002
742,4.71432258960876,"Zhong2025",2002
743,11.6591987715827,"Zhong2025",2002
744,1.03573302075535,"Zhong2025",2002
745,9.25245208182233,"Zhong2025",2002
746,2.52027602019505,"Zhong2025",2002
747,17.8797698130413,"Zhong2025",2002
748,2.63940013051476,"Zhong2025",2002
749,0.708370785179891,"Zhong2025",2002
750,1.84882087337921,"Zhong2025",2002
751,2.58423355564958,"Zhong2025",2002
752,12.3510353500779,"Zhong2025",2002
753,0.911637706599252,"Zhong2025",2002
754,0.0680191496322895,"Zhong2025",2002
755,5.06524732414373,"Zhong2025",2002
756,3.07524225644247,"Zhong2025",2002
757,0,"Zhong2025",2002
758,0.195910138079382,"Zhong2025",2002
759,0.126218857483998,"Zhong2025",2002
760,0.079129983265001,"Zhong2025",2002
761,12.9875560741799,"Zhong2025",2002
762,15.0190046110819,"Zhong2025",2002
763,13.4831166645837,"Zhong2025",2002
764,11.1093504728847,"Zhong2025",2002
765,1.12922819870267,"Zhong2025",2002
766,5.89975924789906,"Zhong2025",2002
767,13.9379805428641,"Zhong2025",2002
768,0.219259456699844,"Zhong2025",2002
769,16.1904711042132,"Zhong2025",2002
770,48.4960177681663,"Zhong2025",2002
771,0.519527054627095,"Zhong2025",2002
772,9.34831615594717,"Zhong2025",2002
773,1.27143958607278,"Zhong2025",2002
774,1.14180555227547,"Zhong2025",2002
775,9.33828763396312,"Zhong2025",2002
776,9.07599300383736,"Zhong2025",2002
777,6.40537890077583,"Zhong2025",2002
778,13.1686045806986,"Zhong2025",2002
779,51.8976687415172,"Zhong2025",2002
780,6.97248229178889,"Zhong2025",2002
781,19.21875732701,"Zhong2025",2002
782,0,"Zhong2025",2002
783,30.113413756802,"Zhong2025",2002
784,1.53549908863515,"Zhong2025",2002
785,3.15557340119316,"Zhong2025",2002
786,51.2129908169017,"Zhong2025",2002
787,6.5071743590286,"Zhong2025",2002
788,0.651479044580763,"Zhong2025",2002
789,20.0651568922886,"Zhong2025",2002
790,1.22185267447989,"Zhong2025",2002
791,0.926102662651703,"Zhong2025",2002
792,13.7913075431449,"Zhong2025",2002
793,6.33972234051261,"Zhong2025",2002
794,5.59891807824197,"Zhong2025",2002
795,8.2703359331491,"Zhong2025",2002
796,2.93542306216396,"Zhong2025",2002
797,4.15966969132145,"Zhong2025",2002
798,8.53609920615581,"Zhong2025",2002
799,1.25478332730588,"Zhong2025",2002
800,0.08180025807064,"Zhong2025",2002
801,0.486033080740178,"Zhong2025",2002
802,1.07337496979424,"Zhong2025",2002
803,20.7310738359996,"Zhong2025",2002
804,17.3927973210812,"Zhong2025",2002
805,1.97994947323365,"Zhong2025",2002
806,0.398660776232753,"Zhong2025",2002
807,10.6432247632816,"Zhong2025",2002
808,5.19923381804256,"Zhong2025",2002
809,1.26361455834087,"Zhong2025",2002
810,44.0912077678897,"Zhong2025",2002
811,1.76649997237005,"Zhong2025",2002
812,0.303990230415076,"Zhong2025",2002
813,8.25390035903146,"Zhong2025",2002
814,11.2938350141048,"Zhong2025",2002
815,12.9243442575137,"Zhong2025",2002
816,2.82227062148352,"Zhong2025",2002
817,6.55934614817301,"Zhong2025",2002
818,1.044059783989,"Zhong2025",2002
819,2.94559844613546,"Zhong2025",2002
820,0,"Zhong2025",2002
821,8.26622804229123,"Zhong2025",2002
822,0.106886924001379,"Zhong2025",2002
823,3.55858535139884,"Zhong2025",2002
824,3.11515583725932,"Zhong2025",2002
825,0.427244566782725,"Zhong2025",2002
826,5.89778806535261,"Zhong2025",2002
827,2.23619824044457,"Zhong2025",2002
828,6.2033062468068,"Zhong2025",2002
829,9.4160531777602,"Zhong2025",2002
830,18.4009144394486,"Zhong2025",2002
831,19.7078848595315,"Zhong2025",2002
832,1.63792067073071,"Zhong2025",2002
833,0.0617437625884033,"Zhong2025",2002
834,9.47620826297336,"Zhong2025",2002
835,12.6570738090957,"Zhong2025",2002
836,9.3351002523063,"Zhong2025",2002
837,17.2424934667699,"Zhong2025",2002
838,7.35091538508149,"Zhong2025",2002
839,31.9549297720699,"Zhong2025",2002
840,11.1429498300803,"Zhong2025",2002
841,10.429542192015,"Zhong2025",2002
842,3.1487021493389,"Zhong2025",2002
843,3.55828429509057,"Zhong2025",2002
844,8.46479717890421,"Zhong2025",2002
845,26.4430066422571,"Zhong2025",2002
846,3.48188717834974,"Zhong2025",2002
847,15.9121201833089,"Zhong2025",2002
848,35.6019713448696,"Zhong2025",2002
849,14.7750565740797,"Zhong2025",2002
850,3.21125596453404,"Zhong2025",2002
851,9.56522087688031,"Zhong2025",2002
852,37.9084103139242,"Zhong2025",2002
853,0.00403862789665398,"Zhong2025",2002
854,1.11452645780247,"Zhong2025",2002
855,10.6073142730438,"Zhong2025",2002
856,13.8166710171435,"Zhong2025",2002
857,1.9089461432694,"Zhong2025",2002
858,2.32626039845408,"Zhong2025",2002
859,1.18841864854882,"Zhong2025",2002
860,4.98472088187525,"Zhong2025",2002
861,0.0756594363629119,"Zhong2025",2002
862,6.02957629954273,"Zhong2025",2002
863,13.0423340018915,"Zhong2025",2002
864,9.26714581999668,"Zhong2025",2002
865,0.116060969814658,"Zhong2025",2002
866,13.8316767417778,"Zhong2025",2002
867,19.0626710437983,"Zhong2025",2002
868,10.9422236012888,"Zhong2025",2002
869,11.2808490476275,"Zhong2025",2002
870,0.746572802873549,"Zhong2025",2002
871,0.17337443651361,"Zhong2025",2002
872,3.68323495210205,"Zhong2025",2002
873,0,"Zhong2025",2002
874,0.317022181053956,"Zhong2025",2002
875,0.4680811887084,"Zhong2025",2002
876,6.0088956291335,"Zhong2025",2002
877,0.336609292163847,"Zhong2025",2002
878,2.92329714328542,"Zhong2025",2002
879,2.84105893761419,"Zhong2025",2002
880,1.83218187800088,"Zhong2025",2002
881,0.246046428103,"Zhong2025",2002
882,0.846210137365217,"Zhong2025",2002
883,1.6685971633757,"Zhong2025",2002
884,0.554365813606927,"Zhong2025",2002
885,0.788987903458666,"Zhong2025",2002
886,19.9181035024148,"Zhong2025",2002
887,1.2690175299042,"Zhong2025",2002
888,0.292555276679217,"Zhong2025",2002
889,6.66725555744813,"Zhong2025",2002
890,5.44774736236958,"Zhong2025",2002
891,1.25663892858188,"Zhong2025",2002
892,5.397507857135,"Zhong2025",2002
893,2.59725411015528,"Zhong2025",2002
894,0.813200316233076,"Zhong2025",2002
895,0.628519396282075,"Zhong2025",2002
896,12.3704872854825,"Zhong2025",2002
897,2.8506486382109,"Zhong2025",2002
898,0.308416482188776,"Zhong2025",2002
899,0.195698024058122,"Zhong2025",2002
900,0.243162905267056,"Zhong2025",2002
901,25.9322851787914,"Zhong2025",2002
902,0.112057106083177,"Zhong2025",2002
903,1.02575897866992,"Zhong2025",2002
904,0.37613692108678,"Zhong2025",2002
905,0.548392185061119,"Zhong2025",2002
906,0.916582411156171,"Zhong2025",2002
907,0.617242752718992,"Zhong2025",2002
908,0.487503929750964,"Zhong2025",2002
909,22.4870214824868,"Zhong2025",2002
910,14.0168330207439,"Zhong2025",2002
911,4.62717260938786,"Zhong2025",2002
912,0.195548330121751,"Zhong2025",2002
913,0.0512689685618336,"Zhong2025",2002
914,2.07961390819226,"Zhong2025",2002
915,0.266606383136408,"Zhong2025",2002
916,1.84730987856557,"Zhong2025",2002
917,0.0558339993758448,"Zhong2025",2002
918,0.573541621721478,"Zhong2025",2002
919,0.646214489460302,"Zhong2025",2002
920,0.663203250031208,"Zhong2025",2002
921,5.38177673089014,"Zhong2025",2002
922,1.34163389644541,"Zhong2025",2002
923,0.0614403185202199,"Zhong2025",2002
924,0,"Zhong2025",2002
925,0.176593687055342,"Zhong2025",2002
926,0.198230016627528,"Zhong2025",2002
927,0.150303982443715,"Zhong2025",2002
928,0.0658014243924299,"Zhong2025",2002
929,0.0336185260268556,"Zhong2025",2002
930,4.82550930382365,"Zhong2025",2002
931,0.658254736605614,"Zhong2025",2002
932,0.13697008691141,"Zhong2025",2002
933,0,"Zhong2025",2002
934,0.176867566553487,"Zhong2025",2002
935,0.0601935160556568,"Zhong2025",2002
936,0.0108895071225052,"Zhong2025",2002
937,0,"Zhong2025",2002
938,0.0274392534907919,"Zhong2025",2002
939,11.5362720808447,"Zhong2025",2002
940,2.17179715678699,"Zhong2025",2002
941,0.885851924898328,"Zhong2025",2002
942,2.49355398995075,"Zhong2025",2002
943,0.308884479880333,"Zhong2025",2002
944,0.740459483249236,"Zhong2025",2002
945,0.340081967502358,"Zhong2025",2002
946,1.0132706795031,"Zhong2025",2002
947,0.274437876880592,"Zhong2025",2002
948,1.50355616744721,"Zhong2025",2002
949,0.245935434724104,"Zhong2025",2002
950,7.1107935583485,"Zhong2025",2002
951,0.184920983518509,"Zhong2025",2002
952,1.75626185009865,"Zhong2025",2002
953,3.99300659791607,"Zhong2025",2002
954,6.32172368949449,"Zhong2025",2002
955,0.263929579767241,"Zhong2025",2002
956,0.288317789507905,"Zhong2025",2002
957,0.481174957841209,"Zhong2025",2002
958,0.225790222783883,"Zhong2025",2002
959,0.703898670500768,"Zhong2025",2002
960,0.711020653186796,"Zhong2025",2002
961,3.10078365973591,"Zhong2025",2002
962,0.443035935249292,"Zhong2025",2002
963,3.68214275128174,"Zhong2025",2002
964,1.00073783231248,"Zhong2025",2002
965,12.846877584933,"Zhong2025",2002
966,4.21850356776062,"Zhong2025",2002
967,3.25993520793426,"Zhong2025",2002
968,0.0669317303372037,"Zhong2025",2002
969,4.4428308865684,"Zhong2025",2002
970,0.320780798720853,"Zhong2025",2002
971,2.26234833088684,"Zhong2025",2002
972,0.771094217200611,"Zhong2025",2002
973,7.08051255505764,"Zhong2025",2002
974,1.29750479978155,"Zhong2025",2002
975,0.305903900942371,"Zhong2025",2002
976,0.390487473670252,"Zhong2025",2002
977,0.00855492400584248,"Zhong2025",2002
978,1.61603112535177,"Zhong2025",2002
979,17.7301178075829,"Zhong2025",2002
980,5.11255579975831,"Zhong2025",2002
981,9.27660548341621,"Zhong2025",2002
982,0.593126425659588,"Zhong2025",2002
983,1.96877308836316,"Zhong2025",2002
984,0.149051386780209,"Zhong2025",2002
985,1.29647177027474,"Zhong2025",2002
986,0,"Zhong2025",2002
987,0.123704318185909,"Zhong2025",2002
988,0.276873705623386,"Zhong2025",2002
989,0.63978166962506,"Zhong2025",2002
990,1.93925267746394,"Zhong2025",2002
991,0.00196457158207245,"Zhong2025",2002
992,4.4945843594934,"Zhong2025",2002
993,0.574027246726497,"Zhong2025",2002
994,0.496612167849554,"Zhong2025",2002
995,0,"Zhong2025",2002
996,2.99723443673028,"Zhong2025",2002
997,7.2567754977416,"Zhong2025",2002
998,0.508026582666901,"Zhong2025",2002
999,4.01338581885061,"Zhong2025",2002
1000,10.9110605171437,"Zhong2025",2002
1001,0,"Zhong2025",2002
1002,3.06298672637822,"Zhong2025",2002
1003,0,"Zhong2025",2002
1004,1.2227208771027,"Zhong2025",2002
1005,0.219258424502536,"Zhong2025",2002
1006,0,"Zhong2025",2002
1007,0.214380862821303,"Zhong2025",2002
1008,9.82004962267561,"Zhong2025",2002
1009,0.907068550823425,"Zhong2025",2002
1010,0.189172076363327,"Zhong2025",2002
1011,0.258467533208507,"Zhong2025",2002
1012,2.65522384956293,"Zhong2025",2002
1013,0.721552689121488,"Zhong2025",2002
1014,1.9191217509435,"Zhong2025",2002
1015,1.08847496123773,"Zhong2025",2002
1016,3.57563297226667,"Zhong2025",2002
1017,1.31054768878863,"Zhong2025",2002
1018,0.343885835964059,"Zhong2025",2002
1019,0.572467319273523,"Zhong2025",2002
1020,0.178761840204752,"Zhong2025",2002
1021,0.169014597299115,"Zhong2025",2002
1022,7.52271049643854,"Zhong2025",2002
1023,3.60914438743212,"Zhong2025",2002
1024,0,"Zhong2025",2002
1025,12.4269239388663,"Zhong2025",2002
1026,1.83203849262687,"Zhong2025",2002
1027,0.292751759499282,"Zhong2025",2002
1028,0.164615603548194,"Zhong2025",2002
1029,0.710444339798598,"Zhong2025",2002
1030,1.09026362981943,"Zhong2025",2002
1031,0.103319452084412,"Zhong2025",2002
1032,4.78985506296158,"Zhong2025",2002
1033,1.32132865021289,"Zhong2025",2002
1034,1.56502369584141,"Zhong2025",2002
1035,8.2646288192063,"Zhong2025",2002
1036,2.91977263460307,"Zhong2025",2002
1037,0.182454832915041,"Zhong2025",2002
1038,1.07726156369449,"Zhong2025",2002
1039,1.06577095183833,"Zhong2025",2002
1040,0,"Zhong2025",2002
1041,2.07018373265739,"Zhong2025",2002
1042,0.0966385902278701,"Zhong2025",2002
1043,0.00936928187545977,"Zhong2025",2002
1044,0.907238386968759,"Zhong2025",2002
1045,0,"Zhong2025",2002
1046,1.07020247746737,"Zhong2025",2002
1047,1.07555452103722,"Zhong2025",2002
1048,0.234499256222326,"Zhong2025",2002
1049,0.0204042111771899,"Zhong2025",2002
1050,0.428332687843414,"Zhong2025",2002
1051,0.373896844621163,"Zhong2025",2002
1052,0.476380850280255,"Zhong2025",2002
1053,3.60754299519414,"Zhong2025",2002
1054,8.64889712631702,"Zhong2025",2002
1055,0.365571239474099,"Zhong2025",2002
1056,1.2848862680666,"Zhong2025",2002
1057,11.474495799898,"Zhong2025",2002
1058,37.5084797467027,"Zhong2025",2002
1059,0.260719978084412,"Zhong2025",2002
1060,0.000710505952541168,"Zhong2025",2002
1061,10.2340365856289,"Zhong2025",2002
1062,38.9606507783983,"Zhong2025",2002
1063,11.3827453918456,"Zhong2025",2002
1064,0.24380964880648,"Zhong2025",2002
1065,2.66951131567484,"Zhong2025",2002
1066,1.30659400293302,"Zhong2025",2002
1067,0.631272977111259,"Zhong2025",2002
1068,1.73410153466352,"Zhong2025",2002
1069,0.135471560214875,"Zhong2025",2002
1070,1.74469388255575,"Zhong2025",2002
1071,9.17342681476268,"Zhong2025",2002
1072,1.36250552479868,"Zhong2025",2002
1073,0.562207747058705,"Zhong2025",2002
1074,5.85137517239971,"Zhong2025",2002
1075,0.800112199672673,"Zhong2025",2002
1076,1.36444740738768,"Zhong2025",2002
1077,0.307112655444464,"Zhong2025",2002
1078,16.5964754830236,"Zhong2025",2002
1079,3.50983406041522,"Zhong2025",2002
1080,19.8782324697457,"Zhong2025",2002
1081,7.64695460350948,"Zhong2025",2002
1082,7.06792461360136,"Zhong2025",2002
1083,1.45390878036095,"Zhong2025",2002
1084,5.60153859614378,"Zhong2025",2002
1085,4.72850204830971,"Zhong2025",2002
1086,4.74914541997311,"Zhong2025",2002
1087,7.99193586876579,"Zhong2025",2002
1088,16.5059261771868,"Zhong2025",2002
1089,0.142250611627596,"Zhong2025",2002
1090,0.700026018281899,"Zhong2025",2002
1091,1.01610323782949,"Zhong2025",2002
1092,5.21593073430196,"Zhong2025",2002
1093,5.8673712651947,"Zhong2025",2002
1094,0.150359932405301,"Zhong2025",2002
1095,4.01041480247767,"Zhong2025",2002
1096,15.922471539144,"Zhong2025",2002
1097,0.062491059343809,"Zhong2025",2002
1098,0.0250039921036642,"Zhong2025",2002
1099,1.04948419397986,"Zhong2025",2002
1100,9.10374260679035,"Zhong2025",2002
1101,0.635224615720335,"Zhong2025",2002
1102,4.29845140046449,"Zhong2025",2002
1103,0.0586059392536974,"Zhong2025",2002
1104,7.47128536467262,"Zhong2025",2002
1105,2.00531355790064,"Zhong2025",2002
1106,2.88810563960246,"Zhong2025",2002
1107,1.38265366040427,"Zhong2025",2002
1108,0.59234137588442,"Zhong2025",2002
1109,2.91591437816905,"Zhong2025",2002
1110,1.54855610421999,"Zhong2025",2002
1111,3.51271998781374,"Zhong2025",2002
1112,26.9132058214258,"Zhong2025",2002
1113,33.1896595835087,"Zhong2025",2002
1114,53.5655659493946,"Zhong2025",2002
1115,28.3885297356071,"Zhong2025",2002
1116,39.8989959564884,"Zhong2025",2002
1117,18.4571038136115,"Zhong2025",2002
1118,28.9363917377916,"Zhong2025",2002
1119,1.51789754896114,"Zhong2025",2002
1120,6.69572388568782,"Zhong2025",2002
1121,53.1027680635452,"Zhong2025",2002
1122,50.8179051248651,"Zhong2025",2002
1,1.36923880868171,"Zhong2025",2003
2,0,"Zhong2025",2003
3,0.10300724929103,"Zhong2025",2003
4,0.300097969838354,"Zhong2025",2003
5,0.142247340792922,"Zhong2025",2003
6,0.0820936801417359,"Zhong2025",2003
7,0,"Zhong2025",2003
8,0.028733059779176,"Zhong2025",2003
9,0.0456849431819935,"Zhong2025",2003
10,0.0695554549495379,"Zhong2025",2003
11,0.0124356749622157,"Zhong2025",2003
12,0.0224563544157875,"Zhong2025",2003
13,0.00571990390315558,"Zhong2025",2003
14,0,"Zhong2025",2003
15,0.431651019784207,"Zhong2025",2003
16,0.0605571442277261,"Zhong2025",2003
17,15.2196030350402,"Zhong2025",2003
18,0.387968276957831,"Zhong2025",2003
19,0.0205059365765883,"Zhong2025",2003
20,0.296797830167364,"Zhong2025",2003
21,0.551197975480399,"Zhong2025",2003
22,1.71921911877912,"Zhong2025",2003
23,2.83923043536427,"Zhong2025",2003
24,2.38574012561127,"Zhong2025",2003
25,4.10461842030921,"Zhong2025",2003
26,3.73802817991406,"Zhong2025",2003
27,2.86686550699553,"Zhong2025",2003
28,12.5679362646424,"Zhong2025",2003
29,0.127947038886596,"Zhong2025",2003
30,0,"Zhong2025",2003
31,0.601048285226253,"Zhong2025",2003
32,0.135877535926452,"Zhong2025",2003
33,0.406711810262109,"Zhong2025",2003
34,9.58938021042625,"Zhong2025",2003
35,1.10173891403813,"Zhong2025",2003
36,9.45627907160166,"Zhong2025",2003
37,0.0929205601289271,"Zhong2025",2003
38,0.640352360701704,"Zhong2025",2003
39,0.320151089754162,"Zhong2025",2003
40,13.9722200156042,"Zhong2025",2003
41,20.4230765556467,"Zhong2025",2003
42,0.574709497538973,"Zhong2025",2003
43,1.29048137372186,"Zhong2025",2003
44,0.171036041090818,"Zhong2025",2003
45,8.03099175565529,"Zhong2025",2003
46,0,"Zhong2025",2003
47,1.72518926114333,"Zhong2025",2003
48,1.11939195715105,"Zhong2025",2003
49,2.23553415053768,"Zhong2025",2003
50,0.242582678788348,"Zhong2025",2003
51,8.2946175367925,"Zhong2025",2003
52,0.541514346761249,"Zhong2025",2003
53,1.32407864063697,"Zhong2025",2003
54,0.269852896198552,"Zhong2025",2003
55,0.0707994334853359,"Zhong2025",2003
56,0,"Zhong2025",2003
57,0,"Zhong2025",2003
58,15.7612673725401,"Zhong2025",2003
59,38.6566686413227,"Zhong2025",2003
60,15.0258553439173,"Zhong2025",2003
61,7.06574124290903,"Zhong2025",2003
62,3.33347962373181,"Zhong2025",2003
63,5.94277862270351,"Zhong2025",2003
64,7.26684503611807,"Zhong2025",2003
65,8.7287304372774,"Zhong2025",2003
66,3.02228385916899,"Zhong2025",2003
67,26.4177597687854,"Zhong2025",2003
68,18.1150865354611,"Zhong2025",2003
69,2.89281112156952,"Zhong2025",2003
70,2.22925670971473,"Zhong2025",2003
71,9.74025820375791,"Zhong2025",2003
72,3.39648908090482,"Zhong2025",2003
73,6.85274371097524,"Zhong2025",2003
74,5.83694772097547,"Zhong2025",2003
75,13.2294081488076,"Zhong2025",2003
76,13.9970165546124,"Zhong2025",2003
77,7.40753225846724,"Zhong2025",2003
78,17.6096253749036,"Zhong2025",2003
79,9.05445169304968,"Zhong2025",2003
80,10.9652116690596,"Zhong2025",2003
81,6.90659519563211,"Zhong2025",2003
82,11.3285337588009,"Zhong2025",2003
83,10.1912962830177,"Zhong2025",2003
84,3.60811149545981,"Zhong2025",2003
85,6.92694231155231,"Zhong2025",2003
86,4.53524941418935,"Zhong2025",2003
87,6.21502342397159,"Zhong2025",2003
88,13.9883673667908,"Zhong2025",2003
89,2.63314940871776,"Zhong2025",2003
90,9.88855406015861,"Zhong2025",2003
91,8.55370618969376,"Zhong2025",2003
92,34.489175019144,"Zhong2025",2003
93,9.10021415973053,"Zhong2025",2003
94,5.03046477618192,"Zhong2025",2003
95,14.8265694145143,"Zhong2025",2003
96,10.7415652097396,"Zhong2025",2003
97,10.0528578928288,"Zhong2025",2003
98,1.60884382917985,"Zhong2025",2003
99,6.20027617244149,"Zhong2025",2003
100,1.17087406552373,"Zhong2025",2003
101,1.16906734900337,"Zhong2025",2003
102,4.07963437236407,"Zhong2025",2003
103,1.34114727466199,"Zhong2025",2003
104,5.36882972705996,"Zhong2025",2003
105,0.235504156721013,"Zhong2025",2003
106,3.51074161500338,"Zhong2025",2003
107,0.618305578374036,"Zhong2025",2003
108,0.865754095025552,"Zhong2025",2003
109,0.172817951937219,"Zhong2025",2003
110,0.394172018941901,"Zhong2025",2003
111,0.531128027366847,"Zhong2025",2003
112,0.0457682962910206,"Zhong2025",2003
113,0.0269716066913113,"Zhong2025",2003
114,7.21762236378023,"Zhong2025",2003
115,2.02290872330703,"Zhong2025",2003
116,1.33364101359976,"Zhong2025",2003
117,0.955924071248893,"Zhong2025",2003
118,4.24179030546676,"Zhong2025",2003
119,2.13950691278442,"Zhong2025",2003
120,2.99431123332888,"Zhong2025",2003
121,0.86993575236086,"Zhong2025",2003
122,0.0876779814270583,"Zhong2025",2003
123,8.55072117153117,"Zhong2025",2003
124,1.04686825431399,"Zhong2025",2003
125,3.44892041718647,"Zhong2025",2003
126,6.06766867902544,"Zhong2025",2003
127,1.19071689097187,"Zhong2025",2003
128,6.98304509539945,"Zhong2025",2003
129,6.51498306103242,"Zhong2025",2003
130,7.65590219228514,"Zhong2025",2003
131,11.8816540766571,"Zhong2025",2003
132,3.80517570454984,"Zhong2025",2003
133,4.61269738717425,"Zhong2025",2003
134,2.95483474300967,"Zhong2025",2003
135,1.2017422008397,"Zhong2025",2003
136,6.60940316816171,"Zhong2025",2003
137,7.38935793876648,"Zhong2025",2003
138,2.06914535494378,"Zhong2025",2003
139,3.0296767344851,"Zhong2025",2003
140,2.05812517952052,"Zhong2025",2003
141,2.9709307515765,"Zhong2025",2003
142,5.18363747953268,"Zhong2025",2003
143,0.563771766668186,"Zhong2025",2003
144,0.543193514339216,"Zhong2025",2003
145,6.32299469886555,"Zhong2025",2003
146,1.86421984793631,"Zhong2025",2003
147,4.54311781345266,"Zhong2025",2003
148,0.126978301256261,"Zhong2025",2003
149,2.53077603390522,"Zhong2025",2003
150,4.26923759101794,"Zhong2025",2003
151,1.39640142394654,"Zhong2025",2003
152,0.591652206671627,"Zhong2025",2003
153,4.93647178891533,"Zhong2025",2003
154,6.31435476320175,"Zhong2025",2003
155,3.3634712998101,"Zhong2025",2003
156,0.0752622084284667,"Zhong2025",2003
157,7.7713081020241,"Zhong2025",2003
158,2.65466153012479,"Zhong2025",2003
159,3.8554451847556,"Zhong2025",2003
160,1.88489750447856,"Zhong2025",2003
161,0.949329944335267,"Zhong2025",2003
162,0,"Zhong2025",2003
163,0.179596981343556,"Zhong2025",2003
164,0.475471870146663,"Zhong2025",2003
165,0.123265309420219,"Zhong2025",2003
166,0.00742151150417962,"Zhong2025",2003
167,0.108058883734827,"Zhong2025",2003
168,0.0158891076293476,"Zhong2025",2003
169,0.0032360224297709,"Zhong2025",2003
170,0,"Zhong2025",2003
171,0,"Zhong2025",2003
172,0,"Zhong2025",2003
173,0.068470836258301,"Zhong2025",2003
174,0,"Zhong2025",2003
175,0,"Zhong2025",2003
176,0.00353003404348995,"Zhong2025",2003
177,0.0279773784452953,"Zhong2025",2003
178,0,"Zhong2025",2003
179,0,"Zhong2025",2003
180,0.0288951103257259,"Zhong2025",2003
181,0.00478595892284703,"Zhong2025",2003
182,0,"Zhong2025",2003
183,0,"Zhong2025",2003
184,0,"Zhong2025",2003
185,0,"Zhong2025",2003
186,0.0127600743334985,"Zhong2025",2003
187,0.152630888740048,"Zhong2025",2003
188,0.00661961275325771,"Zhong2025",2003
189,0.00172814381616285,"Zhong2025",2003
190,8.24889284232613,"Zhong2025",2003
191,13.4927160509128,"Zhong2025",2003
192,0.0132679311592677,"Zhong2025",2003
193,0,"Zhong2025",2003
194,0.747547523617892,"Zhong2025",2003
195,1.84157798738244,"Zhong2025",2003
196,0.49485967517991,"Zhong2025",2003
197,0.32217298952406,"Zhong2025",2003
198,0.478922122573941,"Zhong2025",2003
199,0.636360104065485,"Zhong2025",2003
200,0.463153131844661,"Zhong2025",2003
201,0,"Zhong2025",2003
202,0.418662837760031,"Zhong2025",2003
203,0,"Zhong2025",2003
204,4.99259102970647,"Zhong2025",2003
205,0.337582213358938,"Zhong2025",2003
206,1.1824653228967,"Zhong2025",2003
207,0.0337756364362253,"Zhong2025",2003
208,0.0827510352665928,"Zhong2025",2003
209,0.141535718323845,"Zhong2025",2003
210,0.00270256533380296,"Zhong2025",2003
211,0,"Zhong2025",2003
212,0,"Zhong2025",2003
213,0,"Zhong2025",2003
214,0,"Zhong2025",2003
215,0,"Zhong2025",2003
216,0,"Zhong2025",2003
217,0.000462649056686773,"Zhong2025",2003
218,0,"Zhong2025",2003
219,0,"Zhong2025",2003
220,0.0148456475984994,"Zhong2025",2003
221,0,"Zhong2025",2003
222,0,"Zhong2025",2003
223,0,"Zhong2025",2003
224,0,"Zhong2025",2003
225,0.000821656991330709,"Zhong2025",2003
226,0.0601549583451564,"Zhong2025",2003
227,0.00701833961463718,"Zhong2025",2003
228,0.00718234158534295,"Zhong2025",2003
229,0.00264806603596552,"Zhong2025",2003
230,20.5832033895532,"Zhong2025",2003
231,2.77234628267459,"Zhong2025",2003
232,5.27775079719102,"Zhong2025",2003
233,0.232640791855448,"Zhong2025",2003
234,6.37747697622368,"Zhong2025",2003
235,10.1198790338304,"Zhong2025",2003
236,4.90824252649103,"Zhong2025",2003
237,4.68584419480495,"Zhong2025",2003
238,5.02245406351406,"Zhong2025",2003
239,3.93334754196798,"Zhong2025",2003
240,16.3433739595246,"Zhong2025",2003
241,8.97029750630007,"Zhong2025",2003
242,3.48802029946819,"Zhong2025",2003
243,10.4400845863524,"Zhong2025",2003
244,2.02792683712074,"Zhong2025",2003
245,10.5122226935167,"Zhong2025",2003
246,5.62923003658807,"Zhong2025",2003
247,1.05115768207742,"Zhong2025",2003
248,11.4432837215718,"Zhong2025",2003
249,8.66574670987971,"Zhong2025",2003
250,0.586660938053399,"Zhong2025",2003
251,1.93732076708892,"Zhong2025",2003
252,10.1067314769911,"Zhong2025",2003
253,1.7704721458682,"Zhong2025",2003
254,16.7015271429288,"Zhong2025",2003
255,2.33145155349396,"Zhong2025",2003
256,5.48108655509953,"Zhong2025",2003
257,33.3396656261227,"Zhong2025",2003
258,7.88359982468361,"Zhong2025",2003
259,16.5243802741796,"Zhong2025",2003
260,30.0820807615916,"Zhong2025",2003
261,4.77922068255883,"Zhong2025",2003
262,12.881592256833,"Zhong2025",2003
263,1.38080909373868,"Zhong2025",2003
264,16.083447718102,"Zhong2025",2003
265,13.3037715139268,"Zhong2025",2003
266,1.91995229044786,"Zhong2025",2003
267,17.2954434948368,"Zhong2025",2003
268,4.48818731417459,"Zhong2025",2003
269,22.9310216608003,"Zhong2025",2003
270,5.00985547323381,"Zhong2025",2003
271,11.6284916136,"Zhong2025",2003
272,8.80727248076112,"Zhong2025",2003
273,47.9867705769009,"Zhong2025",2003
274,8.41758541860313,"Zhong2025",2003
275,6.56789502838492,"Zhong2025",2003
276,16.3132458574632,"Zhong2025",2003
277,12.5541754869314,"Zhong2025",2003
278,0.661852051903901,"Zhong2025",2003
279,0.252543562642165,"Zhong2025",2003
280,10.0001702370315,"Zhong2025",2003
281,7.38907266588282,"Zhong2025",2003
282,5.87648424941419,"Zhong2025",2003
283,47.5221943771209,"Zhong2025",2003
284,6.29324072204366,"Zhong2025",2003
285,0.139347622596522,"Zhong2025",2003
286,0.224460109149416,"Zhong2025",2003
287,0.439265072715101,"Zhong2025",2003
288,0.994915674300694,"Zhong2025",2003
289,2.7354455300665,"Zhong2025",2003
290,40.2443133190179,"Zhong2025",2003
291,0.851146582042589,"Zhong2025",2003
292,18.1414442716106,"Zhong2025",2003
293,4.69181506399415,"Zhong2025",2003
294,0.731935554271331,"Zhong2025",2003
295,0.307458685813472,"Zhong2025",2003
296,0.273984866174764,"Zhong2025",2003
297,2.26364239165897,"Zhong2025",2003
298,0.355145507640262,"Zhong2025",2003
299,1.41398718657301,"Zhong2025",2003
300,15.3720732969396,"Zhong2025",2003
301,3.49765760184459,"Zhong2025",2003
302,0.789330613304422,"Zhong2025",2003
303,21.32911219928,"Zhong2025",2003
304,1.38438829187763,"Zhong2025",2003
305,0.107686768985166,"Zhong2025",2003
306,2.40117410803432,"Zhong2025",2003
307,0.980509160541222,"Zhong2025",2003
308,1.5393988980597,"Zhong2025",2003
309,0.785511510396243,"Zhong2025",2003
310,3.12742918865212,"Zhong2025",2003
311,0.637742309896007,"Zhong2025",2003
312,5.57257379584014,"Zhong2025",2003
313,0.782432748308449,"Zhong2025",2003
314,4.87056717106989,"Zhong2025",2003
315,0.267853319527932,"Zhong2025",2003
316,0.292495359643609,"Zhong2025",2003
317,1.13609849433879,"Zhong2025",2003
318,0.420268553245159,"Zhong2025",2003
319,6.45997343987426,"Zhong2025",2003
320,3.27671849274635,"Zhong2025",2003
321,0.504708514976167,"Zhong2025",2003
322,5.18640462781636,"Zhong2025",2003
323,5.38525952523614,"Zhong2025",2003
324,1.23548804880681,"Zhong2025",2003
325,0.580197689859535,"Zhong2025",2003
326,17.7435604856255,"Zhong2025",2003
327,3.47719482399063,"Zhong2025",2003
328,2.07615540919487,"Zhong2025",2003
329,9.04447391716022,"Zhong2025",2003
330,0.294387163537921,"Zhong2025",2003
331,7.5551049657235,"Zhong2025",2003
332,41.8507741093636,"Zhong2025",2003
333,2.48245396155731,"Zhong2025",2003
334,0.488529706399272,"Zhong2025",2003
335,5.68339580147205,"Zhong2025",2003
336,9.26604341986817,"Zhong2025",2003
337,44.7334595722939,"Zhong2025",2003
338,3.34605582670082,"Zhong2025",2003
339,1.76677653804351,"Zhong2025",2003
340,3.39407890889561,"Zhong2025",2003
341,11.4106424277027,"Zhong2025",2003
342,1.60598432706716,"Zhong2025",2003
343,1.67433082693459,"Zhong2025",2003
344,2.28394641588994,"Zhong2025",2003
345,9.5261723538251,"Zhong2025",2003
346,3.60813449737099,"Zhong2025",2003
347,4.00728526380327,"Zhong2025",2003
348,0.637655081848303,"Zhong2025",2003
349,0.622747056192278,"Zhong2025",2003
350,0.79422883482443,"Zhong2025",2003
351,20.6438019871712,"Zhong2025",2003
352,0.303098843455243,"Zhong2025",2003
353,9.08792393747717,"Zhong2025",2003
354,1.26457881880403,"Zhong2025",2003
355,4.67610861059867,"Zhong2025",2003
356,0.561330228548042,"Zhong2025",2003
357,11.17872978803,"Zhong2025",2003
358,0.466868953104648,"Zhong2025",2003
359,0.520264247003043,"Zhong2025",2003
360,1.48340721792645,"Zhong2025",2003
361,11.012449853773,"Zhong2025",2003
362,0.345327131804966,"Zhong2025",2003
363,1.66136685316428,"Zhong2025",2003
364,0.605370940568621,"Zhong2025",2003
365,1.6962409074403,"Zhong2025",2003
366,0.459332996007976,"Zhong2025",2003
367,48.0855995049843,"Zhong2025",2003
368,17.4657812852572,"Zhong2025",2003
369,0.558306110874755,"Zhong2025",2003
370,4.16125576271639,"Zhong2025",2003
371,2.96188754698813,"Zhong2025",2003
372,1.06764375537918,"Zhong2025",2003
373,6.4668699044146,"Zhong2025",2003
374,0.0277280700078522,"Zhong2025",2003
375,13.4028569196141,"Zhong2025",2003
376,4.20721363798301,"Zhong2025",2003
377,0.291638142650634,"Zhong2025",2003
378,0.298161904430895,"Zhong2025",2003
379,0.862839788845378,"Zhong2025",2003
380,0.0796846334722691,"Zhong2025",2003
381,9.96941472403705,"Zhong2025",2003
382,25.6147467403089,"Zhong2025",2003
383,0.774354210109622,"Zhong2025",2003
384,1.02333767904758,"Zhong2025",2003
385,12.5467812477357,"Zhong2025",2003
386,9.81973915664773,"Zhong2025",2003
387,30.8454679083611,"Zhong2025",2003
388,3.83981131173879,"Zhong2025",2003
389,3.2594318193694,"Zhong2025",2003
390,62.8448825836182,"Zhong2025",2003
391,4.66387066800916,"Zhong2025",2003
392,10.9373055570874,"Zhong2025",2003
393,7.12961230587162,"Zhong2025",2003
394,28.8936907177322,"Zhong2025",2003
395,4.49211125371475,"Zhong2025",2003
396,2.16303859826396,"Zhong2025",2003
397,2.23316035218222,"Zhong2025",2003
398,37.290190783414,"Zhong2025",2003
399,0.123375789698771,"Zhong2025",2003
400,0.267376389590994,"Zhong2025",2003
401,0.0925936001242028,"Zhong2025",2003
402,0.233905559334044,"Zhong2025",2003
403,0,"Zhong2025",2003
404,0.00143966880997159,"Zhong2025",2003
405,6.28621417848792,"Zhong2025",2003
406,0.00977307364167316,"Zhong2025",2003
407,0.477781826798723,"Zhong2025",2003
408,0.177338685944457,"Zhong2025",2003
409,0,"Zhong2025",2003
410,0.0457906445227058,"Zhong2025",2003
411,0,"Zhong2025",2003
412,0.126752927897379,"Zhong2025",2003
413,0,"Zhong2025",2003
414,0.000989510568848254,"Zhong2025",2003
415,0,"Zhong2025",2003
416,0,"Zhong2025",2003
417,0.109601809490811,"Zhong2025",2003
418,0.232007546150521,"Zhong2025",2003
419,0.165929335812601,"Zhong2025",2003
420,0,"Zhong2025",2003
421,0.16619918207105,"Zhong2025",2003
422,0,"Zhong2025",2003
423,0,"Zhong2025",2003
424,0,"Zhong2025",2003
425,0,"Zhong2025",2003
426,0.0878317664023946,"Zhong2025",2003
427,0,"Zhong2025",2003
428,0,"Zhong2025",2003
429,0.245160889723116,"Zhong2025",2003
430,0.194962074807579,"Zhong2025",2003
431,0.0129263770971954,"Zhong2025",2003
432,0,"Zhong2025",2003
433,0.0964182240481408,"Zhong2025",2003
434,0.0358831122047116,"Zhong2025",2003
435,0.010092969342906,"Zhong2025",2003
436,0.357390926579899,"Zhong2025",2003
437,3.47476691184392,"Zhong2025",2003
438,0.515362106379547,"Zhong2025",2003
439,1.28347050464544,"Zhong2025",2003
440,0.457229157538889,"Zhong2025",2003
441,14.4813770864197,"Zhong2025",2003
442,2.39596831822919,"Zhong2025",2003
443,5.00492896852231,"Zhong2025",2003
444,5.28045566345168,"Zhong2025",2003
445,7.24536957929009,"Zhong2025",2003
446,2.34248037822545,"Zhong2025",2003
447,4.68385209517872,"Zhong2025",2003
448,0.710074526236455,"Zhong2025",2003
449,5.59378029600237,"Zhong2025",2003
450,3.03209295303213,"Zhong2025",2003
451,2.14675490977204,"Zhong2025",2003
452,1.03381398272749,"Zhong2025",2003
453,0.39792652449938,"Zhong2025",2003
454,7.28565686988452,"Zhong2025",2003
455,5.35751729152174,"Zhong2025",2003
456,9.66963427175175,"Zhong2025",2003
457,9.14252542368543,"Zhong2025",2003
458,3.48191464865314,"Zhong2025",2003
459,3.25713830085436,"Zhong2025",2003
460,0.912703733948455,"Zhong2025",2003
461,4.41456811660539,"Zhong2025",2003
462,9.67436811430701,"Zhong2025",2003
463,0.962330586073162,"Zhong2025",2003
464,1.85338688734905,"Zhong2025",2003
465,0.72574536363978,"Zhong2025",2003
466,0.438338683810947,"Zhong2025",2003
467,57.1314641208184,"Zhong2025",2003
468,23.5347430651425,"Zhong2025",2003
469,10.7067699006626,"Zhong2025",2003
470,7.43145711223284,"Zhong2025",2003
471,31.9856063116164,"Zhong2025",2003
472,6.80302106133278,"Zhong2025",2003
473,7.25735946186275,"Zhong2025",2003
474,34.9164039813555,"Zhong2025",2003
475,3.56879561399333,"Zhong2025",2003
476,13.0434672888749,"Zhong2025",2003
477,1.79861952071148,"Zhong2025",2003
478,15.8284616225805,"Zhong2025",2003
479,6.75086356908066,"Zhong2025",2003
480,39.3565798568726,"Zhong2025",2003
481,3.71038450797196,"Zhong2025",2003
482,33.5059045426389,"Zhong2025",2003
483,10.658527328472,"Zhong2025",2003
484,4.9776299816013,"Zhong2025",2003
485,19.8629666770644,"Zhong2025",2003
486,54.6573189955491,"Zhong2025",2003
487,11.268964158992,"Zhong2025",2003
488,11.541647314414,"Zhong2025",2003
489,8.67684704489791,"Zhong2025",2003
490,20.2326033969602,"Zhong2025",2003
491,0.142246526787039,"Zhong2025",2003
492,0.335359312767475,"Zhong2025",2003
493,0.3504759350278,"Zhong2025",2003
494,5.20907027046293,"Zhong2025",2003
495,2.05917237556373,"Zhong2025",2003
496,0.236966838742968,"Zhong2025",2003
497,3.66139561776394,"Zhong2025",2003
498,1.08699893564791,"Zhong2025",2003
499,12.0088513591197,"Zhong2025",2003
500,1.0403301997159,"Zhong2025",2003
501,7.65938184254772,"Zhong2025",2003
502,2.07361432492029,"Zhong2025",2003
503,0.783027355128804,"Zhong2025",2003
504,1.32073349197027,"Zhong2025",2003
505,3.09656951662393,"Zhong2025",2003
506,1.31965459415133,"Zhong2025",2003
507,3.58359234820593,"Zhong2025",2003
508,0,"Zhong2025",2003
509,1.7551226612102,"Zhong2025",2003
510,0.343706369194939,"Zhong2025",2003
511,0.0119926747074034,"Zhong2025",2003
512,0.143320083781117,"Zhong2025",2003
513,0.323766686138094,"Zhong2025",2003
514,0.334096481969426,"Zhong2025",2003
515,3.62668095702349,"Zhong2025",2003
516,3.47253385546448,"Zhong2025",2003
517,2.17608939854839,"Zhong2025",2003
518,0.00721046254286338,"Zhong2025",2003
519,2.06256779162843,"Zhong2025",2003
520,0.800791903365388,"Zhong2025",2003
521,0.224734497967404,"Zhong2025",2003
522,5.55985733059888,"Zhong2025",2003
523,9.70247771659512,"Zhong2025",2003
524,0.176068382243482,"Zhong2025",2003
525,0.285116196773341,"Zhong2025",2003
526,2.58996626059755,"Zhong2025",2003
527,2.35462120737683,"Zhong2025",2003
528,0,"Zhong2025",2003
529,20.3962313687965,"Zhong2025",2003
530,9.88170592426739,"Zhong2025",2003
531,5.03825958175711,"Zhong2025",2003
532,1.59221468481596,"Zhong2025",2003
533,1.03055321198686,"Zhong2025",2003
534,2.24472523153963,"Zhong2025",2003
535,0.587955127338616,"Zhong2025",2003
536,2.11096150389549,"Zhong2025",2003
537,1.78625651264046,"Zhong2025",2003
538,1.75712954018155,"Zhong2025",2003
539,2.34431648630616,"Zhong2025",2003
540,5.30906353321585,"Zhong2025",2003
541,6.78545907215227,"Zhong2025",2003
542,1.4263508819924,"Zhong2025",2003
543,3.52318769782559,"Zhong2025",2003
544,2.91210275954784,"Zhong2025",2003
545,1.50393769287967,"Zhong2025",2003
546,2.20399259455761,"Zhong2025",2003
547,2.10217633916357,"Zhong2025",2003
548,1.94705772338108,"Zhong2025",2003
549,1.48121200080445,"Zhong2025",2003
550,1.57864998019469,"Zhong2025",2003
551,2.55163289926893,"Zhong2025",2003
552,1.4183431341265,"Zhong2025",2003
553,0.877157311849065,"Zhong2025",2003
554,1.9363142442762,"Zhong2025",2003
555,0.388657391277499,"Zhong2025",2003
556,0.817156775716996,"Zhong2025",2003
557,4.39301349426827,"Zhong2025",2003
558,5.65769079314347,"Zhong2025",2003
559,2.73980225365432,"Zhong2025",2003
560,2.1902670091913,"Zhong2025",2003
561,3.77744926122028,"Zhong2025",2003
562,15.3664346703996,"Zhong2025",2003
563,2.33974272035868,"Zhong2025",2003
564,1.75882898325178,"Zhong2025",2003
565,5.92177766123988,"Zhong2025",2003
566,1.02780102673836,"Zhong2025",2003
567,6.16166533047251,"Zhong2025",2003
568,0.483418424904781,"Zhong2025",2003
569,1.86058515385941,"Zhong2025",2003
570,0.270348218552089,"Zhong2025",2003
571,2.9364384901146,"Zhong2025",2003
572,0.896812369063515,"Zhong2025",2003
573,1.4114356893357,"Zhong2025",2003
574,1.29030144974926,"Zhong2025",2003
575,1.0886347858878,"Zhong2025",2003
576,4.01455001037828,"Zhong2025",2003
577,0.512477540662364,"Zhong2025",2003
578,2.45600959638275,"Zhong2025",2003
579,1.20297048422349,"Zhong2025",2003
580,3.99376486300992,"Zhong2025",2003
581,1.77967363784404,"Zhong2025",2003
582,0.348098385375622,"Zhong2025",2003
583,0.287203618698874,"Zhong2025",2003
584,1.16359104865304,"Zhong2025",2003
585,1.0559826833223,"Zhong2025",2003
586,1.14057710493304,"Zhong2025",2003
587,0.767524988912455,"Zhong2025",2003
588,0.209206291540217,"Zhong2025",2003
589,3.08081687348818,"Zhong2025",2003
590,1.45674286321129,"Zhong2025",2003
591,3.33254078829783,"Zhong2025",2003
592,0.477293476275036,"Zhong2025",2003
593,0.200420394138648,"Zhong2025",2003
594,7.09917321112169,"Zhong2025",2003
595,0.936063146886935,"Zhong2025",2003
596,0.179206671079304,"Zhong2025",2003
597,9.45603445969021,"Zhong2025",2003
598,1.20311288152457,"Zhong2025",2003
599,2.69319826637423,"Zhong2025",2003
600,1.47844989939554,"Zhong2025",2003
601,4.07187857024712,"Zhong2025",2003
602,2.00627317323461,"Zhong2025",2003
603,24.0831397110018,"Zhong2025",2003
604,3.13997276166296,"Zhong2025",2003
605,2.15073385475773,"Zhong2025",2003
606,5.168141213842,"Zhong2025",2003
607,9.50078475227784,"Zhong2025",2003
608,18.8204916636149,"Zhong2025",2003
609,3.90855825341296,"Zhong2025",2003
610,2.00862483200327,"Zhong2025",2003
611,2.38272465502499,"Zhong2025",2003
612,0.350824211219636,"Zhong2025",2003
613,3.44682160829123,"Zhong2025",2003
614,6.50922653015276,"Zhong2025",2003
615,0.49131352927185,"Zhong2025",2003
616,3.49160342597113,"Zhong2025",2003
617,5.57728227183385,"Zhong2025",2003
618,12.5495514206395,"Zhong2025",2003
619,0.459337894369394,"Zhong2025",2003
620,6.83681443100535,"Zhong2025",2003
621,2.46054336409422,"Zhong2025",2003
622,2.1924899608474,"Zhong2025",2003
623,7.10343599641777,"Zhong2025",2003
624,4.57864348430063,"Zhong2025",2003
625,0.453866841255998,"Zhong2025",2003
626,5.35974073371993,"Zhong2025",2003
627,7.83171258431094,"Zhong2025",2003
628,12.2286075935826,"Zhong2025",2003
629,43.8065432442559,"Zhong2025",2003
630,11.9727831508802,"Zhong2025",2003
631,0.705793240922331,"Zhong2025",2003
632,0.0276447825420361,"Zhong2025",2003
633,0.0273957007398752,"Zhong2025",2003
634,1.06907190349271,"Zhong2025",2003
635,0.162383011100303,"Zhong2025",2003
636,2.82807685216671,"Zhong2025",2003
637,0.239090642752984,"Zhong2025",2003
638,27.4590183496475,"Zhong2025",2003
639,2.29047091689802,"Zhong2025",2003
640,0.63060735363592,"Zhong2025",2003
641,1.5185825733495,"Zhong2025",2003
642,1.57677750447548,"Zhong2025",2003
643,1.85865784826733,"Zhong2025",2003
644,0.651688975339667,"Zhong2025",2003
645,1.37616701094854,"Zhong2025",2003
646,7.11366275712556,"Zhong2025",2003
647,0.400316440657927,"Zhong2025",2003
648,1.26814837302981,"Zhong2025",2003
649,6.99561036550082,"Zhong2025",2003
650,3.60654695767242,"Zhong2025",2003
651,0.197907442792873,"Zhong2025",2003
652,3.1413402725821,"Zhong2025",2003
653,1.67984161130956,"Zhong2025",2003
654,11.4684514152421,"Zhong2025",2003
655,0.112805878548147,"Zhong2025",2003
656,1.40365708043832,"Zhong2025",2003
657,5.53260722498076,"Zhong2025",2003
658,3.40042063718041,"Zhong2025",2003
659,5.4696370250993,"Zhong2025",2003
660,0.440971187292001,"Zhong2025",2003
661,8.85682252049446,"Zhong2025",2003
662,1.96534500206664,"Zhong2025",2003
663,2.64421901572496,"Zhong2025",2003
664,0.146433582263333,"Zhong2025",2003
665,0.817780315278363,"Zhong2025",2003
666,1.35903908301639,"Zhong2025",2003
667,0,"Zhong2025",2003
668,1.95246548152612,"Zhong2025",2003
669,1.04584824306339,"Zhong2025",2003
670,0.0783700640541376,"Zhong2025",2003
671,1.6317682615511,"Zhong2025",2003
672,15.4644686088764,"Zhong2025",2003
673,5.6486236720436,"Zhong2025",2003
674,0.897747709661269,"Zhong2025",2003
675,6.05073364779171,"Zhong2025",2003
676,2.7086421069763,"Zhong2025",2003
677,0.413336176063233,"Zhong2025",2003
678,0.979077374355661,"Zhong2025",2003
679,6.68803916975509,"Zhong2025",2003
680,4.17571019363958,"Zhong2025",2003
681,2.52167144707508,"Zhong2025",2003
682,0.916677480171386,"Zhong2025",2003
683,13.8624248139712,"Zhong2025",2003
684,0.677327263758952,"Zhong2025",2003
685,1.50103416166281,"Zhong2025",2003
686,8.27569696865976,"Zhong2025",2003
687,7.29443390015513,"Zhong2025",2003
688,0.454828022695754,"Zhong2025",2003
689,1.30426828106019,"Zhong2025",2003
690,3.31391649381281,"Zhong2025",2003
691,1.50820069122904,"Zhong2025",2003
692,18.5549164613088,"Zhong2025",2003
693,2.90828288380558,"Zhong2025",2003
694,7.11052064214434,"Zhong2025",2003
695,6.02495388754954,"Zhong2025",2003
696,0.247235844829592,"Zhong2025",2003
697,7.55795282769696,"Zhong2025",2003
698,0.817166187045698,"Zhong2025",2003
699,0.400642256984221,"Zhong2025",2003
700,3.20774888109278,"Zhong2025",2003
701,0.284135273288632,"Zhong2025",2003
702,3.98248628170594,"Zhong2025",2003
703,6.44656646519588,"Zhong2025",2003
704,16.252176152478,"Zhong2025",2003
705,1.9021974788786,"Zhong2025",2003
706,32.763488003465,"Zhong2025",2003
707,5.1614448699568,"Zhong2025",2003
708,6.23568636882636,"Zhong2025",2003
709,0.30355188908428,"Zhong2025",2003
710,6.67034894178792,"Zhong2025",2003
711,0.450100294408021,"Zhong2025",2003
712,8.98484342838884,"Zhong2025",2003
713,0.715993925567829,"Zhong2025",2003
714,2.77115715167871,"Zhong2025",2003
715,0.385061813469572,"Zhong2025",2003
716,0.0408754329968204,"Zhong2025",2003
717,1.58543833651284,"Zhong2025",2003
718,2.76194737524246,"Zhong2025",2003
719,1.88549903933197,"Zhong2025",2003
720,0.2050760319815,"Zhong2025",2003
721,2.60327657343497,"Zhong2025",2003
722,5.32344736776907,"Zhong2025",2003
723,11.2131877404266,"Zhong2025",2003
724,0.609577729196652,"Zhong2025",2003
725,5.96745109300555,"Zhong2025",2003
726,0.265877194037665,"Zhong2025",2003
727,0.611040333629801,"Zhong2025",2003
728,2.51298228757588,"Zhong2025",2003
729,1.16919632644383,"Zhong2025",2003
730,6.87686822112177,"Zhong2025",2003
731,0.772821864230337,"Zhong2025",2003
732,10.1710301765374,"Zhong2025",2003
733,1.34891061328443,"Zhong2025",2003
734,0.303503741111074,"Zhong2025",2003
735,0.0549703261391683,"Zhong2025",2003
736,1.99697299266145,"Zhong2025",2003
737,3.78169567266923,"Zhong2025",2003
738,6.45386995792389,"Zhong2025",2003
739,3.11546656483205,"Zhong2025",2003
740,10.7348461945852,"Zhong2025",2003
741,0,"Zhong2025",2003
742,4.75636122224598,"Zhong2025",2003
743,11.6591987715827,"Zhong2025",2003
744,1.04853112925985,"Zhong2025",2003
745,9.25245208182233,"Zhong2025",2003
746,2.56206509522521,"Zhong2025",2003
747,17.893906559263,"Zhong2025",2003
748,2.6511925130506,"Zhong2025",2003
749,0.708370785179891,"Zhong2025",2003
750,1.85120629928247,"Zhong2025",2003
751,2.54911546921358,"Zhong2025",2003
752,12.3510353500779,"Zhong2025",2003
753,0.94039597358474,"Zhong2025",2003
754,0.782458184351181,"Zhong2025",2003
755,5.06952672780946,"Zhong2025",2003
756,3.18078373611883,"Zhong2025",2003
757,0,"Zhong2025",2003
758,0.181037340253893,"Zhong2025",2003
759,0.128308719024062,"Zhong2025",2003
760,0.0737723954495453,"Zhong2025",2003
761,12.9875560741799,"Zhong2025",2003
762,15.0190046110819,"Zhong2025",2003
763,13.4831166645837,"Zhong2025",2003
764,11.1093504728847,"Zhong2025",2003
765,1.20315881532201,"Zhong2025",2003
766,5.89975924789906,"Zhong2025",2003
767,13.9379805428641,"Zhong2025",2003
768,0.221723593779867,"Zhong2025",2003
769,16.1904711042132,"Zhong2025",2003
770,48.4960177681663,"Zhong2025",2003
771,0.664294933344533,"Zhong2025",2003
772,9.34831615594717,"Zhong2025",2003
773,1.55208785108145,"Zhong2025",2003
774,1.14973826319473,"Zhong2025",2003
775,9.48316773495231,"Zhong2025",2003
776,9.17101362181385,"Zhong2025",2003
777,6.39489870743146,"Zhong2025",2003
778,13.8147006724554,"Zhong2025",2003
779,51.8976687415172,"Zhong2025",2003
780,7.27196716748435,"Zhong2025",2003
781,19.21875732701,"Zhong2025",2003
782,0.00387710301854115,"Zhong2025",2003
783,30.113413756802,"Zhong2025",2003
784,1.79203606750432,"Zhong2025",2003
785,3.25798845691841,"Zhong2025",2003
786,51.2129908169017,"Zhong2025",2003
787,6.52602033756943,"Zhong2025",2003
788,0.672409932505063,"Zhong2025",2003
789,21.2371940834578,"Zhong2025",2003
790,1.2472030067332,"Zhong2025",2003
791,0.988734092306474,"Zhong2025",2003
792,13.7913075431449,"Zhong2025",2003
793,6.91682221757041,"Zhong2025",2003
794,5.75704780217211,"Zhong2025",2003
795,8.54220611259307,"Zhong2025",2003
796,3.07873698112992,"Zhong2025",2003
797,4.24143743387218,"Zhong2025",2003
798,8.53609920615581,"Zhong2025",2003
799,1.30276108896641,"Zhong2025",2003
800,0.0907316681816701,"Zhong2025",2003
801,0.457850856278488,"Zhong2025",2003
802,1.09424869925256,"Zhong2025",2003
803,20.756842460181,"Zhong2025",2003
804,17.3927973210812,"Zhong2025",2003
805,2.36820527468923,"Zhong2025",2003
806,0.467213013798327,"Zhong2025",2003
807,10.643730054667,"Zhong2025",2003
808,5.56270942901028,"Zhong2025",2003
809,1.26664322749281,"Zhong2025",2003
810,44.0912077678897,"Zhong2025",2003
811,1.76649997237005,"Zhong2025",2003
812,0.295238614670071,"Zhong2025",2003
813,8.26459073365248,"Zhong2025",2003
814,11.8530735854919,"Zhong2025",2003
815,12.9951153000196,"Zhong2025",2003
816,2.76790380490323,"Zhong2025",2003
817,6.56937674840291,"Zhong2025",2003
818,1.13922291426432,"Zhong2025",2003
819,3.00624138129496,"Zhong2025",2003
820,0,"Zhong2025",2003
821,8.26622804229123,"Zhong2025",2003
822,0.103473313300841,"Zhong2025",2003
823,3.67913267584542,"Zhong2025",2003
824,3.09990049931677,"Zhong2025",2003
825,0.545135566830069,"Zhong2025",2003
826,5.93350095603438,"Zhong2025",2003
827,2.3191992301647,"Zhong2025",2003
828,6.2318905465878,"Zhong2025",2003
829,9.43278973285969,"Zhong2025",2003
830,18.4606240166558,"Zhong2025",2003
831,19.7078848595315,"Zhong2025",2003
832,1.63792067073071,"Zhong2025",2003
833,0.271125753199468,"Zhong2025",2003
834,9.50055442159138,"Zhong2025",2003
835,12.6570738090957,"Zhong2025",2003
836,9.25543363767382,"Zhong2025",2003
837,17.2424934667699,"Zhong2025",2003
838,7.42077895604512,"Zhong2025",2003
839,31.9549297720699,"Zhong2025",2003
840,11.1707041562958,"Zhong2025",2003
841,10.5712069075393,"Zhong2025",2003
842,3.41128932722729,"Zhong2025",2003
843,3.57801699621278,"Zhong2025",2003
844,8.94381977617741,"Zhong2025",2003
845,26.4430066422571,"Zhong2025",2003
846,3.9959874099869,"Zhong2025",2003
847,15.9121201833089,"Zhong2025",2003
848,35.6019713448696,"Zhong2025",2003
849,14.7750565740797,"Zhong2025",2003
850,3.23050274109018,"Zhong2025",2003
851,9.58946439847645,"Zhong2025",2003
852,38.3933262379964,"Zhong2025",2003
853,0.020219284550924,"Zhong2025",2003
854,1.08367117246389,"Zhong2025",2003
855,10.6073142730438,"Zhong2025",2003
856,13.8625354126648,"Zhong2025",2003
857,1.9926009195861,"Zhong2025",2003
858,2.38612948246204,"Zhong2025",2003
859,1.24875180065436,"Zhong2025",2003
860,4.95153119006794,"Zhong2025",2003
861,0.14957123658678,"Zhong2025",2003
862,6.05867936859275,"Zhong2025",2003
863,13.1059004952307,"Zhong2025",2003
864,9.26714581999668,"Zhong2025",2003
865,0.125982501298189,"Zhong2025",2003
866,13.8316767417778,"Zhong2025",2003
867,19.1956245274842,"Zhong2025",2003
868,10.9422236012888,"Zhong2025",2003
869,11.4053076481243,"Zhong2025",2003
870,0.764796394701585,"Zhong2025",2003
871,0.17337443651361,"Zhong2025",2003
872,3.68395841681496,"Zhong2025",2003
873,0,"Zhong2025",2003
874,0.2818042424197,"Zhong2025",2003
875,0.442803773652905,"Zhong2025",2003
876,6.01495046581541,"Zhong2025",2003
877,0.336609292163847,"Zhong2025",2003
878,2.89609437281071,"Zhong2025",2003
879,2.85517401668613,"Zhong2025",2003
880,1.84623771934927,"Zhong2025",2003
881,0.236723246851138,"Zhong2025",2003
882,0.744097521325404,"Zhong2025",2003
883,1.65884678849684,"Zhong2025",2003
884,0.557150065815415,"Zhong2025",2003
885,0.801141871615898,"Zhong2025",2003
886,19.9181035024148,"Zhong2025",2003
887,1.23566716633016,"Zhong2025",2003
888,0.300465067639153,"Zhong2025",2003
889,6.72962991482235,"Zhong2025",2003
890,5.51653862990557,"Zhong2025",2003
891,1.26808823695063,"Zhong2025",2003
892,5.40696982896708,"Zhong2025",2003
893,2.67430675416081,"Zhong2025",2003
894,0.726243363223209,"Zhong2025",2003
895,0.633485885256977,"Zhong2025",2003
896,12.3782081472463,"Zhong2025",2003
897,2.8506486382109,"Zhong2025",2003
898,0.308416482188776,"Zhong2025",2003
899,0.162524373355146,"Zhong2025",2003
900,0.224198035219794,"Zhong2025",2003
901,25.9322851787914,"Zhong2025",2003
902,0.113009958801021,"Zhong2025",2003
903,1.05017583686541,"Zhong2025",2003
904,0.382659408880844,"Zhong2025",2003
905,0.548392185061119,"Zhong2025",2003
906,0.918025382235334,"Zhong2025",2003
907,0.613292129482991,"Zhong2025",2003
908,0.521137400116911,"Zhong2025",2003
909,22.4851553225852,"Zhong2025",2003
910,14.0583277973112,"Zhong2025",2003
911,4.60873403561263,"Zhong2025",2003
912,0.198255769766849,"Zhong2025",2003
913,0.0534056033785186,"Zhong2025",2003
914,2.15225422703356,"Zhong2025",2003
915,0.285141414862678,"Zhong2025",2003
916,1.80294215260181,"Zhong2025",2003
917,0.138534116603691,"Zhong2025",2003
918,0.563253568528496,"Zhong2025",2003
919,0.616193388930211,"Zhong2025",2003
920,0.689733394180241,"Zhong2025",2003
921,5.54240935013851,"Zhong2025",2003
922,1.34915014733486,"Zhong2025",2003
923,0.060596759005183,"Zhong2025",2003
924,0.00108785582991895,"Zhong2025",2003
925,0.214074544665037,"Zhong2025",2003
926,0.212880074451413,"Zhong2025",2003
927,0.148657513968159,"Zhong2025",2003
928,0.0761519344556624,"Zhong2025",2003
929,0.0336185260268556,"Zhong2025",2003
930,4.84928638557542,"Zhong2025",2003
931,0.656092204795678,"Zhong2025",2003
932,0.139067084728994,"Zhong2025",2003
933,0,"Zhong2025",2003
934,0.184952754845729,"Zhong2025",2003
935,0.0608831645878456,"Zhong2025",2003
936,0.0106185863048963,"Zhong2025",2003
937,0,"Zhong2025",2003
938,0.0298922292648441,"Zhong2025",2003
939,11.2600671510991,"Zhong2025",2003
940,2.02282762504912,"Zhong2025",2003
941,0.885851924898328,"Zhong2025",2003
942,2.42567688232833,"Zhong2025",2003
943,0.308884479880333,"Zhong2025",2003
944,0.720953681425849,"Zhong2025",2003
945,0.339238114032489,"Zhong2025",2003
946,0.975668073010366,"Zhong2025",2003
947,0.234819758445659,"Zhong2025",2003
948,1.45785462603425,"Zhong2025",2003
949,0.250965681527993,"Zhong2025",2003
950,6.87267393634395,"Zhong2025",2003
951,0.201529503346764,"Zhong2025",2003
952,1.72736169053887,"Zhong2025",2003
953,4.01213727521177,"Zhong2025",2003
954,6.30647425674551,"Zhong2025",2003
955,0.263929579767241,"Zhong2025",2003
956,0.279798233578096,"Zhong2025",2003
957,0.454250911359667,"Zhong2025",2003
958,0.225790222783883,"Zhong2025",2003
959,0.665157549623842,"Zhong2025",2003
960,0.934307816577709,"Zhong2025",2003
961,3.03048767015539,"Zhong2025",2003
962,0.431501407070894,"Zhong2025",2003
963,3.61471287933193,"Zhong2025",2003
964,0.995230382635718,"Zhong2025",2003
965,12.2427858348434,"Zhong2025",2003
966,4.13549637656261,"Zhong2025",2003
967,3.01388371690928,"Zhong2025",2003
968,0.0675545768815657,"Zhong2025",2003
969,4.20896471636929,"Zhong2025",2003
970,0.320780798720853,"Zhong2025",2003
971,2.18359805153128,"Zhong2025",2003
972,0.778359101792402,"Zhong2025",2003
973,6.94746508798673,"Zhong2025",2003
974,1.19411884505354,"Zhong2025",2003
975,0.324190962650273,"Zhong2025",2003
976,0.188992692134048,"Zhong2025",2003
977,0.0515025309734257,"Zhong2025",2003
978,1.65698169718117,"Zhong2025",2003
979,17.7301178075829,"Zhong2025",2003
980,5.30482070804476,"Zhong2025",2003
981,9.27840791571721,"Zhong2025",2003
982,0.594440490512628,"Zhong2025",2003
983,1.89819711391978,"Zhong2025",2003
984,0.254678124106593,"Zhong2025",2003
985,1.29647177027474,"Zhong2025",2003
986,0,"Zhong2025",2003
987,0.134948795073126,"Zhong2025",2003
988,0.267493458481522,"Zhong2025",2003
989,0.617092386446472,"Zhong2025",2003
990,1.959292931535,"Zhong2025",2003
991,0.00196457158207245,"Zhong2025",2003
992,4.67213062341234,"Zhong2025",2003
993,0.598211437845372,"Zhong2025",2003
994,0.5070725952811,"Zhong2025",2003
995,0,"Zhong2025",2003
996,2.98282715602255,"Zhong2025",2003
997,7.25264777647233,"Zhong2025",2003
998,0.528143706870271,"Zhong2025",2003
999,3.67978766224077,"Zhong2025",2003
1000,11.0009850497079,"Zhong2025",2003
1001,0,"Zhong2025",2003
1002,3.06298672637822,"Zhong2025",2003
1003,0,"Zhong2025",2003
1004,1.21983284213727,"Zhong2025",2003
1005,0.246431369926765,"Zhong2025",2003
1006,0,"Zhong2025",2003
1007,0.225892354333432,"Zhong2025",2003
1008,9.93573533318661,"Zhong2025",2003
1009,0.967732288803046,"Zhong2025",2003
1010,0.180078699038057,"Zhong2025",2003
1011,0.281532221092372,"Zhong2025",2003
1012,2.56497944246607,"Zhong2025",2003
1013,0.747776826164302,"Zhong2025",2003
1014,1.94266313579461,"Zhong2025",2003
1015,1.06803847039502,"Zhong2025",2003
1016,3.67524436347258,"Zhong2025",2003
1017,1.32528271859608,"Zhong2025",2003
1018,0.481036535410081,"Zhong2025",2003
1019,0.603439017204302,"Zhong2025",2003
1020,0.192696496635989,"Zhong2025",2003
1021,0.207694319983157,"Zhong2025",2003
1022,7.5157083729601,"Zhong2025",2003
1023,3.68201724607312,"Zhong2025",2003
1024,0,"Zhong2025",2003
1025,12.520967164687,"Zhong2025",2003
1026,1.81299984348726,"Zhong2025",2003
1027,0.259913433467592,"Zhong2025",2003
1028,0.203544133323092,"Zhong2025",2003
1029,0.923219474810588,"Zhong2025",2003
1030,1.06176839105242,"Zhong2025",2003
1031,0.0768940247493843,"Zhong2025",2003
1032,4.80658204989,"Zhong2025",2003
1033,1.34205964371815,"Zhong2025",2003
1034,1.634846733626,"Zhong2025",2003
1035,8.2646288192063,"Zhong2025",2003
1036,2.93322564031585,"Zhong2025",2003
1037,0.182529355678938,"Zhong2025",2003
1038,1.09909272946801,"Zhong2025",2003
1039,1.11916017347369,"Zhong2025",2003
1040,0.0151235098264731,"Zhong2025",2003
1041,2.09238156137068,"Zhong2025",2003
1042,0.098889960100765,"Zhong2025",2003
1043,0.0326297411008885,"Zhong2025",2003
1044,0.875776092977887,"Zhong2025",2003
1045,0,"Zhong2025",2003
1046,1.14381808634752,"Zhong2025",2003
1047,1.12372836766436,"Zhong2025",2003
1048,0.267212258630093,"Zhong2025",2003
1049,0.0204042111771899,"Zhong2025",2003
1050,0.438902392110322,"Zhong2025",2003
1051,0.371250512407106,"Zhong2025",2003
1052,0.433232524078077,"Zhong2025",2003
1053,3.6908230100843,"Zhong2025",2003
1054,8.64889712631702,"Zhong2025",2003
1055,0.386367860133109,"Zhong2025",2003
1056,1.11243537258595,"Zhong2025",2003
1057,11.6148333120239,"Zhong2025",2003
1058,37.5084797467027,"Zhong2025",2003
1059,0.286332593491616,"Zhong2025",2003
1060,0.00405476610803117,"Zhong2025",2003
1061,10.2807591736564,"Zhong2025",2003
1062,38.9606507783983,"Zhong2025",2003
1063,11.4167339941763,"Zhong2025",2003
1064,0.245868804852944,"Zhong2025",2003
1065,2.68608930982418,"Zhong2025",2003
1066,1.31899766590108,"Zhong2025",2003
1067,0.656464566350585,"Zhong2025",2003
1068,1.73410009731763,"Zhong2025",2003
1069,0.119917607255918,"Zhong2025",2003
1070,1.80797380825623,"Zhong2025",2003
1071,9.06806556054671,"Zhong2025",2003
1072,1.3572642108593,"Zhong2025",2003
1073,0.560350623428872,"Zhong2025",2003
1074,5.92884537145248,"Zhong2025",2003
1075,0.793217575968115,"Zhong2025",2003
1076,1.22796537787523,"Zhong2025",2003
1077,0.291459367905365,"Zhong2025",2003
1078,16.6089897881383,"Zhong2025",2003
1079,3.50983406041522,"Zhong2025",2003
1080,19.8914568470974,"Zhong2025",2003
1081,7.64695460350948,"Zhong2025",2003
1082,7.08349034522706,"Zhong2025",2003
1083,1.4317760729634,"Zhong2025",2003
1084,6.8483673425375,"Zhong2025",2003
1085,4.74435579804816,"Zhong2025",2003
1086,4.76986555918043,"Zhong2025",2003
1087,8.01549515504317,"Zhong2025",2003
1088,19.829118877087,"Zhong2025",2003
1089,0.163296134236351,"Zhong2025",2003
1090,0.711775836576236,"Zhong2025",2003
1091,1.06384364804342,"Zhong2025",2003
1092,5.21593073430196,"Zhong2025",2003
1093,5.96961300927533,"Zhong2025",2003
1094,0.149124535500029,"Zhong2025",2003
1095,3.92852516869927,"Zhong2025",2003
1096,15.5332895433974,"Zhong2025",2003
1097,0.0658243712248523,"Zhong2025",2003
1098,0.0250039921036642,"Zhong2025",2003
1099,1.08543630109143,"Zhong2025",2003
1100,9.09632548735947,"Zhong2025",2003
1101,0.625741288356088,"Zhong2025",2003
1102,4.30494903881581,"Zhong2025",2003
1103,0.077913909423642,"Zhong2025",2003
1104,7.04016744121523,"Zhong2025",2003
1105,2.09924456484441,"Zhong2025",2003
1106,2.93737629848932,"Zhong2025",2003
1107,1.38320435604145,"Zhong2025",2003
1108,0.59234137588442,"Zhong2025",2003
1109,2.83085878539171,"Zhong2025",2003
1110,1.55164224019818,"Zhong2025",2003
1111,3.55885137838933,"Zhong2025",2003
1112,26.9132058214258,"Zhong2025",2003
1113,33.205846125157,"Zhong2025",2003
1114,53.5655659493946,"Zhong2025",2003
1115,28.3885297356071,"Zhong2025",2003
1116,39.9203216333305,"Zhong2025",2003
1117,18.4571038136115,"Zhong2025",2003
1118,28.9363917377916,"Zhong2025",2003
1119,1.4748508878786,"Zhong2025",2003
1120,6.65522693362683,"Zhong2025",2003
1121,53.1027680635452,"Zhong2025",2003
1122,50.8179051248651,"Zhong2025",2003
1,1.35666992523087,"Zhong2025",2004
2,0.0365682802404518,"Zhong2025",2004
3,0.108817903444831,"Zhong2025",2004
4,0.310940425311504,"Zhong2025",2004
5,0.145614590614317,"Zhong2025",2004
6,0.0897594512014278,"Zhong2025",2004
7,0,"Zhong2025",2004
8,0.0223693767196087,"Zhong2025",2004
9,0.0615253274507345,"Zhong2025",2004
10,0.0591346822862637,"Zhong2025",2004
11,0.0153450137370041,"Zhong2025",2004
12,0.0227357525253828,"Zhong2025",2004
13,0.00813592407441293,"Zhong2025",2004
14,0.0111562976055222,"Zhong2025",2004
15,0.435599688702906,"Zhong2025",2004
16,0.05739745523376,"Zhong2025",2004
17,15.1850167157974,"Zhong2025",2004
18,0.817721277595528,"Zhong2025",2004
19,0.0294392345344076,"Zhong2025",2004
20,0.354201486952931,"Zhong2025",2004
21,0.596317553007249,"Zhong2025",2004
22,1.78017771895371,"Zhong2025",2004
23,2.81408325447984,"Zhong2025",2004
24,2.49515995019279,"Zhong2025",2004
25,4.21446431066109,"Zhong2025",2004
26,3.96022867115163,"Zhong2025",2004
27,3.22397602109586,"Zhong2025",2004
28,12.5899210637159,"Zhong2025",2004
29,0.173977941592022,"Zhong2025",2004
30,0.0448265102529815,"Zhong2025",2004
31,0.883312460703945,"Zhong2025",2004
32,0.157076459135201,"Zhong2025",2004
33,0.460498651770251,"Zhong2025",2004
34,9.69366716007291,"Zhong2025",2004
35,1.09785924212875,"Zhong2025",2004
36,9.84702787528167,"Zhong2025",2004
37,0.101315064250204,"Zhong2025",2004
38,0.6714426245206,"Zhong2025",2004
39,0.301023714471768,"Zhong2025",2004
40,13.993253549855,"Zhong2025",2004
41,20.4791004739959,"Zhong2025",2004
42,0.476940204173193,"Zhong2025",2004
43,1.53507872170574,"Zhong2025",2004
44,0.152469919739317,"Zhong2025",2004
45,8.15448447400982,"Zhong2025",2004
46,0,"Zhong2025",2004
47,1.73128978010131,"Zhong2025",2004
48,1.12887005308712,"Zhong2025",2004
49,2.17677918497871,"Zhong2025",2004
50,0.381765222958439,"Zhong2025",2004
51,8.33043590336779,"Zhong2025",2004
52,0.610449355431986,"Zhong2025",2004
53,1.33565859507137,"Zhong2025",2004
54,0.290167776680508,"Zhong2025",2004
55,0.074273494291782,"Zhong2025",2004
56,0,"Zhong2025",2004
57,0,"Zhong2025",2004
58,15.7622321617036,"Zhong2025",2004
59,38.6570044190456,"Zhong2025",2004
60,15.0258553439173,"Zhong2025",2004
61,7.15153440879658,"Zhong2025",2004
62,3.538209627804,"Zhong2025",2004
63,5.9605287718333,"Zhong2025",2004
64,7.31643995258435,"Zhong2025",2004
65,9.27420719742438,"Zhong2025",2004
66,3.03492336691918,"Zhong2025",2004
67,26.4177597687854,"Zhong2025",2004
68,18.119052695864,"Zhong2025",2004
69,2.98343723419194,"Zhong2025",2004
70,2.36059904009932,"Zhong2025",2004
71,9.80527094095337,"Zhong2025",2004
72,3.35382522333686,"Zhong2025",2004
73,6.94712161231175,"Zhong2025",2004
74,5.92277612622691,"Zhong2025",2004
75,13.2572755589205,"Zhong2025",2004
76,13.9970165546124,"Zhong2025",2004
77,7.45661847157912,"Zhong2025",2004
78,17.6303892714711,"Zhong2025",2004
79,9.1432698340639,"Zhong2025",2004
80,10.9732101518814,"Zhong2025",2004
81,6.94328636888783,"Zhong2025",2004
82,11.3405651313918,"Zhong2025",2004
83,10.3174194002317,"Zhong2025",2004
84,3.62299251182551,"Zhong2025",2004
85,7.16261163003422,"Zhong2025",2004
86,4.73987493131345,"Zhong2025",2004
87,6.25941568863969,"Zhong2025",2004
88,13.9883673667908,"Zhong2025",2004
89,2.69537852976014,"Zhong2025",2004
90,9.88855406015861,"Zhong2025",2004
91,8.57429699521316,"Zhong2025",2004
92,34.489175019144,"Zhong2025",2004
93,9.13069623123601,"Zhong2025",2004
94,5.48986303981179,"Zhong2025",2004
95,14.8287350887389,"Zhong2025",2004
96,10.8737738676791,"Zhong2025",2004
97,10.1322349707342,"Zhong2025",2004
98,1.71833032135777,"Zhong2025",2004
99,6.29278300026894,"Zhong2025",2004
100,1.1916435803864,"Zhong2025",2004
101,1.15454837531179,"Zhong2025",2004
102,4.07963437236407,"Zhong2025",2004
103,1.41844127564675,"Zhong2025",2004
104,5.37981184880541,"Zhong2025",2004
105,0.27570831184308,"Zhong2025",2004
106,3.28548459029387,"Zhong2025",2004
107,0.667080380611837,"Zhong2025",2004
108,0.839308884767664,"Zhong2025",2004
109,0.178108518183109,"Zhong2025",2004
110,0.55655476620112,"Zhong2025",2004
111,0.549111310825907,"Zhong2025",2004
112,0.0320054420264755,"Zhong2025",2004
113,0.0305769670642705,"Zhong2025",2004
114,7.34288256324473,"Zhong2025",2004
115,2.2383340960812,"Zhong2025",2004
116,1.68531638113711,"Zhong2025",2004
117,1.04166930128888,"Zhong2025",2004
118,4.43505004304259,"Zhong2025",2004
119,2.56852081120014,"Zhong2025",2004
120,3.58897439727004,"Zhong2025",2004
121,0.89024738983884,"Zhong2025",2004
122,0.0992480022634598,"Zhong2025",2004
123,8.58839799726711,"Zhong2025",2004
124,1.07188486813814,"Zhong2025",2004
125,3.63699489351993,"Zhong2025",2004
126,6.46235358979967,"Zhong2025",2004
127,1.19133388015288,"Zhong2025",2004
128,7.02321667476486,"Zhong2025",2004
129,6.56849950399154,"Zhong2025",2004
130,7.97293058862077,"Zhong2025",2004
131,11.8949889975079,"Zhong2025",2004
132,4.00955196403681,"Zhong2025",2004
133,4.95457291627122,"Zhong2025",2004
134,3.72169571601682,"Zhong2025",2004
135,1.31594263276206,"Zhong2025",2004
136,6.75358286547282,"Zhong2025",2004
137,7.38935793876648,"Zhong2025",2004
138,2.79105625198438,"Zhong2025",2004
139,3.16714203918017,"Zhong2025",2004
140,2.19402307239132,"Zhong2025",2004
141,3.01342873486053,"Zhong2025",2004
142,5.38575316793067,"Zhong2025",2004
143,0.884919564366341,"Zhong2025",2004
144,0.665014883360914,"Zhong2025",2004
145,6.40217695991198,"Zhong2025",2004
146,2.20976866573304,"Zhong2025",2004
147,4.85286949435684,"Zhong2025",2004
148,0.176002846143785,"Zhong2025",2004
149,2.69065065635925,"Zhong2025",2004
150,4.39940269497576,"Zhong2025",2004
151,1.7643565100224,"Zhong2025",2004
152,0.651057407115968,"Zhong2025",2004
153,5.23004421660911,"Zhong2025",2004
154,6.37579183853852,"Zhong2025",2004
155,3.47352684033681,"Zhong2025",2004
156,0.102337087673368,"Zhong2025",2004
157,7.7713081020241,"Zhong2025",2004
158,3.22819245726363,"Zhong2025",2004
159,4.49332541261596,"Zhong2025",2004
160,1.90752829535097,"Zhong2025",2004
161,0.962798708738081,"Zhong2025",2004
162,0.0109177707093045,"Zhong2025",2004
163,0.242658487946336,"Zhong2025",2004
164,0.4660069568507,"Zhong2025",2004
165,0.121706756886165,"Zhong2025",2004
166,0.0842282248727003,"Zhong2025",2004
167,0.115469872075268,"Zhong2025",2004
168,0.0331015723364017,"Zhong2025",2004
169,0.0107141091457567,"Zhong2025",2004
170,0,"Zhong2025",2004
171,0,"Zhong2025",2004
172,0,"Zhong2025",2004
173,0.108965970389724,"Zhong2025",2004
174,0,"Zhong2025",2004
175,0,"Zhong2025",2004
176,0.00353003404348995,"Zhong2025",2004
177,0.0282751469774028,"Zhong2025",2004
178,0,"Zhong2025",2004
179,0,"Zhong2025",2004
180,0.0200617052787728,"Zhong2025",2004
181,0.00485661967635023,"Zhong2025",2004
182,0,"Zhong2025",2004
183,0,"Zhong2025",2004
184,0,"Zhong2025",2004
185,0,"Zhong2025",2004
186,0.0129092552258572,"Zhong2025",2004
187,0.151373301315972,"Zhong2025",2004
188,0.00677853031566806,"Zhong2025",2004
189,0.00191952356442972,"Zhong2025",2004
190,6.68208965214574,"Zhong2025",2004
191,13.1170166719495,"Zhong2025",2004
192,0.100603873446788,"Zhong2025",2004
193,0,"Zhong2025",2004
194,0.736854802187914,"Zhong2025",2004
195,1.63643632848544,"Zhong2025",2004
196,0.262541980117335,"Zhong2025",2004
197,0.327416128083118,"Zhong2025",2004
198,0.482696056915825,"Zhong2025",2004
199,0.597020845763733,"Zhong2025",2004
200,0.458019373046843,"Zhong2025",2004
201,0.0380754774250653,"Zhong2025",2004
202,0.287628528231155,"Zhong2025",2004
203,0.00981615809236981,"Zhong2025",2004
204,4.89583101711055,"Zhong2025",2004
205,0.301629604325798,"Zhong2025",2004
206,1.19351492679161,"Zhong2025",2004
207,0.03840493612717,"Zhong2025",2004
208,0.0807726035952151,"Zhong2025",2004
209,0.150841726404889,"Zhong2025",2004
210,0.00269882153408978,"Zhong2025",2004
211,0,"Zhong2025",2004
212,0,"Zhong2025",2004
213,0,"Zhong2025",2004
214,0,"Zhong2025",2004
215,0,"Zhong2025",2004
216,0,"Zhong2025",2004
217,0.014114692565089,"Zhong2025",2004
218,0,"Zhong2025",2004
219,0,"Zhong2025",2004
220,0.0155212854751338,"Zhong2025",2004
221,0,"Zhong2025",2004
222,0,"Zhong2025",2004
223,0,"Zhong2025",2004
224,0,"Zhong2025",2004
225,0.00105814855349691,"Zhong2025",2004
226,0.0647826626524244,"Zhong2025",2004
227,0.00904673511676618,"Zhong2025",2004
228,0.00853644086844443,"Zhong2025",2004
229,0.00246674579465584,"Zhong2025",2004
230,20.7024581501752,"Zhong2025",2004
231,3.03483741017309,"Zhong2025",2004
232,5.50155178025212,"Zhong2025",2004
233,0.279451097798895,"Zhong2025",2004
234,6.52792511409835,"Zhong2025",2004
235,10.1493577427334,"Zhong2025",2004
236,4.90451114592053,"Zhong2025",2004
237,5.1155262940353,"Zhong2025",2004
238,5.01459101407211,"Zhong2025",2004
239,4.25651626050067,"Zhong2025",2004
240,16.3433739595246,"Zhong2025",2004
241,8.97029750630007,"Zhong2025",2004
242,3.63922537935432,"Zhong2025",2004
243,10.6361449504537,"Zhong2025",2004
244,2.04348158738006,"Zhong2025",2004
245,10.5122226935167,"Zhong2025",2004
246,5.66590096900073,"Zhong2025",2004
247,1.00421981590291,"Zhong2025",2004
248,11.5439372772325,"Zhong2025",2004
249,8.66574670987971,"Zhong2025",2004
250,0.678749732654461,"Zhong2025",2004
251,1.97237595042082,"Zhong2025",2004
252,10.1067314769911,"Zhong2025",2004
253,1.80866779648832,"Zhong2025",2004
254,16.7015271429288,"Zhong2025",2004
255,2.88799912765849,"Zhong2025",2004
256,5.77827806117274,"Zhong2025",2004
257,33.3396656261227,"Zhong2025",2004
258,7.88359982468361,"Zhong2025",2004
259,16.5588055743891,"Zhong2025",2004
260,30.0820807615916,"Zhong2025",2004
261,4.59822684726728,"Zhong2025",2004
262,12.881592256833,"Zhong2025",2004
263,1.54045633597365,"Zhong2025",2004
264,16.102376230385,"Zhong2025",2004
265,13.3241644871386,"Zhong2025",2004
266,1.95577013746907,"Zhong2025",2004
267,17.2954434948368,"Zhong2025",2004
268,4.54058704101857,"Zhong2025",2004
269,22.9521249197716,"Zhong2025",2004
270,5.11599504816676,"Zhong2025",2004
271,11.6286002946278,"Zhong2025",2004
272,8.85036787255221,"Zhong2025",2004
273,47.9867705769009,"Zhong2025",2004
274,8.52571481384476,"Zhong2025",2004
275,6.81400409617375,"Zhong2025",2004
276,16.3132458574632,"Zhong2025",2004
277,12.5541754869314,"Zhong2025",2004
278,0.686912322391086,"Zhong2025",2004
279,0.278347161499155,"Zhong2025",2004
280,10.1887533697589,"Zhong2025",2004
281,7.52604645091578,"Zhong2025",2004
282,5.89851070962625,"Zhong2025",2004
283,47.5221943771209,"Zhong2025",2004
284,6.48850366160668,"Zhong2025",2004
285,0.166801925266379,"Zhong2025",2004
286,0.296252237937724,"Zhong2025",2004
287,0.493289852253501,"Zhong2025",2004
288,1.03682987573437,"Zhong2025",2004
289,3.16464581685917,"Zhong2025",2004
290,40.2443133190179,"Zhong2025",2004
291,0.977646766932254,"Zhong2025",2004
292,18.2248713321949,"Zhong2025",2004
293,4.77059475504435,"Zhong2025",2004
294,0.763088044332108,"Zhong2025",2004
295,0.33622769293841,"Zhong2025",2004
296,0.290109671624307,"Zhong2025",2004
297,2.30918071158163,"Zhong2025",2004
298,0.361752065038152,"Zhong2025",2004
299,1.79905379312087,"Zhong2025",2004
300,15.3720732969396,"Zhong2025",2004
301,3.76434744319457,"Zhong2025",2004
302,0.837577552584329,"Zhong2025",2004
303,21.4692432747947,"Zhong2025",2004
304,1.44647008340563,"Zhong2025",2004
305,0.0896917074656906,"Zhong2025",2004
306,2.80788254673028,"Zhong2025",2004
307,0.962951437402188,"Zhong2025",2004
308,1.56405761131722,"Zhong2025",2004
309,0.863907085556235,"Zhong2025",2004
310,3.13718048612235,"Zhong2025",2004
311,0.750505808124326,"Zhong2025",2004
312,6.39831041283905,"Zhong2025",2004
313,0.827029608724425,"Zhong2025",2004
314,5.83148621117224,"Zhong2025",2004
315,0.40628496799835,"Zhong2025",2004
316,0.213931589634174,"Zhong2025",2004
317,1.19256687679745,"Zhong2025",2004
318,0.850165451034363,"Zhong2025",2004
319,6.70915762709154,"Zhong2025",2004
320,3.66121276342869,"Zhong2025",2004
321,0.619382718030416,"Zhong2025",2004
322,5.84893488271056,"Zhong2025",2004
323,5.79274530496369,"Zhong2025",2004
324,1.34715616068677,"Zhong2025",2004
325,0.588411586875582,"Zhong2025",2004
326,17.9355333842588,"Zhong2025",2004
327,3.52100041772382,"Zhong2025",2004
328,2.37037197101651,"Zhong2025",2004
329,9.29506458250751,"Zhong2025",2004
330,0.571066644757685,"Zhong2025",2004
331,7.9254264905083,"Zhong2025",2004
332,41.8507741093636,"Zhong2025",2004
333,2.87589691084161,"Zhong2025",2004
334,0.491784887151487,"Zhong2025",2004
335,5.83799307844293,"Zhong2025",2004
336,9.45656973755305,"Zhong2025",2004
337,44.7334595722939,"Zhong2025",2004
338,3.61037613191142,"Zhong2025",2004
339,2.05329617909244,"Zhong2025",2004
340,3.6753098310146,"Zhong2025",2004
341,11.4277247767895,"Zhong2025",2004
342,1.6610373390446,"Zhong2025",2004
343,1.68356491374773,"Zhong2025",2004
344,2.35338987846663,"Zhong2025",2004
345,9.66276216221044,"Zhong2025",2004
346,3.80531846146788,"Zhong2025",2004
347,4.64541920786253,"Zhong2025",2004
348,0.648211084286633,"Zhong2025",2004
349,0.676648391495816,"Zhong2025",2004
350,0.957805970989823,"Zhong2025",2004
351,20.6973971911839,"Zhong2025",2004
352,0.28722611989416,"Zhong2025",2004
353,9.38302631260919,"Zhong2025",2004
354,1.36289624099347,"Zhong2025",2004
355,4.68467419574951,"Zhong2025",2004
356,0.610632807394215,"Zhong2025",2004
357,11.2009002043862,"Zhong2025",2004
358,0.473654137199952,"Zhong2025",2004
359,0.701048578629028,"Zhong2025",2004
360,1.6366208963648,"Zhong2025",2004
361,11.080423704831,"Zhong2025",2004
362,0.394466115930487,"Zhong2025",2004
363,1.79508632459813,"Zhong2025",2004
364,0.668521485391349,"Zhong2025",2004
365,1.84103797552649,"Zhong2025",2004
366,0.437965109677298,"Zhong2025",2004
367,48.0855995049843,"Zhong2025",2004
368,17.5723957581743,"Zhong2025",2004
369,0.576526055474048,"Zhong2025",2004
370,4.22083088178429,"Zhong2025",2004
371,3.01537671295244,"Zhong2025",2004
372,1.10701263949715,"Zhong2025",2004
373,6.62926255362598,"Zhong2025",2004
374,0.101824730042214,"Zhong2025",2004
375,13.5333700603054,"Zhong2025",2004
376,4.1842449414699,"Zhong2025",2004
377,0.307858904481332,"Zhong2025",2004
378,0.344077607647885,"Zhong2025",2004
379,0.925019927194599,"Zhong2025",2004
380,0.0803891951575809,"Zhong2025",2004
381,10.2894129008055,"Zhong2025",2004
382,25.6147467403089,"Zhong2025",2004
383,0.845107683044266,"Zhong2025",2004
384,1.21258906280222,"Zhong2025",2004
385,12.5179865847088,"Zhong2025",2004
386,10.2019083343054,"Zhong2025",2004
387,30.7639104662197,"Zhong2025",2004
388,4.4322314503446,"Zhong2025",2004
389,3.46431692278988,"Zhong2025",2004
390,62.8448825836182,"Zhong2025",2004
391,5.23897290939376,"Zhong2025",2004
392,11.0215871531116,"Zhong2025",2004
393,7.26906182438041,"Zhong2025",2004
394,28.8936907177322,"Zhong2025",2004
395,4.84594789342511,"Zhong2025",2004
396,2.57037019195245,"Zhong2025",2004
397,2.30424127185219,"Zhong2025",2004
398,37.290190783414,"Zhong2025",2004
399,0.130238897105058,"Zhong2025",2004
400,0.27572057835804,"Zhong2025",2004
401,0.0947953939486343,"Zhong2025",2004
402,0.232440183974424,"Zhong2025",2004
403,0,"Zhong2025",2004
404,0,"Zhong2025",2004
405,6.43685909668982,"Zhong2025",2004
406,0.0120589156582345,"Zhong2025",2004
407,0.475641192307944,"Zhong2025",2004
408,0.183064762266243,"Zhong2025",2004
409,0,"Zhong2025",2004
410,0.0258638263170131,"Zhong2025",2004
411,0,"Zhong2025",2004
412,0.135002222641351,"Zhong2025",2004
413,0,"Zhong2025",2004
414,0,"Zhong2025",2004
415,0,"Zhong2025",2004
416,0,"Zhong2025",2004
417,0.0979034402153709,"Zhong2025",2004
418,0.276863186680504,"Zhong2025",2004
419,0.180072111974515,"Zhong2025",2004
420,0,"Zhong2025",2004
421,0.172566405503182,"Zhong2025",2004
422,0,"Zhong2025",2004
423,0,"Zhong2025",2004
424,0,"Zhong2025",2004
425,0,"Zhong2025",2004
426,0.0861442423013038,"Zhong2025",2004
427,0,"Zhong2025",2004
428,0,"Zhong2025",2004
429,0.259287086714591,"Zhong2025",2004
430,0.193089515960468,"Zhong2025",2004
431,0.0185543154189054,"Zhong2025",2004
432,0,"Zhong2025",2004
433,0.0807247437191325,"Zhong2025",2004
434,0.0544223508341171,"Zhong2025",2004
435,0.00386451481170552,"Zhong2025",2004
436,0.457080294720217,"Zhong2025",2004
437,3.61498994634669,"Zhong2025",2004
438,0.563866706463489,"Zhong2025",2004
439,1.38012853978244,"Zhong2025",2004
440,0.610039401493166,"Zhong2025",2004
441,14.5706749089169,"Zhong2025",2004
442,2.6939532258223,"Zhong2025",2004
443,5.09249467175696,"Zhong2025",2004
444,5.45709957610981,"Zhong2025",2004
445,7.51208214665714,"Zhong2025",2004
446,2.51105219883092,"Zhong2025",2004
447,5.09003687744889,"Zhong2025",2004
448,1.41163002583619,"Zhong2025",2004
449,5.74836641224948,"Zhong2025",2004
450,3.24696658335386,"Zhong2025",2004
451,2.27485161486864,"Zhong2025",2004
452,1.08639835535134,"Zhong2025",2004
453,0.881983172832006,"Zhong2025",2004
454,7.34629737195514,"Zhong2025",2004
455,5.6150583180139,"Zhong2025",2004
456,9.69008148475127,"Zhong2025",2004
457,9.16655596370149,"Zhong2025",2004
458,3.58895664885529,"Zhong2025",2004
459,3.44348426161044,"Zhong2025",2004
460,0.958656925431358,"Zhong2025",2004
461,4.80364769916973,"Zhong2025",2004
462,9.67220259123835,"Zhong2025",2004
463,1.05199589251742,"Zhong2025",2004
464,1.96778982108495,"Zhong2025",2004
465,0.821456207649015,"Zhong2025",2004
466,0.486710130965007,"Zhong2025",2004
467,57.1314641208184,"Zhong2025",2004
468,23.5347430651425,"Zhong2025",2004
469,10.7385412888868,"Zhong2025",2004
470,7.4385002553463,"Zhong2025",2004
471,31.9856063116164,"Zhong2025",2004
472,6.87950720090439,"Zhong2025",2004
473,7.31964351057153,"Zhong2025",2004
474,34.9164039813555,"Zhong2025",2004
475,3.64239699504131,"Zhong2025",2004
476,13.2124235459736,"Zhong2025",2004
477,1.85936065114089,"Zhong2025",2004
478,15.8472298353146,"Zhong2025",2004
479,6.89747862602116,"Zhong2025",2004
480,39.3565798568726,"Zhong2025",2004
481,3.91223469390826,"Zhong2025",2004
482,33.5059045426389,"Zhong2025",2004
483,10.7278473914092,"Zhong2025",2004
484,5.00628012236363,"Zhong2025",2004
485,19.9623189708766,"Zhong2025",2004
486,54.6573189955491,"Zhong2025",2004
487,11.3889628052711,"Zhong2025",2004
488,11.541647314414,"Zhong2025",2004
489,8.71621763262038,"Zhong2025",2004
490,20.3256276402445,"Zhong2025",2004
491,0.148518674658144,"Zhong2025",2004
492,0.33348087956319,"Zhong2025",2004
493,0.33770205223082,"Zhong2025",2004
494,5.295223205715,"Zhong2025",2004
495,2.2613099974101,"Zhong2025",2004
496,0.236966838742968,"Zhong2025",2004
497,3.68787874847395,"Zhong2025",2004
498,1.14837757457148,"Zhong2025",2004
499,11.627989560107,"Zhong2025",2004
500,1.1196948310933,"Zhong2025",2004
501,7.75270446676474,"Zhong2025",2004
502,2.29469653079383,"Zhong2025",2004
503,0.858138342288922,"Zhong2025",2004
504,1.33456008725388,"Zhong2025",2004
505,3.28080766183795,"Zhong2025",2004
506,1.46204742993676,"Zhong2025",2004
507,3.87702838013783,"Zhong2025",2004
508,0,"Zhong2025",2004
509,1.79637472232503,"Zhong2025",2004
510,0.340825625064455,"Zhong2025",2004
511,0,"Zhong2025",2004
512,0.147927802368401,"Zhong2025",2004
513,0.327589692847099,"Zhong2025",2004
514,0.33200786053776,"Zhong2025",2004
515,3.7276588311029,"Zhong2025",2004
516,3.50116737299937,"Zhong2025",2004
517,2.34329787058118,"Zhong2025",2004
518,0.0536159554193186,"Zhong2025",2004
519,2.20640800403137,"Zhong2025",2004
520,0.813395568007856,"Zhong2025",2004
521,0.234854006305847,"Zhong2025",2004
522,5.73289501769931,"Zhong2025",2004
523,9.80515063979143,"Zhong2025",2004
524,0.182960741880618,"Zhong2025",2004
525,0.283224825777921,"Zhong2025",2004
526,2.61916595937149,"Zhong2025",2004
527,2.37803220987376,"Zhong2025",2004
528,0.00333785649940923,"Zhong2025",2004
529,20.4493009886241,"Zhong2025",2004
530,9.90060338803419,"Zhong2025",2004
531,4.97533221568006,"Zhong2025",2004
532,1.62803888525008,"Zhong2025",2004
533,1.05801034016973,"Zhong2025",2004
534,2.31479080428014,"Zhong2025",2004
535,0.63270487203497,"Zhong2025",2004
536,2.23049047430971,"Zhong2025",2004
537,1.87779048170464,"Zhong2025",2004
538,1.87807189817689,"Zhong2025",2004
539,2.45808207795533,"Zhong2025",2004
540,6.02968135926509,"Zhong2025",2004
541,6.91939297205285,"Zhong2025",2004
542,1.52998510682094,"Zhong2025",2004
543,3.97833537850503,"Zhong2025",2004
544,2.87032338788044,"Zhong2025",2004
545,1.57338344253,"Zhong2025",2004
546,2.24124514242016,"Zhong2025",2004
547,2.27695300373475,"Zhong2025",2004
548,2.01104449319033,"Zhong2025",2004
549,1.46965790527786,"Zhong2025",2004
550,1.59143167928042,"Zhong2025",2004
551,2.58497779159759,"Zhong2025",2004
552,1.43838795578908,"Zhong2025",2004
553,0.959175907526312,"Zhong2025",2004
554,1.94298331371374,"Zhong2025",2004
555,0.383263565740495,"Zhong2025",2004
556,0.91430680043792,"Zhong2025",2004
557,4.522757919813,"Zhong2025",2004
558,5.72330339941871,"Zhong2025",2004
559,2.68205244827735,"Zhong2025",2004
560,2.17363922571167,"Zhong2025",2004
561,3.83990336101496,"Zhong2025",2004
562,15.3782063941595,"Zhong2025",2004
563,2.34259617240042,"Zhong2025",2004
564,1.79009168662299,"Zhong2025",2004
565,5.96400000633364,"Zhong2025",2004
566,1.0450973425132,"Zhong2025",2004
567,6.18810407688314,"Zhong2025",2004
568,0.495601805582754,"Zhong2025",2004
569,1.8258842178272,"Zhong2025",2004
570,0.274169342807556,"Zhong2025",2004
571,2.93005073686544,"Zhong2025",2004
572,0.935386149082816,"Zhong2025",2004
573,1.73075987673715,"Zhong2025",2004
574,1.4468410278711,"Zhong2025",2004
575,1.11855971223467,"Zhong2025",2004
576,4.21782973962485,"Zhong2025",2004
577,0.57843657054099,"Zhong2025",2004
578,2.67390449557986,"Zhong2025",2004
579,1.31989064913641,"Zhong2025",2004
580,4.0169573983544,"Zhong2025",2004
581,1.81011188421468,"Zhong2025",2004
582,0.372791291047994,"Zhong2025",2004
583,0.286754137155005,"Zhong2025",2004
584,1.22915771450137,"Zhong2025",2004
585,1.11195050492171,"Zhong2025",2004
586,1.18419770752394,"Zhong2025",2004
587,0.864237988410076,"Zhong2025",2004
588,0.226749186044011,"Zhong2025",2004
589,3.36125827154649,"Zhong2025",2004
590,1.55708158197813,"Zhong2025",2004
591,3.37607834578063,"Zhong2025",2004
592,0.486644337216728,"Zhong2025",2004
593,0.208000335742075,"Zhong2025",2004
594,7.18424140634428,"Zhong2025",2004
595,1.10226778596291,"Zhong2025",2004
596,0.285427899451609,"Zhong2025",2004
597,9.48254735019653,"Zhong2025",2004
598,1.22995196572319,"Zhong2025",2004
599,2.7207095543218,"Zhong2025",2004
600,1.47861469863571,"Zhong2025",2004
601,4.11159371225188,"Zhong2025",2004
602,2.09449364321493,"Zhong2025",2004
603,24.1111430225701,"Zhong2025",2004
604,3.23286068294611,"Zhong2025",2004
605,2.09351018143044,"Zhong2025",2004
606,5.19258316681325,"Zhong2025",2004
607,9.63496554322368,"Zhong2025",2004
608,18.8777115265528,"Zhong2025",2004
609,3.94416926013327,"Zhong2025",2004
610,1.91603260462364,"Zhong2025",2004
611,2.48488404709211,"Zhong2025",2004
612,0.335869957886947,"Zhong2025",2004
613,3.59265043116008,"Zhong2025",2004
614,6.64502316985114,"Zhong2025",2004
615,0.522125466131593,"Zhong2025",2004
616,3.87465276272841,"Zhong2025",2004
617,5.78114080582062,"Zhong2025",2004
618,12.6527781007631,"Zhong2025",2004
619,0.467452230735099,"Zhong2025",2004
620,6.98591858993529,"Zhong2025",2004
621,2.4658488488537,"Zhong2025",2004
622,2.33049240263438,"Zhong2025",2004
623,7.26491595908352,"Zhong2025",2004
624,4.7866933413644,"Zhong2025",2004
625,0.512400927411703,"Zhong2025",2004
626,5.59998180407171,"Zhong2025",2004
627,7.8579459453183,"Zhong2025",2004
628,12.570250254328,"Zhong2025",2004
629,43.8065432442559,"Zhong2025",2004
630,11.9727831508802,"Zhong2025",2004
631,0.70851052824206,"Zhong2025",2004
632,0.0281321741648313,"Zhong2025",2004
633,0.0281436467483708,"Zhong2025",2004
634,1.08395892569922,"Zhong2025",2004
635,0.181677838635275,"Zhong2025",2004
636,2.88877393476091,"Zhong2025",2004
637,0.29737616087579,"Zhong2025",2004
638,27.4590183496475,"Zhong2025",2004
639,1.94257303567663,"Zhong2025",2004
640,0.62009599505692,"Zhong2025",2004
641,1.57741797717977,"Zhong2025",2004
642,1.53461901533829,"Zhong2025",2004
643,2.0947263553029,"Zhong2025",2004
644,0.551941400615587,"Zhong2025",2004
645,1.35656721781819,"Zhong2025",2004
646,7.11366275712556,"Zhong2025",2004
647,0.523104309749145,"Zhong2025",2004
648,1.47241289857305,"Zhong2025",2004
649,6.99561036550082,"Zhong2025",2004
650,3.93346080956636,"Zhong2025",2004
651,0.164929805464948,"Zhong2025",2004
652,3.15924136826526,"Zhong2025",2004
653,1.76885188571338,"Zhong2025",2004
654,11.5514974170204,"Zhong2025",2004
655,0.114124711806124,"Zhong2025",2004
656,1.36121177297465,"Zhong2025",2004
657,5.7430372526342,"Zhong2025",2004
658,3.43180425421645,"Zhong2025",2004
659,5.59084901397189,"Zhong2025",2004
660,0.258278393067228,"Zhong2025",2004
661,8.91518194829264,"Zhong2025",2004
662,1.20794103098927,"Zhong2025",2004
663,2.962996547545,"Zhong2025",2004
664,0.260054243462426,"Zhong2025",2004
665,0.806456324934748,"Zhong2025",2004
666,1.37805964851144,"Zhong2025",2004
667,0,"Zhong2025",2004
668,2.07738888658655,"Zhong2025",2004
669,1.10589373132537,"Zhong2025",2004
670,0.0856953773759364,"Zhong2025",2004
671,1.72757422567307,"Zhong2025",2004
672,15.4567806683481,"Zhong2025",2004
673,5.64874685026946,"Zhong2025",2004
674,0.901038588628777,"Zhong2025",2004
675,6.12794409129059,"Zhong2025",2004
676,2.94390155664749,"Zhong2025",2004
677,0.706780219205023,"Zhong2025",2004
678,0.986151143874007,"Zhong2025",2004
679,6.68803916975509,"Zhong2025",2004
680,4.54703507693701,"Zhong2025",2004
681,2.23983083680154,"Zhong2025",2004
682,1.08313787718745,"Zhong2025",2004
683,13.8968257398326,"Zhong2025",2004
684,0.7308863706115,"Zhong2025",2004
685,1.55457760255835,"Zhong2025",2004
686,8.17967641271912,"Zhong2025",2004
687,7.31615811157162,"Zhong2025",2004
688,0.477225062146317,"Zhong2025",2004
689,1.39817169455416,"Zhong2025",2004
690,3.42376563055762,"Zhong2025",2004
691,1.76922712613208,"Zhong2025",2004
692,18.5549164613088,"Zhong2025",2004
693,2.89051500799206,"Zhong2025",2004
694,7.22341151918684,"Zhong2025",2004
695,5.97333557506402,"Zhong2025",2004
696,0.239700258507029,"Zhong2025",2004
697,7.54792925082427,"Zhong2025",2004
698,0.877639187385121,"Zhong2025",2004
699,0.663880573929332,"Zhong2025",2004
700,3.21860627750004,"Zhong2025",2004
701,0.312640893304833,"Zhong2025",2004
702,3.87437215609395,"Zhong2025",2004
703,6.43167605326103,"Zhong2025",2004
704,16.5482842963317,"Zhong2025",2004
705,1.99630518035385,"Zhong2025",2004
706,32.763488003465,"Zhong2025",2004
707,5.47957632052047,"Zhong2025",2004
708,6.3244652066912,"Zhong2025",2004
709,0.259291596189141,"Zhong2025",2004
710,6.68548440964709,"Zhong2025",2004
711,0.361966669345387,"Zhong2025",2004
712,8.98786981203637,"Zhong2025",2004
713,0.588640482497938,"Zhong2025",2004
714,2.85469748515908,"Zhong2025",2004
715,0.472227846930669,"Zhong2025",2004
716,0.0230327434357136,"Zhong2025",2004
717,1.60550215797744,"Zhong2025",2004
718,2.81038043580272,"Zhong2025",2004
719,2.07340301347778,"Zhong2025",2004
720,0.248596500238063,"Zhong2025",2004
721,2.74198192532998,"Zhong2025",2004
722,5.30221870617772,"Zhong2025",2004
723,11.4157364348628,"Zhong2025",2004
724,0.44945902876232,"Zhong2025",2004
725,6.15158141689536,"Zhong2025",2004
726,0.296638610657554,"Zhong2025",2004
727,0.659633790816252,"Zhong2025",2004
728,3.42587258802219,"Zhong2025",2004
729,1.16690811786566,"Zhong2025",2004
730,6.96198747527431,"Zhong2025",2004
731,0.832369382708992,"Zhong2025",2004
732,10.1703658969629,"Zhong2025",2004
733,1.43891901502179,"Zhong2025",2004
734,0.330729281119559,"Zhong2025",2004
735,0.12109790390188,"Zhong2025",2004
736,2.2011518326721,"Zhong2025",2004
737,3.88296345693379,"Zhong2025",2004
738,6.46588343143463,"Zhong2025",2004
739,3.19164812912091,"Zhong2025",2004
740,10.7348461945852,"Zhong2025",2004
741,0,"Zhong2025",2004
742,4.45307419232347,"Zhong2025",2004
743,11.6591987715827,"Zhong2025",2004
744,1.05858846367043,"Zhong2025",2004
745,9.25647178102047,"Zhong2025",2004
746,2.6273337332102,"Zhong2025",2004
747,17.8608536768933,"Zhong2025",2004
748,2.82085923801753,"Zhong2025",2004
749,0.486979892085257,"Zhong2025",2004
750,1.96938991429431,"Zhong2025",2004
751,2.47160097922164,"Zhong2025",2004
752,12.3510353500779,"Zhong2025",2004
753,0.932721317671866,"Zhong2025",2004
754,0.592693176505894,"Zhong2025",2004
755,5.04535686715268,"Zhong2025",2004
756,3.48359121926732,"Zhong2025",2004
757,0,"Zhong2025",2004
758,0.178876347354628,"Zhong2025",2004
759,0.253244567746597,"Zhong2025",2004
760,0.0706365495409665,"Zhong2025",2004
761,12.9875560741799,"Zhong2025",2004
762,15.0190046110819,"Zhong2025",2004
763,13.4831166645837,"Zhong2025",2004
764,11.2375960452972,"Zhong2025",2004
765,1.6709633945745,"Zhong2025",2004
766,5.91325072571635,"Zhong2025",2004
767,13.9379805428641,"Zhong2025",2004
768,0.259188262018339,"Zhong2025",2004
769,16.1904711042132,"Zhong2025",2004
770,48.4960177681663,"Zhong2025",2004
771,0.665183558228757,"Zhong2025",2004
772,9.34831615594717,"Zhong2025",2004
773,1.50528224371411,"Zhong2025",2004
774,1.46111937020828,"Zhong2025",2004
775,9.4627083616379,"Zhong2025",2004
776,9.10405527520507,"Zhong2025",2004
777,6.25230229099592,"Zhong2025",2004
778,13.8625974289968,"Zhong2025",2004
779,51.8976687415172,"Zhong2025",2004
780,7.67129929517878,"Zhong2025",2004
781,19.21875732701,"Zhong2025",2004
782,0.180606038236458,"Zhong2025",2004
783,30.113413756802,"Zhong2025",2004
784,1.64125284217682,"Zhong2025",2004
785,3.26891530812288,"Zhong2025",2004
786,51.2129908169017,"Zhong2025",2004
787,6.83439304796328,"Zhong2025",2004
788,0.673982965266677,"Zhong2025",2004
789,23.2362844777662,"Zhong2025",2004
790,1.31557186933801,"Zhong2025",2004
791,0.99604545687807,"Zhong2025",2004
792,13.7913075431449,"Zhong2025",2004
793,7.3632390929593,"Zhong2025",2004
794,6.01231276646821,"Zhong2025",2004
795,8.361946020909,"Zhong2025",2004
796,4.14567967751348,"Zhong2025",2004
797,4.19009620212575,"Zhong2025",2004
798,8.57111853272168,"Zhong2025",2004
799,1.32424595621254,"Zhong2025",2004
800,0.108275831653515,"Zhong2025",2004
801,0.797986441359241,"Zhong2025",2004
802,1.14904904560724,"Zhong2025",2004
803,20.722065621107,"Zhong2025",2004
804,17.3927973210812,"Zhong2025",2004
805,2.59183861966717,"Zhong2025",2004
806,0.310819402713712,"Zhong2025",2004
807,10.6438984841476,"Zhong2025",2004
808,5.80749692089157,"Zhong2025",2004
809,1.24580664180626,"Zhong2025",2004
810,44.0912077678897,"Zhong2025",2004
811,1.89056072395761,"Zhong2025",2004
812,0.287209036472101,"Zhong2025",2004
813,8.65214217120204,"Zhong2025",2004
814,12.0055834284196,"Zhong2025",2004
815,13.0792353729407,"Zhong2025",2004
816,2.87619335750739,"Zhong2025",2004
817,6.59743097305298,"Zhong2025",2004
818,1.58387352467056,"Zhong2025",2004
819,3.37799398461467,"Zhong2025",2004
820,0,"Zhong2025",2004
821,8.49914533383138,"Zhong2025",2004
822,0.109584108671267,"Zhong2025",2004
823,3.57073585277048,"Zhong2025",2004
824,3.13461549932313,"Zhong2025",2004
825,0.78857667630027,"Zhong2025",2004
826,5.89308757796174,"Zhong2025",2004
827,2.48994845555049,"Zhong2025",2004
828,6.30729070443373,"Zhong2025",2004
829,9.43278973285969,"Zhong2025",2004
830,18.4606240166558,"Zhong2025",2004
831,19.7078848595315,"Zhong2025",2004
832,1.81541731450707,"Zhong2025",2004
833,0.28714474517791,"Zhong2025",2004
834,9.52490057642498,"Zhong2025",2004
835,12.6570738090957,"Zhong2025",2004
836,9.20274332181969,"Zhong2025",2004
837,17.2424934667699,"Zhong2025",2004
838,7.76065254171251,"Zhong2025",2004
839,32.011736287909,"Zhong2025",2004
840,11.2758603551171,"Zhong2025",2004
841,10.7529184667637,"Zhong2025",2004
842,3.60870614658742,"Zhong2025",2004
843,4.07866964008608,"Zhong2025",2004
844,9.3720547430443,"Zhong2025",2004
845,26.4430066422571,"Zhong2025",2004
846,4.15385502945875,"Zhong2025",2004
847,15.9121201833089,"Zhong2025",2004
848,35.6019713448696,"Zhong2025",2004
849,14.7750565740797,"Zhong2025",2004
850,3.42780974147649,"Zhong2025",2004
851,9.54288700611695,"Zhong2025",2004
852,38.8078353118896,"Zhong2025",2004
853,0.375134443570124,"Zhong2025",2004
854,1.04169698013503,"Zhong2025",2004
855,10.6073142730438,"Zhong2025",2004
856,13.9923185860669,"Zhong2025",2004
857,1.95476099191343,"Zhong2025",2004
858,2.49300011692895,"Zhong2025",2004
859,1.28590294227347,"Zhong2025",2004
860,5.24809580735148,"Zhong2025",2004
861,0.177252913243137,"Zhong2025",2004
862,6.01762036868363,"Zhong2025",2004
863,13.1059004952307,"Zhong2025",2004
864,9.26714581999668,"Zhong2025",2004
865,0.18003635168029,"Zhong2025",2004
866,13.8316767417778,"Zhong2025",2004
867,19.0387453004578,"Zhong2025",2004
868,10.9422236012888,"Zhong2025",2004
869,11.7536720251556,"Zhong2025",2004
870,0.84262669567254,"Zhong2025",2004
871,0.25186577986122,"Zhong2025",2004
872,3.83982429385844,"Zhong2025",2004
873,0.0288396640827781,"Zhong2025",2004
874,0.326656675116392,"Zhong2025",2004
875,0.461757429159748,"Zhong2025",2004
876,6.12530137947627,"Zhong2025",2004
877,0.352521741783765,"Zhong2025",2004
878,3.00684439532131,"Zhong2025",2004
879,3.15591561662517,"Zhong2025",2004
880,1.93332471352603,"Zhong2025",2004
881,0.281421573450124,"Zhong2025",2004
882,0.823101368309422,"Zhong2025",2004
883,1.6823767643101,"Zhong2025",2004
884,0.61907911627796,"Zhong2025",2004
885,0.816218237120066,"Zhong2025",2004
886,20.2139205711859,"Zhong2025",2004
887,1.16857516152724,"Zhong2025",2004
888,0.503469542751933,"Zhong2025",2004
889,6.8541043005658,"Zhong2025",2004
890,5.70232090190171,"Zhong2025",2004
891,1.49052949456821,"Zhong2025",2004
892,5.7216111207579,"Zhong2025",2004
893,2.76011102046404,"Zhong2025",2004
894,0.787489676054904,"Zhong2025",2004
895,0.775771291228567,"Zhong2025",2004
896,12.3799434924948,"Zhong2025",2004
897,3.1136977630796,"Zhong2025",2004
898,0.324402313816115,"Zhong2025",2004
899,0.245531025898309,"Zhong2025",2004
900,0.222298635818502,"Zhong2025",2004
901,26.2407572558432,"Zhong2025",2004
902,0.125020184156197,"Zhong2025",2004
903,1.10478529576377,"Zhong2025",2004
904,0.376345451064672,"Zhong2025",2004
905,0.62951933322952,"Zhong2025",2004
906,0.935830090287974,"Zhong2025",2004
907,0.754749001457859,"Zhong2025",2004
908,0.496194800381368,"Zhong2025",2004
909,22.4737441788567,"Zhong2025",2004
910,14.1087025311766,"Zhong2025",2004
911,4.71962281058267,"Zhong2025",2004
912,0.257822382637696,"Zhong2025",2004
913,0.0659419012463782,"Zhong2025",2004
914,2.20562553860456,"Zhong2025",2004
915,0.316740838977903,"Zhong2025",2004
916,1.8171375311603,"Zhong2025",2004
917,0.16813091626712,"Zhong2025",2004
918,0.655933148701917,"Zhong2025",2004
919,0.695506921038032,"Zhong2025",2004
920,0.663921706803629,"Zhong2025",2004
921,5.7479640423418,"Zhong2025",2004
922,1.44449216535404,"Zhong2025",2004
923,0.0614482474698992,"Zhong2025",2004
924,0.00421980912575738,"Zhong2025",2004
925,0.266308103251165,"Zhong2025",2004
926,0.226188707151114,"Zhong2025",2004
927,0.148197192411851,"Zhong2025",2004
928,0.0985021649253328,"Zhong2025",2004
929,0.0345034864222019,"Zhong2025",2004
930,4.92054102560167,"Zhong2025",2004
931,0.716587157988175,"Zhong2025",2004
932,0.150036870059349,"Zhong2025",2004
933,0.040451129938158,"Zhong2025",2004
934,0.192768597616093,"Zhong2025",2004
935,0.0675847195282505,"Zhong2025",2004
936,0.0141082112043335,"Zhong2025",2004
937,0,"Zhong2025",2004
938,0.0390625694158381,"Zhong2025",2004
939,11.0526729557728,"Zhong2025",2004
940,2.07393851951824,"Zhong2025",2004
941,0.868824271472526,"Zhong2025",2004
942,2.27728356998868,"Zhong2025",2004
943,0.319681518254802,"Zhong2025",2004
944,0.779734081269578,"Zhong2025",2004
945,0.285630866990175,"Zhong2025",2004
946,0.953370883358828,"Zhong2025",2004
947,0.29493356814958,"Zhong2025",2004
948,1.4444354196954,"Zhong2025",2004
949,0.30123756243218,"Zhong2025",2004
950,6.74424529843183,"Zhong2025",2004
951,0.48044930454742,"Zhong2025",2004
952,1.70892333315851,"Zhong2025",2004
953,4.64294363790876,"Zhong2025",2004
954,6.24531598758856,"Zhong2025",2004
955,0.322614848905017,"Zhong2025",2004
956,0.291020598007484,"Zhong2025",2004
957,0.454896128681958,"Zhong2025",2004
958,0.292180407448775,"Zhong2025",2004
959,0.691675400538345,"Zhong2025",2004
960,1.32266771498813,"Zhong2025",2004
961,3.04546413843075,"Zhong2025",2004
962,0.369471927195543,"Zhong2025",2004
963,3.6935369459999,"Zhong2025",2004
964,0.968094968588889,"Zhong2025",2004
965,12.2171139063468,"Zhong2025",2004
966,4.04097295664075,"Zhong2025",2004
967,3.21090177347861,"Zhong2025",2004
968,0.075061060846425,"Zhong2025",2004
969,4.00865742638437,"Zhong2025",2004
970,0.337300661042477,"Zhong2025",2004
971,2.15132239390601,"Zhong2025",2004
972,0.795293790845629,"Zhong2025",2004
973,6.93212805039575,"Zhong2025",2004
974,1.14600193046663,"Zhong2025",2004
975,0.426239640798869,"Zhong2025",2004
976,0.103882824884185,"Zhong2025",2004
977,0.0880558856968152,"Zhong2025",2004
978,1.93574065594367,"Zhong2025",2004
979,17.7301178075829,"Zhong2025",2004
980,5.55768742740571,"Zhong2025",2004
981,9.33865246524072,"Zhong2025",2004
982,0.753621166360956,"Zhong2025",2004
983,2.76128311197767,"Zhong2025",2004
984,1.83302197125223,"Zhong2025",2004
985,1.3855214483565,"Zhong2025",2004
986,0.0392944323252479,"Zhong2025",2004
987,0.158764051012041,"Zhong2025",2004
988,0.288818745026449,"Zhong2025",2004
989,0.587160479513364,"Zhong2025",2004
990,2.19797698527908,"Zhong2025",2004
991,0.0924993300324549,"Zhong2025",2004
992,4.63510012490602,"Zhong2025",2004
993,0.637714351834697,"Zhong2025",2004
994,0.507344357684962,"Zhong2025",2004
995,0.185903819808383,"Zhong2025",2004
996,3.04898443944883,"Zhong2025",2004
997,7.25061571717308,"Zhong2025",2004
998,0.541008455589389,"Zhong2025",2004
999,3.86496732456069,"Zhong2025",2004
1000,11.356844364618,"Zhong2025",2004
1001,0,"Zhong2025",2004
1002,3.25860230900623,"Zhong2025",2004
1003,0.0852389280885659,"Zhong2025",2004
1004,1.31578856814066,"Zhong2025",2004
1005,0.272180437761121,"Zhong2025",2004
1006,0,"Zhong2025",2004
1007,0.272676302223461,"Zhong2025",2004
1008,10.2340264002482,"Zhong2025",2004
1009,1.09732590455338,"Zhong2025",2004
1010,0.201699630525268,"Zhong2025",2004
1011,0.404718919218188,"Zhong2025",2004
1012,2.57501839655751,"Zhong2025",2004
1013,1.01464594392216,"Zhong2025",2004
1014,1.93130660009813,"Zhong2025",2004
1015,1.08120997667255,"Zhong2025",2004
1016,4.30735996200775,"Zhong2025",2004
1017,1.56993152964292,"Zhong2025",2004
1018,0.808756832813108,"Zhong2025",2004
1019,0.624017107837966,"Zhong2025",2004
1020,0.223096231998826,"Zhong2025",2004
1021,0.303840066962594,"Zhong2025",2004
1022,7.51779714951448,"Zhong2025",2004
1023,3.86454673405638,"Zhong2025",2004
1024,0,"Zhong2025",2004
1025,12.4455289113624,"Zhong2025",2004
1026,2.02570206962708,"Zhong2025",2004
1027,0.225041382453882,"Zhong2025",2004
1028,0.319582859142905,"Zhong2025",2004
1029,1.06457367211675,"Zhong2025",2004
1030,1.07608153810223,"Zhong2025",2004
1031,0.0768940247493843,"Zhong2025",2004
1032,5.23261734030463,"Zhong2025",2004
1033,1.62269763067617,"Zhong2025",2004
1034,2.61675680167489,"Zhong2025",2004
1035,8.91713804947702,"Zhong2025",2004
1036,2.52377099536545,"Zhong2025",2004
1037,0.203492994177578,"Zhong2025",2004
1038,1.18971470112285,"Zhong2025",2004
1039,1.04211796190718,"Zhong2025",2004
1040,0.00811065264549444,"Zhong2025",2004
1041,2.31150043133922,"Zhong2025",2004
1042,0.129496052838194,"Zhong2025",2004
1043,0.18083759514909,"Zhong2025",2004
1044,0.866455516639389,"Zhong2025",2004
1045,0,"Zhong2025",2004
1046,1.4629745527099,"Zhong2025",2004
1047,1.10712678393817,"Zhong2025",2004
1048,0.520105437558388,"Zhong2025",2004
1049,0.0203122123727188,"Zhong2025",2004
1050,0.473182614288655,"Zhong2025",2004
1051,0.24561276379364,"Zhong2025",2004
1052,0.367766120274302,"Zhong2025",2004
1053,3.23568985424936,"Zhong2025",2004
1054,8.6946025788784,"Zhong2025",2004
1055,0.553501375443588,"Zhong2025",2004
1056,1.04364141420352,"Zhong2025",2004
1057,11.735847920999,"Zhong2025",2004
1058,37.5084797467027,"Zhong2025",2004
1059,0.264018108608079,"Zhong2025",2004
1060,0.000725645564321334,"Zhong2025",2004
1061,10.3008327119205,"Zhong2025",2004
1062,38.9606507783983,"Zhong2025",2004
1063,11.4398368057777,"Zhong2025",2004
1064,0.263397418624327,"Zhong2025",2004
1065,3.16974306215192,"Zhong2025",2004
1066,1.30332102256978,"Zhong2025",2004
1067,0.766706485194013,"Zhong2025",2004
1068,1.92410944161003,"Zhong2025",2004
1069,0.142408367328914,"Zhong2025",2004
1070,1.8218172499316,"Zhong2025",2004
1071,8.96047162745386,"Zhong2025",2004
1072,1.57159534323389,"Zhong2025",2004
1073,0.558890581205707,"Zhong2025",2004
1074,6.20401785045945,"Zhong2025",2004
1075,0.975581118214144,"Zhong2025",2004
1076,1.48293367629418,"Zhong2025",2004
1077,0.300573375400731,"Zhong2025",2004
1078,16.9407309760218,"Zhong2025",2004
1079,3.89145849692962,"Zhong2025",2004
1080,19.980746718014,"Zhong2025",2004
1081,7.91121072436004,"Zhong2025",2004
1082,7.23255216151378,"Zhong2025",2004
1083,1.60325010743657,"Zhong2025",2004
1084,8.99208819721172,"Zhong2025",2004
1085,5.21735847183225,"Zhong2025",2004
1086,5.74153779433094,"Zhong2025",2004
1087,8.29665605062801,"Zhong2025",2004
1088,22.0960067488113,"Zhong2025",2004
1089,0.20564132317497,"Zhong2025",2004
1090,0.817958094079467,"Zhong2025",2004
1091,1.25145387613588,"Zhong2025",2004
1092,5.77723389176626,"Zhong2025",2004
1093,6.50229722611759,"Zhong2025",2004
1094,0.16343046627147,"Zhong2025",2004
1095,3.97560074654561,"Zhong2025",2004
1096,15.4623788626421,"Zhong2025",2004
1097,0.0788855825435036,"Zhong2025",2004
1098,0.0329521700173268,"Zhong2025",2004
1099,1.25342387968872,"Zhong2025",2004
1100,8.97122932282636,"Zhong2025",2004
1101,0.717802645867975,"Zhong2025",2004
1102,4.41562576861646,"Zhong2025",2004
1103,0.453681782131385,"Zhong2025",2004
1104,6.79095301433548,"Zhong2025",2004
1105,2.22583424779273,"Zhong2025",2004
1106,3.72316536431334,"Zhong2025",2004
1107,1.7885965668773,"Zhong2025",2004
1108,0.619225215844875,"Zhong2025",2004
1109,2.89368744882528,"Zhong2025",2004
1110,1.60310537365861,"Zhong2025",2004
1111,3.6165704668204,"Zhong2025",2004
1112,26.9132058214258,"Zhong2025",2004
1113,33.2003336743494,"Zhong2025",2004
1114,53.5655659493946,"Zhong2025",2004
1115,28.3885297356071,"Zhong2025",2004
1116,39.9203216333305,"Zhong2025",2004
1117,18.4571038136115,"Zhong2025",2004
1118,28.966558998174,"Zhong2025",2004
1119,1.49737077290757,"Zhong2025",2004
1120,6.73363554049254,"Zhong2025",2004
1121,53.1027680635452,"Zhong2025",2004
1122,50.8179051248651,"Zhong2025",2004
1,1.34202477779147,"Zhong2025",2005
2,0,"Zhong2025",2005
3,0.105451792456529,"Zhong2025",2005
4,0.307110827736524,"Zhong2025",2005
5,0.148148069613381,"Zhong2025",2005
6,0.0873643702643635,"Zhong2025",2005
7,0,"Zhong2025",2005
8,0.0181556965117572,"Zhong2025",2005
9,0.0649090554464064,"Zhong2025",2005
10,0.0472502754149978,"Zhong2025",2005
11,0.0133757536567978,"Zhong2025",2005
12,0.0233229013654655,"Zhong2025",2005
13,0.00675924166707443,"Zhong2025",2005
14,0,"Zhong2025",2005
15,0.387770514882786,"Zhong2025",2005
16,0.0571697556966161,"Zhong2025",2005
17,15.3458402389175,"Zhong2025",2005
18,1.20319148820014,"Zhong2025",2005
19,0.136652804844284,"Zhong2025",2005
20,0.423502832461963,"Zhong2025",2005
21,0.617516739224615,"Zhong2025",2005
22,1.97123882511538,"Zhong2025",2005
23,2.8667538173108,"Zhong2025",2005
24,2.49781608477636,"Zhong2025",2005
25,4.64051699378538,"Zhong2025",2005
26,4.0491464189669,"Zhong2025",2005
27,3.46308343838585,"Zhong2025",2005
28,12.599872343611,"Zhong2025",2005
29,0.213274913985451,"Zhong2025",2005
30,0.204733076776842,"Zhong2025",2005
31,0.896354682701217,"Zhong2025",2005
32,0.122312109688474,"Zhong2025",2005
33,0.462044312809952,"Zhong2025",2005
34,9.79464407987079,"Zhong2025",2005
35,1.17116322220837,"Zhong2025",2005
36,9.85552687258334,"Zhong2025",2005
37,0.104194368305952,"Zhong2025",2005
38,0.693602307453544,"Zhong2025",2005
39,0.303358829597137,"Zhong2025",2005
40,14.0562608254387,"Zhong2025",2005
41,20.5053947054107,"Zhong2025",2005
42,0.458637672681409,"Zhong2025",2005
43,1.695652782982,"Zhong2025",2005
44,0.107905219804462,"Zhong2025",2005
45,8.21760421262276,"Zhong2025",2005
46,0,"Zhong2025",2005
47,1.76544153696599,"Zhong2025",2005
48,1.14273271251352,"Zhong2025",2005
49,2.19579783386723,"Zhong2025",2005
50,0.430937910791148,"Zhong2025",2005
51,8.35856787399906,"Zhong2025",2005
52,0.752432662462002,"Zhong2025",2005
53,1.34494125266682,"Zhong2025",2005
54,0.314354829060444,"Zhong2025",2005
55,0.0681874326829996,"Zhong2025",2005
56,0,"Zhong2025",2005
57,0,"Zhong2025",2005
58,15.7622321617036,"Zhong2025",2005
59,38.6645343804971,"Zhong2025",2005
60,15.0275980850746,"Zhong2025",2005
61,7.12715765289826,"Zhong2025",2005
62,3.55433426836604,"Zhong2025",2005
63,5.97074557163538,"Zhong2025",2005
64,7.32163722746992,"Zhong2025",2005
65,9.28674585864706,"Zhong2025",2005
66,3.11263538512038,"Zhong2025",2005
67,26.4179881074282,"Zhong2025",2005
68,18.0771549382738,"Zhong2025",2005
69,2.95532804143925,"Zhong2025",2005
70,2.30979888603919,"Zhong2025",2005
71,9.95206975064071,"Zhong2025",2005
72,3.36833815694582,"Zhong2025",2005
73,7.07813451554839,"Zhong2025",2005
74,6.17296490519477,"Zhong2025",2005
75,13.2776516181581,"Zhong2025",2005
76,14.011962215717,"Zhong2025",2005
77,7.45441096479242,"Zhong2025",2005
78,17.6988792708293,"Zhong2025",2005
79,9.28778214772452,"Zhong2025",2005
80,10.9811400175095,"Zhong2025",2005
81,6.94593995940037,"Zhong2025",2005
82,11.3405651313918,"Zhong2025",2005
83,10.3200138311281,"Zhong2025",2005
84,3.63253164933106,"Zhong2025",2005
85,7.17751582030968,"Zhong2025",2005
86,4.76753941652107,"Zhong2025",2005
87,6.21853921077659,"Zhong2025",2005
88,13.9883673667908,"Zhong2025",2005
89,2.6405128517522,"Zhong2025",2005
90,9.88855406015861,"Zhong2025",2005
91,8.58422064432624,"Zhong2025",2005
92,34.5027917493291,"Zhong2025",2005
93,9.16074704624596,"Zhong2025",2005
94,5.58317900208502,"Zhong2025",2005
95,14.8287350887389,"Zhong2025",2005
96,10.9823450214458,"Zhong2025",2005
97,10.2130531726952,"Zhong2025",2005
98,1.74172967569867,"Zhong2025",2005
99,6.58582662180681,"Zhong2025",2005
100,1.23565075960249,"Zhong2025",2005
101,1.14829237089627,"Zhong2025",2005
102,4.13065783153562,"Zhong2025",2005
103,1.40485949029922,"Zhong2025",2005
104,5.51352475508295,"Zhong2025",2005
105,0.276389122495562,"Zhong2025",2005
106,3.20501361753623,"Zhong2025",2005
107,0.631073064302321,"Zhong2025",2005
108,0.792691014064498,"Zhong2025",2005
109,0.176693616362361,"Zhong2025",2005
110,0.631809247034217,"Zhong2025",2005
111,0.552888770646738,"Zhong2025",2005
112,0.0294214334452903,"Zhong2025",2005
113,0.0273065795560864,"Zhong2025",2005
114,7.35923575715251,"Zhong2025",2005
115,2.22655051237061,"Zhong2025",2005
116,1.69188170002788,"Zhong2025",2005
117,1.04720245955921,"Zhong2025",2005
118,4.68231089241479,"Zhong2025",2005
119,2.51855302937329,"Zhong2025",2005
120,3.36722235566234,"Zhong2025",2005
121,0.880935704263534,"Zhong2025",2005
122,0.0637368058376278,"Zhong2025",2005
123,8.56698973367319,"Zhong2025",2005
124,1.08361616807439,"Zhong2025",2005
125,3.63382652612974,"Zhong2025",2005
126,6.55239123238458,"Zhong2025",2005
127,1.19452234121818,"Zhong2025",2005
128,7.01787583142956,"Zhong2025",2005
129,6.59222459793091,"Zhong2025",2005
130,8.00167559055572,"Zhong2025",2005
131,12.3698066614442,"Zhong2025",2005
132,4.03287481082833,"Zhong2025",2005
133,5.04571080616405,"Zhong2025",2005
134,3.63701275255945,"Zhong2025",2005
135,1.39946626103378,"Zhong2025",2005
136,6.68429899783361,"Zhong2025",2005
137,7.37925496101379,"Zhong2025",2005
138,2.68236402433652,"Zhong2025",2005
139,3.25473836099454,"Zhong2025",2005
140,2.19307389735153,"Zhong2025",2005
141,2.97492356328784,"Zhong2025",2005
142,5.75007686458978,"Zhong2025",2005
143,0.846942687630653,"Zhong2025",2005
144,0.688682933471846,"Zhong2025",2005
145,6.5188465608822,"Zhong2025",2005
146,2.31035005869149,"Zhong2025",2005
147,5.00469663572089,"Zhong2025",2005
148,0.18081741206519,"Zhong2025",2005
149,2.70347453477195,"Zhong2025",2005
150,4.50482386746283,"Zhong2025",2005
151,1.90598846429736,"Zhong2025",2005
152,0.63731034103655,"Zhong2025",2005
153,5.38589351123455,"Zhong2025",2005
154,6.42962118022144,"Zhong2025",2005
155,3.50255712152513,"Zhong2025",2005
156,0.0720108647830784,"Zhong2025",2005
157,7.84591113825639,"Zhong2025",2005
158,3.26426857385565,"Zhong2025",2005
159,4.76174550636233,"Zhong2025",2005
160,1.91568409502393,"Zhong2025",2005
161,0.978866535772776,"Zhong2025",2005
162,0.0103527265918068,"Zhong2025",2005
163,0.229813534803893,"Zhong2025",2005
164,0.392482227973036,"Zhong2025",2005
165,0.118911287032416,"Zhong2025",2005
166,0.0844476945148967,"Zhong2025",2005
167,0.120437688671317,"Zhong2025",2005
168,0.0269393927699091,"Zhong2025",2005
169,0.00555971327380021,"Zhong2025",2005
170,0,"Zhong2025",2005
171,0,"Zhong2025",2005
172,0,"Zhong2025",2005
173,0.106986598339823,"Zhong2025",2005
174,0,"Zhong2025",2005
175,0,"Zhong2025",2005
176,0.00353003404348995,"Zhong2025",2005
177,0.0286574352202965,"Zhong2025",2005
178,0,"Zhong2025",2005
179,0,"Zhong2025",2005
180,0.0200617052787728,"Zhong2025",2005
181,0.00485661967635023,"Zhong2025",2005
182,0,"Zhong2025",2005
183,0,"Zhong2025",2005
184,0,"Zhong2025",2005
185,0,"Zhong2025",2005
186,0.0131689993936904,"Zhong2025",2005
187,0.155157984461172,"Zhong2025",2005
188,0.00724172474955526,"Zhong2025",2005
189,0.00194013947029998,"Zhong2025",2005
190,6.41484703301003,"Zhong2025",2005
191,12.7311804732404,"Zhong2025",2005
192,0.0713223782495777,"Zhong2025",2005
193,0,"Zhong2025",2005
194,0.88369401424272,"Zhong2025",2005
195,1.60057922893017,"Zhong2025",2005
196,0.230606629992113,"Zhong2025",2005
197,0.260761526343473,"Zhong2025",2005
198,0.491651140969031,"Zhong2025",2005
199,0.443207283118267,"Zhong2025",2005
200,0.467735474251687,"Zhong2025",2005
201,0.0194044248440114,"Zhong2025",2005
202,0.283345218712171,"Zhong2025",2005
203,0.020131506493075,"Zhong2025",2005
204,4.9010121242752,"Zhong2025",2005
205,0.29059934449192,"Zhong2025",2005
206,1.20105627296843,"Zhong2025",2005
207,0.0441164959325505,"Zhong2025",2005
208,0.0807765701507408,"Zhong2025",2005
209,0.161295509234625,"Zhong2025",2005
210,0.00333548916846584,"Zhong2025",2005
211,0,"Zhong2025",2005
212,0,"Zhong2025",2005
213,0,"Zhong2025",2005
214,0,"Zhong2025",2005
215,0,"Zhong2025",2005
216,0,"Zhong2025",2005
217,0.0510249114613026,"Zhong2025",2005
218,0,"Zhong2025",2005
219,0,"Zhong2025",2005
220,0.0151655608828941,"Zhong2025",2005
221,0.000307094983282832,"Zhong2025",2005
222,0,"Zhong2025",2005
223,0,"Zhong2025",2005
224,0,"Zhong2025",2005
225,0.000472983161239309,"Zhong2025",2005
226,0.0684115726213332,"Zhong2025",2005
227,0.00857624328802907,"Zhong2025",2005
228,0.00909809299540369,"Zhong2025",2005
229,0.00379421637774012,"Zhong2025",2005
230,20.5159483483969,"Zhong2025",2005
231,2.75154272148867,"Zhong2025",2005
232,5.34155389409593,"Zhong2025",2005
233,0.190671012451758,"Zhong2025",2005
234,6.24055128677895,"Zhong2025",2005
235,10.1377743747499,"Zhong2025",2005
236,4.72462732685157,"Zhong2025",2005
237,4.44819447261992,"Zhong2025",2005
238,4.87181097238389,"Zhong2025",2005
239,4.04566927528064,"Zhong2025",2005
240,16.3433739595246,"Zhong2025",2005
241,8.97029750630007,"Zhong2025",2005
242,3.45582692709286,"Zhong2025",2005
243,10.4676978541205,"Zhong2025",2005
244,2.04390666753016,"Zhong2025",2005
245,10.5122226935167,"Zhong2025",2005
246,5.66563434514901,"Zhong2025",2005
247,0.868849977915964,"Zhong2025",2005
248,11.5851653811987,"Zhong2025",2005
249,8.66574670987971,"Zhong2025",2005
250,0.553941090758224,"Zhong2025",2005
251,1.82502740289114,"Zhong2025",2005
252,10.1067314769911,"Zhong2025",2005
253,1.80669048503751,"Zhong2025",2005
254,16.7015271429288,"Zhong2025",2005
255,2.50501442383081,"Zhong2025",2005
256,5.76830985730271,"Zhong2025",2005
257,33.3521285522275,"Zhong2025",2005
258,7.88359982468361,"Zhong2025",2005
259,16.5458632860364,"Zhong2025",2005
260,30.0820807615916,"Zhong2025",2005
261,4.57269595988015,"Zhong2025",2005
262,12.881592256833,"Zhong2025",2005
263,1.58476871090669,"Zhong2025",2005
264,16.1213047348935,"Zhong2025",2005
265,13.3244758950004,"Zhong2025",2005
266,1.93970285341,"Zhong2025",2005
267,17.2954434948368,"Zhong2025",2005
268,4.54107375656745,"Zhong2025",2005
269,22.9439740345654,"Zhong2025",2005
270,5.12358517124047,"Zhong2025",2005
271,11.6286002946278,"Zhong2025",2005
272,8.85036787255221,"Zhong2025",2005
273,47.9867705769009,"Zhong2025",2005
274,8.53342979115861,"Zhong2025",2005
275,6.79753663244936,"Zhong2025",2005
276,16.3132458574632,"Zhong2025",2005
277,12.5541754869314,"Zhong2025",2005
278,0.677452357369671,"Zhong2025",2005
279,0.263659294722868,"Zhong2025",2005
280,10.1587528639826,"Zhong2025",2005
281,7.4334664130616,"Zhong2025",2005
282,5.88433208198536,"Zhong2025",2005
283,47.5528332664624,"Zhong2025",2005
284,6.38137613313107,"Zhong2025",2005
285,0.17732380228448,"Zhong2025",2005
286,0.273878357774889,"Zhong2025",2005
287,0.476963400922684,"Zhong2025",2005
288,1.00285891077785,"Zhong2025",2005
289,3.22543754638173,"Zhong2025",2005
290,40.2443133190179,"Zhong2025",2005
291,0.963339958847944,"Zhong2025",2005
292,18.229248509429,"Zhong2025",2005
293,4.71678455721619,"Zhong2025",2005
294,0.684990574518451,"Zhong2025",2005
295,0.355944784781605,"Zhong2025",2005
296,0.262624521995369,"Zhong2025",2005
297,2.31028903050996,"Zhong2025",2005
298,0.45607892344862,"Zhong2025",2005
299,1.74830018156612,"Zhong2025",2005
300,15.3720732969396,"Zhong2025",2005
301,3.74476648735779,"Zhong2025",2005
302,0.867461462148909,"Zhong2025",2005
303,21.4920379373762,"Zhong2025",2005
304,1.32971045117744,"Zhong2025",2005
305,0.062720386710125,"Zhong2025",2005
306,2.66367803420697,"Zhong2025",2005
307,0.949237795183809,"Zhong2025",2005
308,1.55553364914978,"Zhong2025",2005
309,0.803474696649488,"Zhong2025",2005
310,3.09383310303719,"Zhong2025",2005
311,0.692167080140824,"Zhong2025",2005
312,6.42204272123675,"Zhong2025",2005
313,0.777889055822499,"Zhong2025",2005
314,5.05685892226452,"Zhong2025",2005
315,0.397639819423199,"Zhong2025",2005
316,0.195233770846899,"Zhong2025",2005
317,1.19083610230788,"Zhong2025",2005
318,0.848702490063142,"Zhong2025",2005
319,6.76890035295209,"Zhong2025",2005
320,3.52381512838602,"Zhong2025",2005
321,0.602859615188989,"Zhong2025",2005
322,5.60824131925573,"Zhong2025",2005
323,5.75157307248483,"Zhong2025",2005
324,1.30008761080788,"Zhong2025",2005
325,0.592519786999272,"Zhong2025",2005
326,17.9355333842588,"Zhong2025",2005
327,3.43735836526399,"Zhong2025",2005
328,2.38088434577725,"Zhong2025",2005
329,9.15124179610928,"Zhong2025",2005
330,0.605053858963227,"Zhong2025",2005
331,7.81828239663608,"Zhong2025",2005
332,41.8547294259071,"Zhong2025",2005
333,2.86328884058249,"Zhong2025",2005
334,0.482896894621321,"Zhong2025",2005
335,5.81714158256895,"Zhong2025",2005
336,9.4815444221145,"Zhong2025",2005
337,44.7334595722939,"Zhong2025",2005
338,3.39035403866565,"Zhong2025",2005
339,2.0243941065436,"Zhong2025",2005
340,3.60074482281925,"Zhong2025",2005
341,11.3654375998303,"Zhong2025",2005
342,1.67322983678868,"Zhong2025",2005
343,1.65425240586139,"Zhong2025",2005
344,2.40480708065413,"Zhong2025",2005
345,9.45758453988666,"Zhong2025",2005
346,3.83463578060908,"Zhong2025",2005
347,4.56527382677252,"Zhong2025",2005
348,0.605706727563551,"Zhong2025",2005
349,0.689551764150824,"Zhong2025",2005
350,0.989435464600791,"Zhong2025",2005
351,20.6973971911839,"Zhong2025",2005
352,0.272220148557895,"Zhong2025",2005
353,9.38302631260919,"Zhong2025",2005
354,1.31714244500236,"Zhong2025",2005
355,4.42763670742045,"Zhong2025",2005
356,0.604764939039332,"Zhong2025",2005
357,11.2318351945867,"Zhong2025",2005
358,0.497700583665735,"Zhong2025",2005
359,0.723978320259573,"Zhong2025",2005
360,1.5795338080713,"Zhong2025",2005
361,11.080423704831,"Zhong2025",2005
362,0.339836213658884,"Zhong2025",2005
363,1.67136737403922,"Zhong2025",2005
364,0.607474856686183,"Zhong2025",2005
365,1.79703031954523,"Zhong2025",2005
366,0.449299475732243,"Zhong2025",2005
367,48.0897372961044,"Zhong2025",2005
368,17.5723957581743,"Zhong2025",2005
369,0.568821817215693,"Zhong2025",2005
370,3.98914807840891,"Zhong2025",2005
371,2.93581496775413,"Zhong2025",2005
372,1.03346646092195,"Zhong2025",2005
373,6.62594395523009,"Zhong2025",2005
374,0.0995366140096276,"Zhong2025",2005
375,13.4483580757533,"Zhong2025",2005
376,4.13648104245464,"Zhong2025",2005
377,0.30730562717893,"Zhong2025",2005
378,0.360836897557074,"Zhong2025",2005
379,0.698773556461413,"Zhong2025",2005
380,0.089314390621647,"Zhong2025",2005
381,10.2448551595211,"Zhong2025",2005
382,25.6336694814391,"Zhong2025",2005
383,0.84113146219141,"Zhong2025",2005
384,1.22114258371243,"Zhong2025",2005
385,12.4186728782529,"Zhong2025",2005
386,9.94869984973941,"Zhong2025",2005
387,30.7577046622123,"Zhong2025",2005
388,4.07318828233178,"Zhong2025",2005
389,3.44981835730196,"Zhong2025",2005
390,62.8448825836182,"Zhong2025",2005
391,5.3118040031857,"Zhong2025",2005
392,10.9809173492114,"Zhong2025",2005
393,7.13110688994234,"Zhong2025",2005
394,28.8936907177322,"Zhong2025",2005
395,4.87092443697509,"Zhong2025",2005
396,2.52497635336191,"Zhong2025",2005
397,2.258484918432,"Zhong2025",2005
398,37.290190783414,"Zhong2025",2005
399,0.129241210906114,"Zhong2025",2005
400,0.278636597069925,"Zhong2025",2005
401,0.0962525535620995,"Zhong2025",2005
402,0.230897128216136,"Zhong2025",2005
403,0,"Zhong2025",2005
404,0,"Zhong2025",2005
405,6.47164180977935,"Zhong2025",2005
406,0.0112927683620031,"Zhong2025",2005
407,0.474923229332992,"Zhong2025",2005
408,0.1942507762944,"Zhong2025",2005
409,0,"Zhong2025",2005
410,0.0290881828889588,"Zhong2025",2005
411,0,"Zhong2025",2005
412,0.132680905538988,"Zhong2025",2005
413,0,"Zhong2025",2005
414,0,"Zhong2025",2005
415,0,"Zhong2025",2005
416,0,"Zhong2025",2005
417,0.0979034402153709,"Zhong2025",2005
418,0.26864709245863,"Zhong2025",2005
419,0.143030046186395,"Zhong2025",2005
420,0,"Zhong2025",2005
421,0.173026349717967,"Zhong2025",2005
422,0,"Zhong2025",2005
423,0,"Zhong2025",2005
424,0,"Zhong2025",2005
425,0,"Zhong2025",2005
426,0.081531482282354,"Zhong2025",2005
427,0,"Zhong2025",2005
428,0,"Zhong2025",2005
429,0.264312151819468,"Zhong2025",2005
430,0.190495010130412,"Zhong2025",2005
431,0.0165505882363845,"Zhong2025",2005
432,0,"Zhong2025",2005
433,0.0807247437191325,"Zhong2025",2005
434,0.0451633260656382,"Zhong2025",2005
435,0.00929635792209577,"Zhong2025",2005
436,0.44710861166329,"Zhong2025",2005
437,3.6493453106705,"Zhong2025",2005
438,0.542661722582346,"Zhong2025",2005
439,1.37645725476461,"Zhong2025",2005
440,0.606701857791651,"Zhong2025",2005
441,14.766505642361,"Zhong2025",2005
442,2.75860989890887,"Zhong2025",2005
443,5.08398836910399,"Zhong2025",2005
444,5.39766719086291,"Zhong2025",2005
445,7.60814573262867,"Zhong2025",2005
446,2.52190736535761,"Zhong2025",2005
447,5.11570106503229,"Zhong2025",2005
448,1.41799458401435,"Zhong2025",2005
449,5.85522482312764,"Zhong2025",2005
450,3.00407851114869,"Zhong2025",2005
451,2.20092173164404,"Zhong2025",2005
452,0.997710107889031,"Zhong2025",2005
453,0.928126980875268,"Zhong2025",2005
454,7.3594466939805,"Zhong2025",2005
455,5.39877918754849,"Zhong2025",2005
456,9.69525357376445,"Zhong2025",2005
457,9.18855628175355,"Zhong2025",2005
458,3.36014977782421,"Zhong2025",2005
459,3.31061709596689,"Zhong2025",2005
460,0.943827087241832,"Zhong2025",2005
461,4.89818602891494,"Zhong2025",2005
462,9.67224824017492,"Zhong2025",2005
463,1.0417199544359,"Zhong2025",2005
464,1.94751063268319,"Zhong2025",2005
465,0.7991684343898,"Zhong2025",2005
466,0.481051349368319,"Zhong2025",2005
467,57.1560003466722,"Zhong2025",2005
468,23.5347430651425,"Zhong2025",2005
469,10.7124457719071,"Zhong2025",2005
470,7.45246843165821,"Zhong2025",2005
471,31.9856063116164,"Zhong2025",2005
472,6.90242813714866,"Zhong2025",2005
473,7.37663666140676,"Zhong2025",2005
474,35.1284338786052,"Zhong2025",2005
475,3.52535454050422,"Zhong2025",2005
476,12.4013710962418,"Zhong2025",2005
477,1.87945598989392,"Zhong2025",2005
478,14.9144163481318,"Zhong2025",2005
479,6.24725660135573,"Zhong2025",2005
480,39.3565798568726,"Zhong2025",2005
481,3.90128255550047,"Zhong2025",2005
482,33.8736469187635,"Zhong2025",2005
483,10.6681949036553,"Zhong2025",2005
484,5.06068060100079,"Zhong2025",2005
485,18.8182685679811,"Zhong2025",2005
486,54.6573189955491,"Zhong2025",2005
487,11.2989364614089,"Zhong2025",2005
488,11.541647314414,"Zhong2025",2005
489,8.45090033658422,"Zhong2025",2005
490,20.3240550753261,"Zhong2025",2005
491,0.145473335082531,"Zhong2025",2005
492,0.219459402855046,"Zhong2025",2005
493,0.324863001336286,"Zhong2025",2005
494,5.3522422951156,"Zhong2025",2005
495,2.48810504936759,"Zhong2025",2005
496,0.243175860209691,"Zhong2025",2005
497,3.76763632939591,"Zhong2025",2005
498,1.15432495495581,"Zhong2025",2005
499,11.6140876965494,"Zhong2025",2005
500,1.04477258259062,"Zhong2025",2005
501,7.69129720755986,"Zhong2025",2005
502,2.21893712814778,"Zhong2025",2005
503,0.817233498761553,"Zhong2025",2005
504,1.30505420239426,"Zhong2025",2005
505,3.31530561819272,"Zhong2025",2005
506,1.2900154982246,"Zhong2025",2005
507,3.79292380155031,"Zhong2025",2005
508,0,"Zhong2025",2005
509,1.75970727391042,"Zhong2025",2005
510,0.342531009529837,"Zhong2025",2005
511,0,"Zhong2025",2005
512,0.128604398168995,"Zhong2025",2005
513,0.354288881852103,"Zhong2025",2005
514,0.328421819057124,"Zhong2025",2005
515,3.67684094003553,"Zhong2025",2005
516,3.66377663098868,"Zhong2025",2005
517,2.29497221607968,"Zhong2025",2005
518,0.0513892235556166,"Zhong2025",2005
519,2.17589691166374,"Zhong2025",2005
520,0.73464323303236,"Zhong2025",2005
521,0.244597526257129,"Zhong2025",2005
522,5.51509991621609,"Zhong2025",2005
523,9.82717135969115,"Zhong2025",2005
524,0.191391537676605,"Zhong2025",2005
525,0.261601284504836,"Zhong2025",2005
526,2.58566219101448,"Zhong2025",2005
527,2.31959458174551,"Zhong2025",2005
528,0.0167670332539229,"Zhong2025",2005
529,20.5269691399788,"Zhong2025",2005
530,9.93848243900644,"Zhong2025",2005
531,5.07117380362753,"Zhong2025",2005
532,1.57054675020859,"Zhong2025",2005
533,0.999766668077449,"Zhong2025",2005
534,2.14572639698058,"Zhong2025",2005
535,0.582004845999874,"Zhong2025",2005
536,2.18953995419101,"Zhong2025",2005
537,1.80478802105441,"Zhong2025",2005
538,1.65191114121323,"Zhong2025",2005
539,2.54689452765204,"Zhong2025",2005
540,5.93039761382754,"Zhong2025",2005
541,6.88942820286449,"Zhong2025",2005
542,1.50994869739092,"Zhong2025",2005
543,4.0169803470417,"Zhong2025",2005
544,2.54116101256789,"Zhong2025",2005
545,1.53679388228778,"Zhong2025",2005
546,2.17558283658047,"Zhong2025",2005
547,2.30337080290051,"Zhong2025",2005
548,1.96948846054653,"Zhong2025",2005
549,1.15692429491084,"Zhong2025",2005
550,1.52314869837499,"Zhong2025",2005
551,2.38335419764149,"Zhong2025",2005
552,1.26898771958748,"Zhong2025",2005
553,0.924327512350657,"Zhong2025",2005
554,1.82670915463377,"Zhong2025",2005
555,0.347568689587778,"Zhong2025",2005
556,0.785936531336608,"Zhong2025",2005
557,4.51052818476719,"Zhong2025",2005
558,5.51838574529434,"Zhong2025",2005
559,2.59783013968078,"Zhong2025",2005
560,2.0073300782351,"Zhong2025",2005
561,3.64932660348639,"Zhong2025",2005
562,15.2585471223347,"Zhong2025",2005
563,1.51658524665478,"Zhong2025",2005
564,1.46615802590504,"Zhong2025",2005
565,5.66466378034662,"Zhong2025",2005
566,0.984976691739261,"Zhong2025",2005
567,6.1588044560009,"Zhong2025",2005
568,0.448116537528347,"Zhong2025",2005
569,1.60031802465291,"Zhong2025",2005
570,0.275307031222667,"Zhong2025",2005
571,2.8998240568231,"Zhong2025",2005
572,0.908076813573458,"Zhong2025",2005
573,1.70524848323326,"Zhong2025",2005
574,1.19633875883587,"Zhong2025",2005
575,1.02778732836977,"Zhong2025",2005
576,4.02598756829637,"Zhong2025",2005
577,0.531414671339476,"Zhong2025",2005
578,2.3939938913843,"Zhong2025",2005
579,0.79127178943049,"Zhong2025",2005
580,3.8585546696525,"Zhong2025",2005
581,1.71363180534695,"Zhong2025",2005
582,0.356346585138935,"Zhong2025",2005
583,0.267682523798134,"Zhong2025",2005
584,1.0137426630452,"Zhong2025",2005
585,1.05206136705251,"Zhong2025",2005
586,1.0191251335976,"Zhong2025",2005
587,0.668831361168221,"Zhong2025",2005
588,0.145899384426899,"Zhong2025",2005
589,2.48913940049204,"Zhong2025",2005
590,1.47013602341606,"Zhong2025",2005
591,3.34265779030983,"Zhong2025",2005
592,0.473533563027686,"Zhong2025",2005
593,0.21193366044989,"Zhong2025",2005
594,6.70218150224088,"Zhong2025",2005
595,1.01393421142689,"Zhong2025",2005
596,0.213350832031326,"Zhong2025",2005
597,8.81350731399662,"Zhong2025",2005
598,1.11250349230041,"Zhong2025",2005
599,2.53617745905765,"Zhong2025",2005
600,1.3768088107954,"Zhong2025",2005
601,3.78111551459277,"Zhong2025",2005
602,2.06700298300846,"Zhong2025",2005
603,24.0981598303236,"Zhong2025",2005
604,3.12355241861219,"Zhong2025",2005
605,1.88358293123784,"Zhong2025",2005
606,5.19763093294321,"Zhong2025",2005
607,9.4559799409982,"Zhong2025",2005
608,18.8759804328283,"Zhong2025",2005
609,3.99469144967781,"Zhong2025",2005
610,1.64709993387666,"Zhong2025",2005
611,2.3031221959966,"Zhong2025",2005
612,0.337874995428137,"Zhong2025",2005
613,3.51698147704402,"Zhong2025",2005
614,6.61144566978328,"Zhong2025",2005
615,0.508667201887254,"Zhong2025",2005
616,3.53122509900694,"Zhong2025",2005
617,5.68918435437524,"Zhong2025",2005
618,12.5772595498308,"Zhong2025",2005
619,0.377561778513329,"Zhong2025",2005
620,6.82605695757786,"Zhong2025",2005
621,2.42199975088166,"Zhong2025",2005
622,2.36559227632719,"Zhong2025",2005
623,7.03009364983958,"Zhong2025",2005
624,4.57094664038762,"Zhong2025",2005
625,0.455567109857996,"Zhong2025",2005
626,5.51823063181176,"Zhong2025",2005
627,7.90303140881136,"Zhong2025",2005
628,12.3869698378028,"Zhong2025",2005
629,43.8065432442559,"Zhong2025",2005
630,11.9727831508802,"Zhong2025",2005
631,0.708897698760798,"Zhong2025",2005
632,0.0315021008508679,"Zhong2025",2005
633,0.0271461152853487,"Zhong2025",2005
634,1.09039774448944,"Zhong2025",2005
635,0.195747302352697,"Zhong2025",2005
636,2.88724052399169,"Zhong2025",2005
637,0.352944489892432,"Zhong2025",2005
638,27.4590183496475,"Zhong2025",2005
639,1.94257303567663,"Zhong2025",2005
640,0.591260296788746,"Zhong2025",2005
641,1.64672803483291,"Zhong2025",2005
642,1.50725793855828,"Zhong2025",2005
643,1.95927832476676,"Zhong2025",2005
644,0.537238681298636,"Zhong2025",2005
645,1.4321470802556,"Zhong2025",2005
646,7.02929174666311,"Zhong2025",2005
647,0.345236451923847,"Zhong2025",2005
648,0.952173052026945,"Zhong2025",2005
649,7.04484624129075,"Zhong2025",2005
650,3.28796033688855,"Zhong2025",2005
651,0.0905419879981989,"Zhong2025",2005
652,3.12062123925358,"Zhong2025",2005
653,1.77178845311162,"Zhong2025",2005
654,11.3414201391326,"Zhong2025",2005
655,0.148220460751205,"Zhong2025",2005
656,1.11313797524589,"Zhong2025",2005
657,5.522199160929,"Zhong2025",2005
658,3.38013743263048,"Zhong2025",2005
659,5.58784998629194,"Zhong2025",2005
660,0,"Zhong2025",2005
661,9.08760914110368,"Zhong2025",2005
662,1.08152174474413,"Zhong2025",2005
663,2.93537125444661,"Zhong2025",2005
664,0.158961550465652,"Zhong2025",2005
665,0.801997721715029,"Zhong2025",2005
666,1.3079978086081,"Zhong2025",2005
667,0,"Zhong2025",2005
668,1.95145641428985,"Zhong2025",2005
669,1.00258487954153,"Zhong2025",2005
670,0.113732910316326,"Zhong2025",2005
671,1.89714284071248,"Zhong2025",2005
672,15.3241387102753,"Zhong2025",2005
673,5.64874685026946,"Zhong2025",2005
674,0.53016264074029,"Zhong2025",2005
675,6.11623117811091,"Zhong2025",2005
676,2.95054228113048,"Zhong2025",2005
677,0.647852021668827,"Zhong2025",2005
678,0.986151143874007,"Zhong2025",2005
679,6.68803916975509,"Zhong2025",2005
680,3.78942204232133,"Zhong2025",2005
681,1.63647030373769,"Zhong2025",2005
682,0.983869679991091,"Zhong2025",2005
683,13.7924585131966,"Zhong2025",2005
684,0.766964415140242,"Zhong2025",2005
685,1.63515917732291,"Zhong2025",2005
686,8.17605971386493,"Zhong2025",2005
687,7.37870727398473,"Zhong2025",2005
688,0.352673373298983,"Zhong2025",2005
689,1.42041107063944,"Zhong2025",2005
690,3.40833071857838,"Zhong2025",2005
691,1.76977468221448,"Zhong2025",2005
692,18.5549164613088,"Zhong2025",2005
693,2.89051500799206,"Zhong2025",2005
694,7.22341151918684,"Zhong2025",2005
695,5.28913464347521,"Zhong2025",2005
696,0.33025931502166,"Zhong2025",2005
697,7.37163390902648,"Zhong2025",2005
698,0.821012093169147,"Zhong2025",2005
699,0.323968732898634,"Zhong2025",2005
700,3.18847776805913,"Zhong2025",2005
701,0.320272994753257,"Zhong2025",2005
702,3.70494331839913,"Zhong2025",2005
703,6.30982299089957,"Zhong2025",2005
704,16.5013154827315,"Zhong2025",2005
705,1.7731765640193,"Zhong2025",2005
706,32.8046111591527,"Zhong2025",2005
707,3.85016325947696,"Zhong2025",2005
708,6.27216776968941,"Zhong2025",2005
709,0.22262862522155,"Zhong2025",2005
710,6.65288829953659,"Zhong2025",2005
711,0.311178434183795,"Zhong2025",2005
712,8.95259100686167,"Zhong2025",2005
713,0.534572154012593,"Zhong2025",2005
714,3.04484758435226,"Zhong2025",2005
715,0.458389381442066,"Zhong2025",2005
716,0,"Zhong2025",2005
717,1.73811255651924,"Zhong2025",2005
718,2.78677325966683,"Zhong2025",2005
719,1.8143749201056,"Zhong2025",2005
720,0.176455505437135,"Zhong2025",2005
721,2.47927075039166,"Zhong2025",2005
722,5.22878694316993,"Zhong2025",2005
723,11.2478007290383,"Zhong2025",2005
724,0.472327370228975,"Zhong2025",2005
725,5.96636036737466,"Zhong2025",2005
726,0.329694304798501,"Zhong2025",2005
727,0.601529657425216,"Zhong2025",2005
728,2.37323121613625,"Zhong2025",2005
729,0.814279754022227,"Zhong2025",2005
730,6.80042167616562,"Zhong2025",2005
731,0.843004633218232,"Zhong2025",2005
732,10.2132277621163,"Zhong2025",2005
733,1.25177812652179,"Zhong2025",2005
734,0.357176510212455,"Zhong2025",2005
735,0.239754384895787,"Zhong2025",2005
736,2.21424806200796,"Zhong2025",2005
737,3.88811845096052,"Zhong2025",2005
738,6.08745679408312,"Zhong2025",2005
739,3.14053461487275,"Zhong2025",2005
740,10.7348461945852,"Zhong2025",2005
741,0.178550196666792,"Zhong2025",2005
742,3.63295519297773,"Zhong2025",2005
743,11.6591987715827,"Zhong2025",2005
744,1.07738777193837,"Zhong2025",2005
745,9.17727756753881,"Zhong2025",2005
746,2.25316144583317,"Zhong2025",2005
747,17.8541153596372,"Zhong2025",2005
748,2.58191601320037,"Zhong2025",2005
749,0.592807826843407,"Zhong2025",2005
750,1.81813108945119,"Zhong2025",2005
751,2.00236668730913,"Zhong2025",2005
752,12.3510353500779,"Zhong2025",2005
753,0.867908623965027,"Zhong2025",2005
754,0.592693176505894,"Zhong2025",2005
755,4.99950041858003,"Zhong2025",2005
756,3.22827649157448,"Zhong2025",2005
757,0,"Zhong2025",2005
758,0.186484592511856,"Zhong2025",2005
759,0.238889327993797,"Zhong2025",2005
760,0.0775492693877445,"Zhong2025",2005
761,12.9875560741799,"Zhong2025",2005
762,15.0190046110819,"Zhong2025",2005
763,13.4831166645837,"Zhong2025",2005
764,11.221120633381,"Zhong2025",2005
765,1.60995160498993,"Zhong2025",2005
766,5.38295985106379,"Zhong2025",2005
767,13.9379805428641,"Zhong2025",2005
768,0.283582889636806,"Zhong2025",2005
769,16.1904711042132,"Zhong2025",2005
770,48.4960177681663,"Zhong2025",2005
771,0.629423074963225,"Zhong2025",2005
772,9.34831615594717,"Zhong2025",2005
773,1.34017112697609,"Zhong2025",2005
774,1.37508154103728,"Zhong2025",2005
775,9.47263368295553,"Zhong2025",2005
776,9.12725792167867,"Zhong2025",2005
777,5.86937762816984,"Zhong2025",2005
778,14.2669582463486,"Zhong2025",2005
779,51.8976687415172,"Zhong2025",2005
780,7.22654468540488,"Zhong2025",2005
781,19.21875732701,"Zhong2025",2005
782,0.0444450050592422,"Zhong2025",2005
783,30.113413756802,"Zhong2025",2005
784,1.6392146553729,"Zhong2025",2005
785,3.30905473257313,"Zhong2025",2005
786,51.2129908169017,"Zhong2025",2005
787,6.70508090761232,"Zhong2025",2005
788,0.653309264300782,"Zhong2025",2005
789,23.5627883201422,"Zhong2025",2005
790,1.32495014335373,"Zhong2025",2005
791,1.0139404022745,"Zhong2025",2005
792,13.7913075431449,"Zhong2025",2005
793,7.00740479485442,"Zhong2025",2005
794,5.80382651861227,"Zhong2025",2005
795,8.28427270366205,"Zhong2025",2005
796,3.89723817183047,"Zhong2025",2005
797,3.8868256305347,"Zhong2025",2005
798,8.36321704067401,"Zhong2025",2005
799,1.32799592537099,"Zhong2025",2005
800,0.107329222513461,"Zhong2025",2005
801,0.87232967482959,"Zhong2025",2005
802,1.15375223187074,"Zhong2025",2005
803,20.722065621107,"Zhong2025",2005
804,17.3927973210812,"Zhong2025",2005
805,2.34759833880246,"Zhong2025",2005
806,0.110815763528294,"Zhong2025",2005
807,10.6432247632816,"Zhong2025",2005
808,5.52936300056754,"Zhong2025",2005
809,1.05462466834598,"Zhong2025",2005
810,44.0912077678897,"Zhong2025",2005
811,1.89056072395761,"Zhong2025",2005
812,0.302300043618566,"Zhong2025",2005
813,8.69007416840257,"Zhong2025",2005
814,12.3934614658356,"Zhong2025",2005
815,13.1230905791124,"Zhong2025",2005
816,2.59548267908394,"Zhong2025",2005
817,6.52857592185338,"Zhong2025",2005
818,1.30721455806541,"Zhong2025",2005
819,2.57357993226137,"Zhong2025",2005
820,0,"Zhong2025",2005
821,8.49914533383138,"Zhong2025",2005
822,0.113433761282091,"Zhong2025",2005
823,3.53981089327228,"Zhong2025",2005
824,3.0961952805106,"Zhong2025",2005
825,0.970173353840615,"Zhong2025",2005
826,5.31979463391361,"Zhong2025",2005
827,2.44866116237763,"Zhong2025",2005
828,6.10526250348641,"Zhong2025",2005
829,9.42979411345262,"Zhong2025",2005
830,18.4606240166558,"Zhong2025",2005
831,19.7078848595315,"Zhong2025",2005
832,1.7743360227547,"Zhong2025",2005
833,0.199741641761827,"Zhong2025",2005
834,9.52490057642498,"Zhong2025",2005
835,12.6570738090957,"Zhong2025",2005
836,8.93177736066782,"Zhong2025",2005
837,17.2424934667699,"Zhong2025",2005
838,7.75804535160754,"Zhong2025",2005
839,32.011736287909,"Zhong2025",2005
840,11.2071094365621,"Zhong2025",2005
841,10.5020571415839,"Zhong2025",2005
842,3.1558777356986,"Zhong2025",2005
843,3.92662012037061,"Zhong2025",2005
844,9.22839618541978,"Zhong2025",2005
845,26.4430066422571,"Zhong2025",2005
846,3.90124041341663,"Zhong2025",2005
847,15.9121201833089,"Zhong2025",2005
848,35.6019713448696,"Zhong2025",2005
849,14.7750565740797,"Zhong2025",2005
850,3.42727310377462,"Zhong2025",2005
851,9.56181138212031,"Zhong2025",2005
852,38.855881169637,"Zhong2025",2005
853,0.114239758125653,"Zhong2025",2005
854,1.02479578257389,"Zhong2025",2005
855,10.6073142730438,"Zhong2025",2005
856,13.9715903202693,"Zhong2025",2005
857,1.9631687232959,"Zhong2025",2005
858,2.17495046992373,"Zhong2025",2005
859,1.10955952909334,"Zhong2025",2005
860,4.55172017686171,"Zhong2025",2005
861,0,"Zhong2025",2005
862,5.87632430892838,"Zhong2025",2005
863,13.0867637614815,"Zhong2025",2005
864,9.26714581999668,"Zhong2025",2005
865,0.152507813185453,"Zhong2025",2005
866,13.8316767417778,"Zhong2025",2005
867,19.1115434469283,"Zhong2025",2005
868,10.9422236012888,"Zhong2025",2005
869,11.8054659592803,"Zhong2025",2005
870,0.833360531389065,"Zhong2025",2005
871,0.247127926900705,"Zhong2025",2005
872,3.8476686814378,"Zhong2025",2005
873,0,"Zhong2025",2005
874,0.504380163627987,"Zhong2025",2005
875,0.448022868175489,"Zhong2025",2005
876,6.14834096585001,"Zhong2025",2005
877,0.359059212472579,"Zhong2025",2005
878,3.11305700602767,"Zhong2025",2005
879,3.1629889508574,"Zhong2025",2005
880,1.75500977910184,"Zhong2025",2005
881,0.248220100766048,"Zhong2025",2005
882,0.916441644899632,"Zhong2025",2005
883,1.7035527717643,"Zhong2025",2005
884,0.613905310059483,"Zhong2025",2005
885,0.727359889580529,"Zhong2025",2005
886,20.2377786115364,"Zhong2025",2005
887,1.29175292892802,"Zhong2025",2005
888,1.03721881440714,"Zhong2025",2005
889,6.81395600831513,"Zhong2025",2005
890,5.75691916784124,"Zhong2025",2005
891,1.696958312822,"Zhong2025",2005
892,6.11303514273877,"Zhong2025",2005
893,2.96811464980797,"Zhong2025",2005
894,0.824980783496978,"Zhong2025",2005
895,0.605361797222267,"Zhong2025",2005
896,12.3799434924948,"Zhong2025",2005
897,3.17848738737775,"Zhong2025",2005
898,0.313269724382501,"Zhong2025",2005
899,0.725562991984467,"Zhong2025",2005
900,0.200179290535367,"Zhong2025",2005
901,26.2499451504813,"Zhong2025",2005
902,0.144827594249565,"Zhong2025",2005
903,0.974159090172833,"Zhong2025",2005
904,0.369110475172727,"Zhong2025",2005
905,0.573749701865495,"Zhong2025",2005
906,0.912811805709075,"Zhong2025",2005
907,0.72917642746204,"Zhong2025",2005
908,0.4688323418433,"Zhong2025",2005
909,22.4831720449151,"Zhong2025",2005
910,14.0375545609227,"Zhong2025",2005
911,4.77564292167057,"Zhong2025",2005
912,0.280277693745926,"Zhong2025",2005
913,0.0760062422857366,"Zhong2025",2005
914,2.26448290895357,"Zhong2025",2005
915,0.315245853585992,"Zhong2025",2005
916,1.73243355668317,"Zhong2025",2005
917,0.263851945757352,"Zhong2025",2005
918,0.62748647130938,"Zhong2025",2005
919,0.775155379219602,"Zhong2025",2005
920,0.657553028411864,"Zhong2025",2005
921,5.8867107240743,"Zhong2025",2005
922,1.46593767623343,"Zhong2025",2005
923,0.060596759005183,"Zhong2025",2005
924,0.00550804903901536,"Zhong2025",2005
925,0.306987999228539,"Zhong2025",2005
926,0.253225325702614,"Zhong2025",2005
927,0.137915426380686,"Zhong2025",2005
928,0.142287216113552,"Zhong2025",2005
929,0.0361906335019172,"Zhong2025",2005
930,4.7919939446403,"Zhong2025",2005
931,0.66910564535712,"Zhong2025",2005
932,0.161959238991952,"Zhong2025",2005
933,0,"Zhong2025",2005
934,0.204885100428843,"Zhong2025",2005
935,0.070644551003444,"Zhong2025",2005
936,0.0140043876235735,"Zhong2025",2005
937,0,"Zhong2025",2005
938,0.0397232982021653,"Zhong2025",2005
939,11.0474308601152,"Zhong2025",2005
940,2.12735892558068,"Zhong2025",2005
941,0.879437251351701,"Zhong2025",2005
942,2.25961291879506,"Zhong2025",2005
943,0.338012296815713,"Zhong2025",2005
944,0.890031675044045,"Zhong2025",2005
945,0.293319081898719,"Zhong2025",2005
946,0.980801539251009,"Zhong2025",2005
947,0.311295090196984,"Zhong2025",2005
948,1.58137336278504,"Zhong2025",2005
949,0.299584758260313,"Zhong2025",2005
950,6.78033430620678,"Zhong2025",2005
951,0.40977904737434,"Zhong2025",2005
952,1.69558297496031,"Zhong2025",2005
953,5.01078367341672,"Zhong2025",2005
954,6.24531598758856,"Zhong2025",2005
955,0.392634910412531,"Zhong2025",2005
956,0.300147131844299,"Zhong2025",2005
957,0.487254384509482,"Zhong2025",2005
958,0.293835002121826,"Zhong2025",2005
959,0.751617533442292,"Zhong2025",2005
960,1.46570749578049,"Zhong2025",2005
961,3.10767628083022,"Zhong2025",2005
962,0.376213754076661,"Zhong2025",2005
963,3.85130184533683,"Zhong2025",2005
964,0.983723298245501,"Zhong2025",2005
965,11.9119237605963,"Zhong2025",2005
966,4.09910411288692,"Zhong2025",2005
967,3.67008395436927,"Zhong2025",2005
968,0.0801841497685438,"Zhong2025",2005
969,4.00512840750282,"Zhong2025",2005
970,0.341729798878359,"Zhong2025",2005
971,2.28871123649755,"Zhong2025",2005
972,0.809887525648546,"Zhong2025",2005
973,6.96449799568317,"Zhong2025",2005
974,1.18850191082464,"Zhong2025",2005
975,0.510438818898013,"Zhong2025",2005
976,0.0678210914889468,"Zhong2025",2005
977,0.0622627414384131,"Zhong2025",2005
978,2.29537593444169,"Zhong2025",2005
979,17.7301178075829,"Zhong2025",2005
980,6.18780974283085,"Zhong2025",2005
981,9.34478899783298,"Zhong2025",2005
982,0.769504653427888,"Zhong2025",2005
983,3.57180179655552,"Zhong2025",2005
984,1.99645317958461,"Zhong2025",2005
985,1.53963792369027,"Zhong2025",2005
986,0,"Zhong2025",2005
987,0.27320946964615,"Zhong2025",2005
988,0.286620133514474,"Zhong2025",2005
989,0.601695498594871,"Zhong2025",2005
990,2.46393803760076,"Zhong2025",2005
991,0.113694343062968,"Zhong2025",2005
992,4.32633613974915,"Zhong2025",2005
993,0.610385653404608,"Zhong2025",2005
994,0.498874050544252,"Zhong2025",2005
995,0.144450566436671,"Zhong2025",2005
996,3.09011939984426,"Zhong2025",2005
997,7.10305589708911,"Zhong2025",2005
998,0.528964762520415,"Zhong2025",2005
999,3.48453306947504,"Zhong2025",2005
1000,11.413784342462,"Zhong2025",2005
1001,0,"Zhong2025",2005
1002,3.15432841634309,"Zhong2025",2005
1003,0.000194621763217288,"Zhong2025",2005
1004,1.33531945262486,"Zhong2025",2005
1005,0.205342991347717,"Zhong2025",2005
1006,0,"Zhong2025",2005
1007,0.275021590413379,"Zhong2025",2005
1008,10.2423402144401,"Zhong2025",2005
1009,0.946102064585681,"Zhong2025",2005
1010,0,"Zhong2025",2005
1011,0.496278107163865,"Zhong2025",2005
1012,2.74993989600861,"Zhong2025",2005
1013,1.10071271552759,"Zhong2025",2005
1014,1.87529842672086,"Zhong2025",2005
1015,0.981794125894949,"Zhong2025",2005
1016,4.40512583685967,"Zhong2025",2005
1017,1.57484212855312,"Zhong2025",2005
1018,0.665786886761008,"Zhong2025",2005
1019,0.425579919644764,"Zhong2025",2005
1020,0.218214203481301,"Zhong2025",2005
1021,0.141503912056859,"Zhong2025",2005
1022,7.36114259767474,"Zhong2025",2005
1023,3.92596794611818,"Zhong2025",2005
1024,0,"Zhong2025",2005
1025,12.4619658656161,"Zhong2025",2005
1026,2.21596543106243,"Zhong2025",2005
1027,0.23288562607838,"Zhong2025",2005
1028,0.320183489156305,"Zhong2025",2005
1029,1.1980461179768,"Zhong2025",2005
1030,1.034659813849,"Zhong2025",2005
1031,0.0946111934137258,"Zhong2025",2005
1032,5.53463507782329,"Zhong2025",2005
1033,1.77524729552916,"Zhong2025",2005
1034,2.66905955854174,"Zhong2025",2005
1035,8.93092630620588,"Zhong2025",2005
1036,2.23050683187811,"Zhong2025",2005
1037,0.209509917819138,"Zhong2025",2005
1038,1.1455868940755,"Zhong2025",2005
1039,1.01531376568922,"Zhong2025",2005
1040,0,"Zhong2025",2005
1041,2.24114598590402,"Zhong2025",2005
1042,0.13784822465825,"Zhong2025",2005
1043,0.0976538495013588,"Zhong2025",2005
1044,0.860046556508092,"Zhong2025",2005
1045,0.00495195544901348,"Zhong2025",2005
1046,1.32133758930155,"Zhong2025",2005
1047,0.956248400643229,"Zhong2025",2005
1048,0.51533510647366,"Zhong2025",2005
1049,0.0246376429630702,"Zhong2025",2005
1050,0.510232754499238,"Zhong2025",2005
1051,0.190569028940076,"Zhong2025",2005
1052,0.405363618697919,"Zhong2025",2005
1053,2.2723310420459,"Zhong2025",2005
1054,8.6946025788784,"Zhong2025",2005
1055,0.584040716454366,"Zhong2025",2005
1056,0.343286673625079,"Zhong2025",2005
1057,11.8185254939065,"Zhong2025",2005
1058,37.5084797467027,"Zhong2025",2005
1059,0.114744155455223,"Zhong2025",2005
1060,0,"Zhong2025",2005
1061,10.3105934725577,"Zhong2025",2005
1062,38.9606507783983,"Zhong2025",2005
1063,11.4466725336665,"Zhong2025",2005
1064,0.308604525688749,"Zhong2025",2005
1065,3.17720729422115,"Zhong2025",2005
1066,1.25845271913821,"Zhong2025",2005
1067,0.795772449563097,"Zhong2025",2005
1068,1.77631215779858,"Zhong2025",2005
1069,0.15444167639155,"Zhong2025",2005
1070,1.88031343557636,"Zhong2025",2005
1071,8.45661358939016,"Zhong2025",2005
1072,1.45722189791028,"Zhong2025",2005
1073,0.561586675893157,"Zhong2025",2005
1074,6.18375624077513,"Zhong2025",2005
1075,0.827142506384355,"Zhong2025",2005
1076,0.986591935864537,"Zhong2025",2005
1077,0.319783608757876,"Zhong2025",2005
1078,17.0172805931257,"Zhong2025",2005
1079,3.51984151699454,"Zhong2025",2005
1080,20.0142568887449,"Zhong2025",2005
1081,7.87435222583046,"Zhong2025",2005
1082,7.17172131936514,"Zhong2025",2005
1083,1.24830794927245,"Zhong2025",2005
1084,8.7611728325045,"Zhong2025",2005
1085,5.10458919485988,"Zhong2025",2005
1086,5.56997201807271,"Zhong2025",2005
1087,8.11124803508127,"Zhong2025",2005
1088,22.1008995029162,"Zhong2025",2005
1089,0.196419528565679,"Zhong2025",2005
1090,0.795137970523069,"Zhong2025",2005
1091,1.10709131869626,"Zhong2025",2005
1092,5.7477690363434,"Zhong2025",2005
1093,6.47291973340006,"Zhong2025",2005
1094,0.197871979608959,"Zhong2025",2005
1095,4.05353068652763,"Zhong2025",2005
1096,15.378692270975,"Zhong2025",2005
1097,0.0908581651013859,"Zhong2025",2005
1098,0.0355459885302417,"Zhong2025",2005
1099,1.37257992873332,"Zhong2025",2005
1100,8.90562776163552,"Zhong2025",2005
1101,0.748761373005459,"Zhong2025",2005
1102,4.37505551126098,"Zhong2025",2005
1103,0.475509688965587,"Zhong2025",2005
1104,5.62129773865478,"Zhong2025",2005
1105,2.14929027633312,"Zhong2025",2005
1106,3.68326781149688,"Zhong2025",2005
1107,1.68075834062464,"Zhong2025",2005
1108,0.650514102659368,"Zhong2025",2005
1109,2.83748821259151,"Zhong2025",2005
1110,1.49177255906209,"Zhong2025",2005
1111,3.42006382762542,"Zhong2025",2005
1112,26.9132058214258,"Zhong2025",2005
1113,33.2003336743494,"Zhong2025",2005
1114,53.5655659493946,"Zhong2025",2005
1115,28.3885297356071,"Zhong2025",2005
1116,39.9293607779309,"Zhong2025",2005
1117,18.4571038136115,"Zhong2025",2005
1118,28.966558998174,"Zhong2025",2005
1119,1.30437631421708,"Zhong2025",2005
1120,6.45804889960255,"Zhong2025",2005
1121,53.1027680635452,"Zhong2025",2005
1122,50.8179051248651,"Zhong2025",2005
1,1.32407894702963,"Zhong2025",2006
2,0,"Zhong2025",2006
3,0.105451792456529,"Zhong2025",2006
4,0.30221263121669,"Zhong2025",2006
5,0.14958422824515,"Zhong2025",2006
6,0.0858613815463478,"Zhong2025",2006
7,0.00752407494993964,"Zhong2025",2006
8,0.0226424513690051,"Zhong2025",2006
9,0.0663939391974133,"Zhong2025",2006
10,0.0472502754149978,"Zhong2025",2006
11,0.0135286203770548,"Zhong2025",2006
12,0.02349326532418,"Zhong2025",2006
13,0.00578219790227713,"Zhong2025",2006
14,0,"Zhong2025",2006
15,0.387920822685873,"Zhong2025",2006
16,0.0581004217406756,"Zhong2025",2006
17,15.3293549571586,"Zhong2025",2006
18,1.43612129800022,"Zhong2025",2006
19,0.13605198518349,"Zhong2025",2006
20,0.44097574183373,"Zhong2025",2006
21,0.733846576679649,"Zhong2025",2006
22,1.75018383735553,"Zhong2025",2006
23,2.85822907185749,"Zhong2025",2006
24,2.43259031414252,"Zhong2025",2006
25,5.17002504230609,"Zhong2025",2006
26,4.1479198405579,"Zhong2025",2006
27,3.6849875485493,"Zhong2025",2006
28,12.6334005015911,"Zhong2025",2006
29,0.322954042971306,"Zhong2025",2006
30,0.464240236577355,"Zhong2025",2006
31,0.872903219915249,"Zhong2025",2006
32,0.0992712141248767,"Zhong2025",2006
33,0.467896384126751,"Zhong2025",2006
34,9.76596556267309,"Zhong2025",2006
35,1.16022197618795,"Zhong2025",2006
36,9.85552687258334,"Zhong2025",2006
37,0.101115496625068,"Zhong2025",2006
38,0.720693780601439,"Zhong2025",2006
39,0.324050147398833,"Zhong2025",2006
40,14.0776168884415,"Zhong2025",2006
41,20.5053947054107,"Zhong2025",2006
42,0.469233271365863,"Zhong2025",2006
43,1.75076390564615,"Zhong2025",2006
44,0.136922127881925,"Zhong2025",2006
45,8.22720360575216,"Zhong2025",2006
46,0,"Zhong2025",2006
47,1.70209558292342,"Zhong2025",2006
48,1.15028925918542,"Zhong2025",2006
49,2.18143484670018,"Zhong2025",2006
50,0.523746201364727,"Zhong2025",2006
51,8.39135752282002,"Zhong2025",2006
52,0.917734012882976,"Zhong2025",2006
53,1.21038925618742,"Zhong2025",2006
54,0.355468220937994,"Zhong2025",2006
55,0.0648810928231707,"Zhong2025",2006
56,0,"Zhong2025",2006
57,0,"Zhong2025",2006
58,16.1077838738759,"Zhong2025",2006
59,38.6688829756191,"Zhong2025",2006
60,15.0275980850746,"Zhong2025",2006
61,7.28042841570384,"Zhong2025",2006
62,3.73267464986757,"Zhong2025",2006
63,5.97576065005806,"Zhong2025",2006
64,7.30529303457768,"Zhong2025",2006
65,9.01578441863132,"Zhong2025",2006
66,3.08449168514968,"Zhong2025",2006
67,26.4327622416722,"Zhong2025",2006
68,18.0771549382738,"Zhong2025",2006
69,2.92202881086642,"Zhong2025",2006
70,2.37802511139876,"Zhong2025",2006
71,10.1514424703808,"Zhong2025",2006
72,3.39268990375889,"Zhong2025",2006
73,7.05358383748592,"Zhong2025",2006
74,6.04844869494352,"Zhong2025",2006
75,13.2905669612043,"Zhong2025",2006
76,14.011962215717,"Zhong2025",2006
77,7.45441096479242,"Zhong2025",2006
78,17.6995420178277,"Zhong2025",2006
79,9.23650992528525,"Zhong2025",2006
80,10.9436013878208,"Zhong2025",2006
81,6.93720405150987,"Zhong2025",2006
82,11.2530235913943,"Zhong2025",2006
83,10.235595824059,"Zhong2025",2006
84,3.69005718214483,"Zhong2025",2006
85,7.20289550024656,"Zhong2025",2006
86,4.77124391040385,"Zhong2025",2006
87,6.23131224859169,"Zhong2025",2006
88,13.9883673667908,"Zhong2025",2006
89,2.67894576484654,"Zhong2025",2006
90,9.88855406015861,"Zhong2025",2006
91,8.59477979188774,"Zhong2025",2006
92,34.570487379026,"Zhong2025",2006
93,9.01145455924705,"Zhong2025",2006
94,5.36474495670564,"Zhong2025",2006
95,14.8287350887389,"Zhong2025",2006
96,10.9004875363044,"Zhong2025",2006
97,10.1725929729638,"Zhong2025",2006
98,1.69195447748839,"Zhong2025",2006
99,6.59281720783973,"Zhong2025",2006
100,1.16022878893556,"Zhong2025",2006
101,1.17392139963331,"Zhong2025",2006
102,4.04193310658721,"Zhong2025",2006
103,1.4100053392842,"Zhong2025",2006
104,5.48270064129522,"Zhong2025",2006
105,0.270504882077237,"Zhong2025",2006
106,3.19421326178103,"Zhong2025",2006
107,0.633996902886084,"Zhong2025",2006
108,0.789072547012415,"Zhong2025",2006
109,0.190365997432736,"Zhong2025",2006
110,0.668869921686291,"Zhong2025",2006
111,0.569569295584536,"Zhong2025",2006
112,0.033929651551959,"Zhong2025",2006
113,0.0258801370825096,"Zhong2025",2006
114,7.3978161826375,"Zhong2025",2006
115,2.28106712227658,"Zhong2025",2006
116,1.86271192733454,"Zhong2025",2006
117,1.05364841294543,"Zhong2025",2006
118,4.72214167717358,"Zhong2025",2006
119,2.21581699252129,"Zhong2025",2006
120,3.42285026219396,"Zhong2025",2006
121,0.880935704263534,"Zhong2025",2006
122,0.0628720766448594,"Zhong2025",2006
123,8.62775510177016,"Zhong2025",2006
124,1.10441249873483,"Zhong2025",2006
125,3.61504207325408,"Zhong2025",2006
126,6.66278324127197,"Zhong2025",2006
127,1.20048992581005,"Zhong2025",2006
128,7.02611612310799,"Zhong2025",2006
129,6.62649396749643,"Zhong2025",2006
130,8.26893175409195,"Zhong2025",2006
131,12.6015136524782,"Zhong2025",2006
132,4.10358092510333,"Zhong2025",2006
133,5.18632183127826,"Zhong2025",2006
134,3.64793826871448,"Zhong2025",2006
135,1.46440467687933,"Zhong2025",2006
136,6.68429899783361,"Zhong2025",2006
137,7.57683338165283,"Zhong2025",2006
138,2.73296836411151,"Zhong2025",2006
139,3.31082763008346,"Zhong2025",2006
140,2.17241417326522,"Zhong2025",2006
141,3.01743407081813,"Zhong2025",2006
142,5.84560643726547,"Zhong2025",2006
143,0.926306741118431,"Zhong2025",2006
144,0.74220817444977,"Zhong2025",2006
145,6.55251860280832,"Zhong2025",2006
146,2.33079387351766,"Zhong2025",2006
147,5.06414451470999,"Zhong2025",2006
148,0.160082673532001,"Zhong2025",2006
149,2.70393180040888,"Zhong2025",2006
150,4.64450172560996,"Zhong2025",2006
151,1.93524220593015,"Zhong2025",2006
152,0.657092463859505,"Zhong2025",2006
153,5.45616662272525,"Zhong2025",2006
154,6.49471872143447,"Zhong2025",2006
155,3.69658553803509,"Zhong2025",2006
156,0.094980373326689,"Zhong2025",2006
157,7.87057983179887,"Zhong2025",2006
158,3.39979665767511,"Zhong2025",2006
159,4.91697500457709,"Zhong2025",2006
160,1.94445270704372,"Zhong2025",2006
161,1.00212478434285,"Zhong2025",2006
162,0.0212791492040865,"Zhong2025",2006
163,0.220223996032309,"Zhong2025",2006
164,0.367079860167614,"Zhong2025",2006
165,0.105792295391178,"Zhong2025",2006
166,0.0845663817124462,"Zhong2025",2006
167,0.122054487043099,"Zhong2025",2006
168,0.0232322561727248,"Zhong2025",2006
169,0.00601057054979565,"Zhong2025",2006
170,0,"Zhong2025",2006
171,0,"Zhong2025",2006
172,0,"Zhong2025",2006
173,0.114694832231023,"Zhong2025",2006
174,0,"Zhong2025",2006
175,0,"Zhong2025",2006
176,0.00353003404348995,"Zhong2025",2006
177,0.0278041441333425,"Zhong2025",2006
178,0,"Zhong2025",2006
179,0,"Zhong2025",2006
180,0.0205094546361443,"Zhong2025",2006
181,0.00437611635101355,"Zhong2025",2006
182,0,"Zhong2025",2006
183,0,"Zhong2025",2006
184,0,"Zhong2025",2006
185,0,"Zhong2025",2006
186,0.0120073817907509,"Zhong2025",2006
187,0.160965921415559,"Zhong2025",2006
188,0.00706820245892381,"Zhong2025",2006
189,0.0024979994804217,"Zhong2025",2006
190,5.862993413651,"Zhong2025",2006
191,11.6051845498303,"Zhong2025",2006
192,0.108527714233255,"Zhong2025",2006
193,0,"Zhong2025",2006
194,0.855144355825388,"Zhong2025",2006
195,1.33715020106268,"Zhong2025",2006
196,0.182316914295922,"Zhong2025",2006
197,0.255793138735028,"Zhong2025",2006
198,0.483638896410976,"Zhong2025",2006
199,0.398261405893124,"Zhong2025",2006
200,0.42038874133927,"Zhong2025",2006
201,0,"Zhong2025",2006
202,0.245684090281996,"Zhong2025",2006
203,0.0155155650414656,"Zhong2025",2006
204,4.23561428833072,"Zhong2025",2006
205,0.266954291334396,"Zhong2025",2006
206,1.15863746748126,"Zhong2025",2006
207,0.0533329592088147,"Zhong2025",2006
208,0.0706021020995033,"Zhong2025",2006
209,0.164927522341266,"Zhong2025",2006
210,0.00387008498871307,"Zhong2025",2006
211,0,"Zhong2025",2006
212,0,"Zhong2025",2006
213,0,"Zhong2025",2006
214,0,"Zhong2025",2006
215,0,"Zhong2025",2006
216,0,"Zhong2025",2006
217,0.0353112261810686,"Zhong2025",2006
218,0,"Zhong2025",2006
219,0,"Zhong2025",2006
220,0.0141997885440747,"Zhong2025",2006
221,0,"Zhong2025",2006
222,0,"Zhong2025",2006
223,0,"Zhong2025",2006
224,0,"Zhong2025",2006
225,0.000620012054117964,"Zhong2025",2006
226,0.0676693754956804,"Zhong2025",2006
227,0.00806595772211502,"Zhong2025",2006
228,0.00936136642028014,"Zhong2025",2006
229,0.00438982943226885,"Zhong2025",2006
230,20.4902863976338,"Zhong2025",2006
231,2.67367180557044,"Zhong2025",2006
232,5.34759531642539,"Zhong2025",2006
233,0.119909181126526,"Zhong2025",2006
234,6.25605664487536,"Zhong2025",2006
235,10.1377743747499,"Zhong2025",2006
236,4.74793234857945,"Zhong2025",2006
237,4.35736686560095,"Zhong2025",2006
238,4.88704838909707,"Zhong2025",2006
239,4.04682295512187,"Zhong2025",2006
240,16.3433739595246,"Zhong2025",2006
241,8.97029750630007,"Zhong2025",2006
242,3.43635408908594,"Zhong2025",2006
243,10.4782700821691,"Zhong2025",2006
244,1.98495056407184,"Zhong2025",2006
245,10.5122226935167,"Zhong2025",2006
246,5.55864321495834,"Zhong2025",2006
247,0.848770739958071,"Zhong2025",2006
248,11.6001050717896,"Zhong2025",2006
249,8.66574670987971,"Zhong2025",2006
250,0.498007833020492,"Zhong2025",2006
251,1.82877376974813,"Zhong2025",2006
252,10.1067314769911,"Zhong2025",2006
253,1.73724484448809,"Zhong2025",2006
254,16.7015271429288,"Zhong2025",2006
255,2.59701950161381,"Zhong2025",2006
256,5.80775178253596,"Zhong2025",2006
257,33.4210471680494,"Zhong2025",2006
258,7.88359982468361,"Zhong2025",2006
259,16.5089258844612,"Zhong2025",2006
260,30.0820807615916,"Zhong2025",2006
261,4.54363653416275,"Zhong2025",2006
262,12.881592256833,"Zhong2025",2006
263,1.56151382610729,"Zhong2025",2006
264,16.1213047348935,"Zhong2025",2006
265,13.3247797821141,"Zhong2025",2006
266,1.93238634939234,"Zhong2025",2006
267,17.2954434948368,"Zhong2025",2006
268,4.48913472761143,"Zhong2025",2006
269,22.9425843544246,"Zhong2025",2006
270,5.15958832289438,"Zhong2025",2006
271,11.6286002946278,"Zhong2025",2006
272,8.90940625062014,"Zhong2025",2006
273,47.9867705769009,"Zhong2025",2006
274,8.56099638649236,"Zhong2025",2006
275,6.75491335465736,"Zhong2025",2006
276,16.3132458574632,"Zhong2025",2006
277,12.5541754869314,"Zhong2025",2006
278,0.682747207418662,"Zhong2025",2006
279,0.249906770384297,"Zhong2025",2006
280,10.1587528639826,"Zhong2025",2006
281,7.41183576144773,"Zhong2025",2006
282,5.92685127132895,"Zhong2025",2006
283,47.5528332664624,"Zhong2025",2006
284,6.39834205168828,"Zhong2025",2006
285,0.189576341283654,"Zhong2025",2006
286,0.286865984698137,"Zhong2025",2006
287,0.432798638168423,"Zhong2025",2006
288,1.00656341417478,"Zhong2025",2006
289,3.40000994757672,"Zhong2025",2006
290,40.2443133190179,"Zhong2025",2006
291,1.0786672269625,"Zhong2025",2006
292,18.2199266856442,"Zhong2025",2006
293,4.82745875071129,"Zhong2025",2006
294,0.654925542796263,"Zhong2025",2006
295,0.354016806117434,"Zhong2025",2006
296,0.270741837291761,"Zhong2025",2006
297,2.35314664429567,"Zhong2025",2006
298,0.644463841140977,"Zhong2025",2006
299,1.81003156954459,"Zhong2025",2006
300,15.3720732969396,"Zhong2025",2006
301,3.87592079519857,"Zhong2025",2006
302,0.955634484376413,"Zhong2025",2006
303,21.4920379373762,"Zhong2025",2006
304,1.24560471950099,"Zhong2025",2006
305,0.0624416874834714,"Zhong2025",2006
306,2.6338724658019,"Zhong2025",2006
307,0.935367996776469,"Zhong2025",2006
308,1.50111986636868,"Zhong2025",2006
309,0.804829155209802,"Zhong2025",2006
310,3.01545443025489,"Zhong2025",2006
311,0.63157169171609,"Zhong2025",2006
312,6.47482791915536,"Zhong2025",2006
313,0.770739792556059,"Zhong2025",2006
314,5.08155346739648,"Zhong2025",2006
315,0.402160640423978,"Zhong2025",2006
316,0.236273059015929,"Zhong2025",2006
317,1.17861573943836,"Zhong2025",2006
318,0.883560814443293,"Zhong2025",2006
319,6.84754786895426,"Zhong2025",2006
320,3.71143124824762,"Zhong2025",2006
321,0.595745641006807,"Zhong2025",2006
322,5.601669486837,"Zhong2025",2006
323,5.93718599011289,"Zhong2025",2006
324,1.28912066945621,"Zhong2025",2006
325,0.590232096867524,"Zhong2025",2006
326,17.9453975645344,"Zhong2025",2006
327,3.5698475361765,"Zhong2025",2006
328,2.55150005387062,"Zhong2025",2006
329,9.1494104979397,"Zhong2025",2006
330,0.699413787460688,"Zhong2025",2006
331,7.92153758605321,"Zhong2025",2006
332,41.8547294259071,"Zhong2025",2006
333,3.15471304621315,"Zhong2025",2006
334,0.4426215936165,"Zhong2025",2006
335,5.91538907119249,"Zhong2025",2006
336,9.48721675828855,"Zhong2025",2006
337,44.7334595722939,"Zhong2025",2006
338,3.64801862569792,"Zhong2025",2006
339,2.11667753519464,"Zhong2025",2006
340,3.67143346173998,"Zhong2025",2006
341,11.3654375998303,"Zhong2025",2006
342,1.66800202894341,"Zhong2025",2006
343,1.63934898251357,"Zhong2025",2006
344,2.41831357538059,"Zhong2025",2006
345,9.45610014942914,"Zhong2025",2006
346,3.98978332426075,"Zhong2025",2006
347,4.63866369320889,"Zhong2025",2006
348,0.537967732966992,"Zhong2025",2006
349,0.772111097215304,"Zhong2025",2006
350,1.06347264947059,"Zhong2025",2006
351,20.6973971911839,"Zhong2025",2006
352,0.316763729988887,"Zhong2025",2006
353,9.39142835531078,"Zhong2025",2006
354,1.3040898882636,"Zhong2025",2006
355,4.39253407129264,"Zhong2025",2006
356,0.596561463033152,"Zhong2025",2006
357,11.2886955748043,"Zhong2025",2006
358,0.462895829689999,"Zhong2025",2006
359,0.656043123467704,"Zhong2025",2006
360,1.47973025459106,"Zhong2025",2006
361,11.1863319830722,"Zhong2025",2006
362,0.342586169502249,"Zhong2025",2006
363,1.63650396273612,"Zhong2025",2006
364,0.61135735486678,"Zhong2025",2006
365,1.90474861526221,"Zhong2025",2006
366,0.465318670863533,"Zhong2025",2006
367,48.150746849867,"Zhong2025",2006
368,17.5562135257146,"Zhong2025",2006
369,0.565168261499726,"Zhong2025",2006
370,3.96658746489844,"Zhong2025",2006
371,2.92503176254653,"Zhong2025",2006
372,1.02590064169089,"Zhong2025",2006
373,6.64150892712764,"Zhong2025",2006
374,0.085810104762417,"Zhong2025",2006
375,13.4222731210532,"Zhong2025",2006
376,4.13650580619772,"Zhong2025",2006
377,0.286696809101081,"Zhong2025",2006
378,0.362846431292172,"Zhong2025",2006
379,0.640289306757737,"Zhong2025",2006
380,0.0814360254851636,"Zhong2025",2006
381,10.2448551595211,"Zhong2025",2006
382,25.6799579555705,"Zhong2025",2006
383,0.801459927440845,"Zhong2025",2006
384,1.21231315102195,"Zhong2025",2006
385,12.3641147805293,"Zhong2025",2006
386,9.71319958515335,"Zhong2025",2006
387,30.8155315941998,"Zhong2025",2006
388,3.99702964206096,"Zhong2025",2006
389,3.48843285888433,"Zhong2025",2006
390,62.8448825836182,"Zhong2025",2006
391,5.21493546546452,"Zhong2025",2006
392,11.0551767772264,"Zhong2025",2006
393,7.13081152428511,"Zhong2025",2006
394,28.8936907177322,"Zhong2025",2006
395,4.85525803942056,"Zhong2025",2006
396,2.46536921199603,"Zhong2025",2006
397,2.18485810080032,"Zhong2025",2006
398,37.290190783414,"Zhong2025",2006
399,0.122270446468667,"Zhong2025",2006
400,0.279465661082723,"Zhong2025",2006
401,0.098012746080525,"Zhong2025",2006
402,0.231124228606181,"Zhong2025",2006
403,0,"Zhong2025",2006
404,0,"Zhong2025",2006
405,6.40758347106166,"Zhong2025",2006
406,0.0126934632066742,"Zhong2025",2006
407,0.47673032417958,"Zhong2025",2006
408,0.196030413319959,"Zhong2025",2006
409,0,"Zhong2025",2006
410,0.0421499624212032,"Zhong2025",2006
411,0,"Zhong2025",2006
412,0.077586495384891,"Zhong2025",2006
413,0,"Zhong2025",2006
414,0,"Zhong2025",2006
415,0,"Zhong2025",2006
416,0,"Zhong2025",2006
417,0.243570768392899,"Zhong2025",2006
418,0.268339665979901,"Zhong2025",2006
419,0.155883302376552,"Zhong2025",2006
420,0,"Zhong2025",2006
421,0.174165369517904,"Zhong2025",2006
422,0,"Zhong2025",2006
423,0,"Zhong2025",2006
424,0,"Zhong2025",2006
425,0,"Zhong2025",2006
426,0.0874519831464662,"Zhong2025",2006
427,0,"Zhong2025",2006
428,0,"Zhong2025",2006
429,0.273583324160427,"Zhong2025",2006
430,0.193883820949503,"Zhong2025",2006
431,0.00839642854210473,"Zhong2025",2006
432,0,"Zhong2025",2006
433,0.119937254399653,"Zhong2025",2006
434,0.0404424382350759,"Zhong2025",2006
435,0.201812579356615,"Zhong2025",2006
436,0.455596477748546,"Zhong2025",2006
437,3.52859641553871,"Zhong2025",2006
438,0.52524199308823,"Zhong2025",2006
439,1.1132961119612,"Zhong2025",2006
440,0.501419540211325,"Zhong2025",2006
441,14.4795848476659,"Zhong2025",2006
442,2.26152165488104,"Zhong2025",2006
443,4.9618152273316,"Zhong2025",2006
444,5.09837483487347,"Zhong2025",2006
445,7.67290635297173,"Zhong2025",2006
446,2.4233971729462,"Zhong2025",2006
447,4.61622024634559,"Zhong2025",2006
448,1.04717049176849,"Zhong2025",2006
449,5.45097930052769,"Zhong2025",2006
450,2.35360351798429,"Zhong2025",2006
451,2.03983579853153,"Zhong2025",2006
452,0.984107145746815,"Zhong2025",2006
453,0.416233822985322,"Zhong2025",2006
454,7.3108816222539,"Zhong2025",2006
455,4.97078459998857,"Zhong2025",2006
456,9.67434789917686,"Zhong2025",2006
457,9.19464108179992,"Zhong2025",2006
458,2.97056297362516,"Zhong2025",2006
459,3.00035269625735,"Zhong2025",2006
460,0.875962052568523,"Zhong2025",2006
461,4.67850024349474,"Zhong2025",2006
462,9.6718395126277,"Zhong2025",2006
463,1.00047170718671,"Zhong2025",2006
464,1.92325770129309,"Zhong2025",2006
465,0.803694037678155,"Zhong2025",2006
466,0.481661558088751,"Zhong2025",2006
467,57.1560003466722,"Zhong2025",2006
468,23.5347430651425,"Zhong2025",2006
469,10.7222338707674,"Zhong2025",2006
470,7.37986849248409,"Zhong2025",2006
471,31.9960539681571,"Zhong2025",2006
472,6.71684457174416,"Zhong2025",2006
473,7.31460435980698,"Zhong2025",2006
474,35.2647134249027,"Zhong2025",2006
475,3.50809911836964,"Zhong2025",2006
476,12.4013710962418,"Zhong2025",2006
477,1.66295945249609,"Zhong2025",2006
478,14.9144163481318,"Zhong2025",2006
479,6.13032646770526,"Zhong2025",2006
480,39.3565798568726,"Zhong2025",2006
481,3.80796040466338,"Zhong2025",2006
482,34.1710655537057,"Zhong2025",2006
483,10.595633723423,"Zhong2025",2006
484,4.97018640865572,"Zhong2025",2006
485,18.8182685679811,"Zhong2025",2006
486,54.6573189955491,"Zhong2025",2006
487,11.2117560878396,"Zhong2025",2006
488,11.541647314414,"Zhong2025",2006
489,8.38182504550339,"Zhong2025",2006
490,20.2853638496546,"Zhong2025",2006
491,0.150800769535947,"Zhong2025",2006
492,0.18391890276906,"Zhong2025",2006
493,0.299571478363786,"Zhong2025",2006
494,5.22084294122895,"Zhong2025",2006
495,2.25984521899265,"Zhong2025",2006
496,0.229549713213176,"Zhong2025",2006
497,3.73591349404511,"Zhong2025",2006
498,1.16964667154728,"Zhong2025",2006
499,11.6245350199105,"Zhong2025",2006
500,1.00994282368889,"Zhong2025",2006
501,7.59381829087551,"Zhong2025",2006
502,2.1043366996488,"Zhong2025",2006
503,0.755377634621993,"Zhong2025",2006
504,1.22576913671016,"Zhong2025",2006
505,3.2238243754182,"Zhong2025",2006
506,1.19765463222254,"Zhong2025",2006
507,3.54742182562564,"Zhong2025",2006
508,0,"Zhong2025",2006
509,1.74333014261847,"Zhong2025",2006
510,0.341979730996962,"Zhong2025",2006
511,0,"Zhong2025",2006
512,0.1257460689532,"Zhong2025",2006
513,0.358080897002524,"Zhong2025",2006
514,0.33320611106936,"Zhong2025",2006
515,3.04381561799105,"Zhong2025",2006
516,3.66715956206476,"Zhong2025",2006
517,2.26288847054203,"Zhong2025",2006
518,0.0567308079971131,"Zhong2025",2006
519,2.1465835527678,"Zhong2025",2006
520,0.721298315546523,"Zhong2025",2006
521,0.234597252847987,"Zhong2025",2006
522,5.4711634408662,"Zhong2025",2006
523,9.43522863608836,"Zhong2025",2006
524,0.192535179478388,"Zhong2025",2006
525,0.219585356179468,"Zhong2025",2006
526,2.49678667110972,"Zhong2025",2006
527,2.23379305609022,"Zhong2025",2006
528,0.0219261737885299,"Zhong2025",2006
529,20.519673298483,"Zhong2025",2006
530,9.86565346585874,"Zhong2025",2006
531,5.07066265578583,"Zhong2025",2006
532,1.51448428362557,"Zhong2025",2006
533,0.981414004894631,"Zhong2025",2006
534,2.14257368951728,"Zhong2025",2006
535,0.584422842822815,"Zhong2025",2006
536,2.27098646163615,"Zhong2025",2006
537,1.79923314486618,"Zhong2025",2006
538,1.62958031072846,"Zhong2025",2006
539,2.64797650579932,"Zhong2025",2006
540,5.72659469746799,"Zhong2025",2006
541,6.86497372690635,"Zhong2025",2006
542,1.46897448059747,"Zhong2025",2006
543,4.04711311264544,"Zhong2025",2006
544,2.47230041210782,"Zhong2025",2006
545,1.51435765285058,"Zhong2025",2006
546,2.17981666512161,"Zhong2025",2006
547,2.38410765959652,"Zhong2025",2006
548,2.01159410813876,"Zhong2025",2006
549,1.14171986712826,"Zhong2025",2006
550,1.50404737615053,"Zhong2025",2006
551,2.37371424540317,"Zhong2025",2006
552,1.26954918128522,"Zhong2025",2006
553,0.921373806231758,"Zhong2025",2006
554,1.82670915463377,"Zhong2025",2006
555,0.341958917884754,"Zhong2025",2006
556,0.960677316329855,"Zhong2025",2006
557,4.53573370633293,"Zhong2025",2006
558,5.52145658817035,"Zhong2025",2006
559,2.51614219726743,"Zhong2025",2006
560,2.0073300782351,"Zhong2025",2006
561,3.61573886497642,"Zhong2025",2006
562,15.4228011596931,"Zhong2025",2006
563,1.51658524665478,"Zhong2025",2006
564,1.46906297736542,"Zhong2025",2006
565,5.66850829076879,"Zhong2025",2006
566,0.979380392907846,"Zhong2025",2006
567,6.17003831229214,"Zhong2025",2006
568,0.440045014956598,"Zhong2025",2006
569,1.57888233426376,"Zhong2025",2006
570,0.280607096475073,"Zhong2025",2006
571,2.85742099990584,"Zhong2025",2006
572,0.914987822661112,"Zhong2025",2006
573,1.62210342851925,"Zhong2025",2006
574,1.19275848404664,"Zhong2025",2006
575,1.02497797899654,"Zhong2025",2006
576,3.8348176896482,"Zhong2025",2006
577,0.520196630525841,"Zhong2025",2006
578,2.33569684441538,"Zhong2025",2006
579,0.767490735576438,"Zhong2025",2006
580,3.84506751957353,"Zhong2025",2006
581,1.66527574134715,"Zhong2025",2006
582,0.358303983230666,"Zhong2025",2006
583,0.259556535989214,"Zhong2025",2006
584,1.0060181008782,"Zhong2025",2006
585,1.03958118720782,"Zhong2025",2006
586,0.977221065262953,"Zhong2025",2006
587,0.6414400046279,"Zhong2025",2006
588,0.140948963456286,"Zhong2025",2006
589,2.46324778467581,"Zhong2025",2006
590,1.43931392231835,"Zhong2025",2006
591,3.2949376886124,"Zhong2025",2006
592,0.474823222810981,"Zhong2025",2006
593,0.189048275981958,"Zhong2025",2006
594,6.63679853908488,"Zhong2025",2006
595,0.951191961068575,"Zhong2025",2006
596,0.175651803052925,"Zhong2025",2006
597,8.65572551643366,"Zhong2025",2006
598,1.10390438507113,"Zhong2025",2006
599,2.51687517653908,"Zhong2025",2006
600,1.37119056062232,"Zhong2025",2006
601,3.77900248782377,"Zhong2025",2006
602,2.00971611593163,"Zhong2025",2006
603,24.0826724825234,"Zhong2025",2006
604,3.06071440081776,"Zhong2025",2006
605,1.53045634202421,"Zhong2025",2006
606,4.9853985521862,"Zhong2025",2006
607,9.3505395357791,"Zhong2025",2006
608,18.8344234148661,"Zhong2025",2006
609,3.72395701346726,"Zhong2025",2006
610,1.166641052086,"Zhong2025",2006
611,2.17766529076189,"Zhong2025",2006
612,0.359636089182459,"Zhong2025",2006
613,2.85348083686633,"Zhong2025",2006
614,6.3693161761893,"Zhong2025",2006
615,0.507475994159561,"Zhong2025",2006
616,3.34713954816679,"Zhong2025",2006
617,5.17665053636807,"Zhong2025",2006
618,12.4569665880801,"Zhong2025",2006
619,0.323493898928523,"Zhong2025",2006
620,6.43468277431067,"Zhong2025",2006
621,2.29706205623772,"Zhong2025",2006
622,2.1853301667992,"Zhong2025",2006
623,6.85873047482708,"Zhong2025",2006
624,4.22868410041641,"Zhong2025",2006
625,0.415782245161633,"Zhong2025",2006
626,5.24420904856963,"Zhong2025",2006
627,7.80450336836746,"Zhong2025",2006
628,12.1739239804396,"Zhong2025",2006
629,43.8065432442559,"Zhong2025",2006
630,11.9727831508802,"Zhong2025",2006
631,0.729815735079037,"Zhong2025",2006
632,0.0345112521921647,"Zhong2025",2006
633,0.0271461152853487,"Zhong2025",2006
634,1.31994007344521,"Zhong2025",2006
635,0.211861708916686,"Zhong2025",2006
636,2.90606451836751,"Zhong2025",2006
637,0.409204342745774,"Zhong2025",2006
638,27.4590183496475,"Zhong2025",2006
639,2.00242299490398,"Zhong2025",2006
640,0.571118488320696,"Zhong2025",2006
641,1.5220637290343,"Zhong2025",2006
642,1.53105929467914,"Zhong2025",2006
643,1.78298887373909,"Zhong2025",2006
644,0.383792165751081,"Zhong2025",2006
645,1.35646848306661,"Zhong2025",2006
646,7.02929174666311,"Zhong2025",2006
647,0.326444121622122,"Zhong2025",2006
648,0.913896718007677,"Zhong2025",2006
649,6.95948422872103,"Zhong2025",2006
650,3.28694091202622,"Zhong2025",2006
651,0.0649726595258034,"Zhong2025",2006
652,3.15857187777326,"Zhong2025",2006
653,1.71896678142507,"Zhong2025",2006
654,11.2445270531522,"Zhong2025",2006
655,0.141281909525551,"Zhong2025",2006
656,0.93521636010644,"Zhong2025",2006
657,5.5137205064859,"Zhong2025",2006
658,3.01078308965079,"Zhong2025",2006
659,5.59356331907503,"Zhong2025",2006
660,0,"Zhong2025",2006
661,9.09005006090287,"Zhong2025",2006
662,0.733477387377889,"Zhong2025",2006
663,2.79134623414526,"Zhong2025",2006
664,0.141015847878797,"Zhong2025",2006
665,0.684603540356769,"Zhong2025",2006
666,1.1859474613141,"Zhong2025",2006
667,0,"Zhong2025",2006
668,1.90451198599981,"Zhong2025",2006
669,0.886443931297217,"Zhong2025",2006
670,0.07828008580076,"Zhong2025",2006
671,1.95298379809435,"Zhong2025",2006
672,15.2427219792402,"Zhong2025",2006
673,5.49638457253816,"Zhong2025",2006
674,0.577165247438274,"Zhong2025",2006
675,6.07799818273634,"Zhong2025",2006
676,2.95054228113048,"Zhong2025",2006
677,0.531758945270108,"Zhong2025",2006
678,0.949690854418333,"Zhong2025",2006
679,6.68803916975509,"Zhong2025",2006
680,2.88515504345644,"Zhong2025",2006
681,1.43027548299777,"Zhong2025",2006
682,0.864368846738025,"Zhong2025",2006
683,13.7909755309968,"Zhong2025",2006
684,0.755261831935421,"Zhong2025",2006
685,1.5399310796024,"Zhong2025",2006
686,8.09217729233205,"Zhong2025",2006
687,7.30968026703467,"Zhong2025",2006
688,0.336424068972954,"Zhong2025",2006
689,1.44134147239454,"Zhong2025",2006
690,3.27395409272222,"Zhong2025",2006
691,1.67916088476777,"Zhong2025",2006
692,18.5549164613088,"Zhong2025",2006
693,2.63631796005827,"Zhong2025",2006
694,6.95251989705222,"Zhong2025",2006
695,5.12289842069149,"Zhong2025",2006
696,0.369556005666221,"Zhong2025",2006
697,7.29982713402662,"Zhong2025",2006
698,0.804508472294039,"Zhong2025",2006
699,0.135029071542834,"Zhong2025",2006
700,3.10679834325005,"Zhong2025",2006
701,0.312576720095056,"Zhong2025",2006
702,3.70386083585386,"Zhong2025",2006
703,5.97776576614065,"Zhong2025",2006
704,16.4977287588448,"Zhong2025",2006
705,1.70904465975433,"Zhong2025",2006
706,33.2468187457225,"Zhong2025",2006
707,3.85016325947696,"Zhong2025",2006
708,5.88561398873017,"Zhong2025",2006
709,0.197555076085031,"Zhong2025",2006
710,6.60090045442044,"Zhong2025",2006
711,0.301761951944937,"Zhong2025",2006
712,8.75339175523999,"Zhong2025",2006
713,0.0225414393526135,"Zhong2025",2006
714,3.1765220099833,"Zhong2025",2006
715,0.42803654773684,"Zhong2025",2006
716,0,"Zhong2025",2006
717,1.79474030838591,"Zhong2025",2006
718,2.77319690923799,"Zhong2025",2006
719,1.75151404586244,"Zhong2025",2006
720,0.000761731269773743,"Zhong2025",2006
721,2.42158166740376,"Zhong2025",2006
722,4.62405003607273,"Zhong2025",2006
723,11.1628026874639,"Zhong2025",2006
724,0.56262004893759,"Zhong2025",2006
725,5.60462169899939,"Zhong2025",2006
726,0.316485897598233,"Zhong2025",2006
727,0.345049503030112,"Zhong2025",2006
728,2.04080416807773,"Zhong2025",2006
729,0.637278503602714,"Zhong2025",2006
730,6.65778857385609,"Zhong2025",2006
731,0.802778579521833,"Zhong2025",2006
732,10.1784860216199,"Zhong2025",2006
733,1.23894817595957,"Zhong2025",2006
734,0.296123055829888,"Zhong2025",2006
735,0.26496014832519,"Zhong2025",2006
736,2.11416949235672,"Zhong2025",2006
737,3.78958967620201,"Zhong2025",2006
738,6.08636103507131,"Zhong2025",2006
739,3.16437335447439,"Zhong2025",2006
740,10.7348461945852,"Zhong2025",2006
741,0.198752794491967,"Zhong2025",2006
742,3.5661021779884,"Zhong2025",2006
743,11.6591987715827,"Zhong2025",2006
744,0.977236683816053,"Zhong2025",2006
745,9.1847863882146,"Zhong2025",2006
746,2.25316144583317,"Zhong2025",2006
747,17.8610926194459,"Zhong2025",2006
748,2.47180122394292,"Zhong2025",2006
749,0.8808737937361,"Zhong2025",2006
750,1.7213812411836,"Zhong2025",2006
751,1.67993304333477,"Zhong2025",2006
752,12.3510353500779,"Zhong2025",2006
753,0.674231710463153,"Zhong2025",2006
754,1.13930885686443,"Zhong2025",2006
755,4.71896156599355,"Zhong2025",2006
756,3.05037288774931,"Zhong2025",2006
757,0,"Zhong2025",2006
758,0.180129842466086,"Zhong2025",2006
759,0.205253404523096,"Zhong2025",2006
760,0.0769475193022794,"Zhong2025",2006
761,12.9875560741799,"Zhong2025",2006
762,14.9946351938469,"Zhong2025",2006
763,13.4831166645837,"Zhong2025",2006
764,11.0885414870358,"Zhong2025",2006
765,1.92785177368948,"Zhong2025",2006
766,5.32451017992571,"Zhong2025",2006
767,13.9379805428641,"Zhong2025",2006
768,0.251334750053576,"Zhong2025",2006
769,16.1904711042132,"Zhong2025",2006
770,48.4960177681663,"Zhong2025",2006
771,0.608874516533195,"Zhong2025",2006
772,9.32319129124666,"Zhong2025",2006
773,1.31192230788794,"Zhong2025",2006
774,0.953439213664822,"Zhong2025",2006
775,9.33428092491932,"Zhong2025",2006
776,9.08280930547002,"Zhong2025",2006
777,5.72216648047879,"Zhong2025",2006
778,14.4359527650014,"Zhong2025",2006
779,51.9343678749214,"Zhong2025",2006
780,6.71648991930074,"Zhong2025",2006
781,19.21875732701,"Zhong2025",2006
782,0,"Zhong2025",2006
783,30.113413756802,"Zhong2025",2006
784,1.42034927835669,"Zhong2025",2006
785,2.64720788567538,"Zhong2025",2006
786,51.2129908169017,"Zhong2025",2006
787,6.68640356201185,"Zhong2025",2006
788,0.440283196428676,"Zhong2025",2006
789,23.5627883201422,"Zhong2025",2006
790,1.26863910645356,"Zhong2025",2006
791,0.535275690257549,"Zhong2025",2006
792,13.7913075431449,"Zhong2025",2006
793,6.97984407742818,"Zhong2025",2006
794,5.57435834144667,"Zhong2025",2006
795,8.12569503399694,"Zhong2025",2006
796,3.4677587413058,"Zhong2025",2006
797,3.79581533578127,"Zhong2025",2006
798,8.05319726022322,"Zhong2025",2006
799,1.22172259475337,"Zhong2025",2006
800,0,"Zhong2025",2006
801,0.756211254761574,"Zhong2025",2006
802,1.07646819657948,"Zhong2025",2006
803,20.7983414844002,"Zhong2025",2006
804,17.3927973210812,"Zhong2025",2006
805,2.27631842891865,"Zhong2025",2006
806,0.109467831330703,"Zhong2025",2006
807,10.6054271282973,"Zhong2025",2006
808,4.90721829480026,"Zhong2025",2006
809,1.04588338450975,"Zhong2025",2006
810,44.0912077678897,"Zhong2025",2006
811,2.13028127753309,"Zhong2025",2006
812,0.291283257894099,"Zhong2025",2006
813,8.60260351387591,"Zhong2025",2006
814,12.4134296270517,"Zhong2025",2006
815,13.1364456435045,"Zhong2025",2006
816,2.59548267908394,"Zhong2025",2006
817,6.33029132604599,"Zhong2025",2006
818,1.0490520307942,"Zhong2025",2006
819,2.48165902855584,"Zhong2025",2006
820,0,"Zhong2025",2006
821,8.33196470564282,"Zhong2025",2006
822,0.116121554953295,"Zhong2025",2006
823,3.09239247515008,"Zhong2025",2006
824,3.05657336203288,"Zhong2025",2006
825,1.26338487051829,"Zhong2025",2006
826,4.96048732456707,"Zhong2025",2006
827,2.19181523969467,"Zhong2025",2006
828,5.91159102870868,"Zhong2025",2006
829,9.42979411345262,"Zhong2025",2006
830,18.4606240166558,"Zhong2025",2006
831,19.7078848595315,"Zhong2025",2006
832,1.60713766598358,"Zhong2025",2006
833,0,"Zhong2025",2006
834,9.52490057642498,"Zhong2025",2006
835,12.6570738090957,"Zhong2025",2006
836,8.81354519404821,"Zhong2025",2006
837,17.2424934667699,"Zhong2025",2006
838,7.63612247521386,"Zhong2025",2006
839,32.0203619649855,"Zhong2025",2006
840,11.2088150310584,"Zhong2025",2006
841,10.0715819519904,"Zhong2025",2006
842,3.15588366744843,"Zhong2025",2006
843,3.82050746508421,"Zhong2025",2006
844,9.22839618541978,"Zhong2025",2006
845,26.4430066422571,"Zhong2025",2006
846,3.7914977314231,"Zhong2025",2006
847,15.9121201833089,"Zhong2025",2006
848,35.6019713448696,"Zhong2025",2006
849,14.7750565740797,"Zhong2025",2006
850,3.18341886521927,"Zhong2025",2006
851,9.41606431963887,"Zhong2025",2006
852,38.855881169637,"Zhong2025",2006
853,0.114239758125653,"Zhong2025",2006
854,0.83427275144869,"Zhong2025",2006
855,10.6073142730438,"Zhong2025",2006
856,13.9899083199324,"Zhong2025",2006
857,1.86793914359754,"Zhong2025",2006
858,2.01830766410039,"Zhong2025",2006
859,0.658126762430919,"Zhong2025",2006
860,4.14059939817207,"Zhong2025",2006
861,0,"Zhong2025",2006
862,5.62146339867233,"Zhong2025",2006
863,12.9297436501603,"Zhong2025",2006
864,9.21361757544584,"Zhong2025",2006
865,0.139753213852644,"Zhong2025",2006
866,13.8316767417778,"Zhong2025",2006
867,19.2758709794935,"Zhong2025",2006
868,10.9422236012888,"Zhong2025",2006
869,11.8616113926673,"Zhong2025",2006
870,0.846363972126289,"Zhong2025",2006
871,0.242285873223081,"Zhong2025",2006
872,3.85991746895221,"Zhong2025",2006
873,0.00283059467349136,"Zhong2025",2006
874,0.521609268933535,"Zhong2025",2006
875,0.456774156115089,"Zhong2025",2006
876,6.1414975271374,"Zhong2025",2006
877,0.306787088102565,"Zhong2025",2006
878,3.30717183110703,"Zhong2025",2006
879,3.28041819268855,"Zhong2025",2006
880,1.70263176096918,"Zhong2025",2006
881,0.215423426742616,"Zhong2025",2006
882,0.889863077009266,"Zhong2025",2006
883,1.70513787809132,"Zhong2025",2006
884,0.643543042886887,"Zhong2025",2006
885,0.788098227665868,"Zhong2025",2006
886,20.305519371121,"Zhong2025",2006
887,1.30816416161996,"Zhong2025",2006
888,1.1664293032889,"Zhong2025",2006
889,6.83969918179737,"Zhong2025",2006
890,5.74800114723602,"Zhong2025",2006
891,1.79803326581319,"Zhong2025",2006
892,6.18140222671184,"Zhong2025",2006
893,3.10759881397502,"Zhong2025",2006
894,0.833536422766587,"Zhong2025",2006
895,0.596675396823549,"Zhong2025",2006
896,12.3799434924948,"Zhong2025",2006
897,3.28157279547818,"Zhong2025",2006
898,0.316040630180223,"Zhong2025",2006
899,0.761223998005544,"Zhong2025",2006
900,0.227395289848449,"Zhong2025",2006
901,26.4312256958449,"Zhong2025",2006
902,0.140652640095639,"Zhong2025",2006
903,0.971905670549151,"Zhong2025",2006
904,0.359516973844778,"Zhong2025",2006
905,0.566640313166456,"Zhong2025",2006
906,0.914950370899124,"Zhong2025",2006
907,0.705350141295086,"Zhong2025",2006
908,0.473329309557121,"Zhong2025",2006
909,22.4452690430707,"Zhong2025",2006
910,13.8776314023791,"Zhong2025",2006
911,4.74286947445627,"Zhong2025",2006
912,0.273517867275945,"Zhong2025",2006
913,0.0795529132116247,"Zhong2025",2006
914,2.25943232743748,"Zhong2025",2006
915,0.330050156242502,"Zhong2025",2006
916,1.56781695718602,"Zhong2025",2006
917,0.00420678236104291,"Zhong2025",2006
918,0.580083963169594,"Zhong2025",2006
919,0.677690470435967,"Zhong2025",2006
920,0.670099274135416,"Zhong2025",2006
921,6.02076465903282,"Zhong2025",2006
922,1.56208037076488,"Zhong2025",2006
923,0.0610108482097611,"Zhong2025",2006
924,0.00547999020366801,"Zhong2025",2006
925,0.302000723119243,"Zhong2025",2006
926,0.253307979586842,"Zhong2025",2006
927,0.133395282152361,"Zhong2025",2006
928,0.137966465081123,"Zhong2025",2006
929,0.0399284584577452,"Zhong2025",2006
930,4.71951128202708,"Zhong2025",2006
931,0.610718690601388,"Zhong2025",2006
932,0.160963993583095,"Zhong2025",2006
933,0,"Zhong2025",2006
934,0.19973110960435,"Zhong2025",2006
935,0.0669818365394995,"Zhong2025",2006
936,0.0130287114424496,"Zhong2025",2006
937,0,"Zhong2025",2006
938,0.0423896881126127,"Zhong2025",2006
939,10.9450505712138,"Zhong2025",2006
940,2.44996877750273,"Zhong2025",2006
941,1.04115937734412,"Zhong2025",2006
942,2.24677354883482,"Zhong2025",2006
943,0.392444710373878,"Zhong2025",2006
944,1.15331159017479,"Zhong2025",2006
945,0.326902408963094,"Zhong2025",2006
946,1.07352770941256,"Zhong2025",2006
947,0.223182279035343,"Zhong2025",2006
948,1.63929141786965,"Zhong2025",2006
949,0.31930008401616,"Zhong2025",2006
950,6.54291379406798,"Zhong2025",2006
951,0.443045933300101,"Zhong2025",2006
952,1.83284608322648,"Zhong2025",2006
953,5.34808783101452,"Zhong2025",2006
954,6.24436070894202,"Zhong2025",2006
955,0.420600191801173,"Zhong2025",2006
956,0.323367718080955,"Zhong2025",2006
957,0.536098306889654,"Zhong2025",2006
958,0.382606015408496,"Zhong2025",2006
959,0.866029336154068,"Zhong2025",2006
960,1.80007795477286,"Zhong2025",2006
961,3.06868795783569,"Zhong2025",2006
962,0.396419858571255,"Zhong2025",2006
963,4.17875463018493,"Zhong2025",2006
964,0.9361201136427,"Zhong2025",2006
965,11.3942037006783,"Zhong2025",2006
966,4.36151838154128,"Zhong2025",2006
967,3.9416635263268,"Zhong2025",2006
968,0.0708180391940494,"Zhong2025",2006
969,3.96496896027186,"Zhong2025",2006
970,0.328747466121067,"Zhong2025",2006
971,2.40029535046779,"Zhong2025",2006
972,0.803393581693817,"Zhong2025",2006
973,6.9485604072872,"Zhong2025",2006
974,1.2571697879622,"Zhong2025",2006
975,0.692150463379884,"Zhong2025",2006
976,0.0474819896294724,"Zhong2025",2006
977,0.106813247762831,"Zhong2025",2006
978,2.09879323180411,"Zhong2025",2006
979,17.7301178075829,"Zhong2025",2006
980,6.31148303832885,"Zhong2025",2006
981,9.34464887752115,"Zhong2025",2006
982,0.802794663158442,"Zhong2025",2006
983,2.9722036209834,"Zhong2025",2006
984,2.63468605358567,"Zhong2025",2006
985,1.42264408524009,"Zhong2025",2006
986,0,"Zhong2025",2006
987,0.226393235120269,"Zhong2025",2006
988,0.286784710865971,"Zhong2025",2006
989,0.602129387774619,"Zhong2025",2006
990,2.43639536131478,"Zhong2025",2006
991,0.0852477256532597,"Zhong2025",2006
992,4.11471512270909,"Zhong2025",2006
993,0.578432167942585,"Zhong2025",2006
994,0.5450306620043,"Zhong2025",2006
995,0.0413385550432567,"Zhong2025",2006
996,3.05397437892524,"Zhong2025",2006
997,7.07683652806638,"Zhong2025",2006
998,0.528881419591902,"Zhong2025",2006
999,2.53224631170592,"Zhong2025",2006
1000,11.2772273843349,"Zhong2025",2006
1001,0,"Zhong2025",2006
1002,3.21414184975035,"Zhong2025",2006
1003,0,"Zhong2025",2006
1004,1.4010433844278,"Zhong2025",2006
1005,0.201727761902601,"Zhong2025",2006
1006,0,"Zhong2025",2006
1007,0.255111285669641,"Zhong2025",2006
1008,10.0608573434943,"Zhong2025",2006
1009,0.794685042024057,"Zhong2025",2006
1010,0,"Zhong2025",2006
1011,0.561943842670492,"Zhong2025",2006
1012,2.86367817144407,"Zhong2025",2006
1013,1.08028005642049,"Zhong2025",2006
1014,1.88806872650682,"Zhong2025",2006
1015,0.857760098815617,"Zhong2025",2006
1016,4.44862413744872,"Zhong2025",2006
1017,1.56427105645994,"Zhong2025",2006
1018,0.784112519703719,"Zhong2025",2006
1019,0.406552894498621,"Zhong2025",2006
1020,0.200982486832181,"Zhong2025",2006
1021,0.145352930221988,"Zhong2025",2006
1022,7.32254583676735,"Zhong2025",2006
1023,3.87917472019372,"Zhong2025",2006
1024,0,"Zhong2025",2006
1025,12.6619789055709,"Zhong2025",2006
1026,2.15953996586727,"Zhong2025",2006
1027,0.267214670197303,"Zhong2025",2006
1028,0.062488915921046,"Zhong2025",2006
1029,1.26236333629953,"Zhong2025",2006
1030,0.789204055159692,"Zhong2025",2006
1031,0.0708224405154064,"Zhong2025",2006
1032,5.33298236131668,"Zhong2025",2006
1033,2.46123688011351,"Zhong2025",2006
1034,2.69755656068975,"Zhong2025",2006
1035,8.93546791243971,"Zhong2025",2006
1036,2.2019268631711,"Zhong2025",2006
1037,0.208434632736681,"Zhong2025",2006
1038,1.13953431737854,"Zhong2025",2006
1039,0.790805464006703,"Zhong2025",2006
1040,0.00325964963220097,"Zhong2025",2006
1041,2.22925827071679,"Zhong2025",2006
1042,0.106648279390423,"Zhong2025",2006
1043,0,"Zhong2025",2006
1044,0.875904192628478,"Zhong2025",2006
1045,0,"Zhong2025",2006
1046,1.24111942075885,"Zhong2025",2006
1047,0.900742415398519,"Zhong2025",2006
1048,0.369316972539734,"Zhong2025",2006
1049,0.0246376429630702,"Zhong2025",2006
1050,0.503909449722795,"Zhong2025",2006
1051,0.232047244322066,"Zhong2025",2006
1052,0.597880995084702,"Zhong2025",2006
1053,2.16093976863406,"Zhong2025",2006
1054,8.36038742959499,"Zhong2025",2006
1055,0.588874207164405,"Zhong2025",2006
1056,0.368121857259502,"Zhong2025",2006
1057,11.7985606611279,"Zhong2025",2006
1058,37.5084797467027,"Zhong2025",2006
1059,0.105958344290654,"Zhong2025",2006
1060,0,"Zhong2025",2006
1061,10.3523472488637,"Zhong2025",2006
1062,38.9606507783983,"Zhong2025",2006
1063,11.4029775147469,"Zhong2025",2006
1064,0.344221039354586,"Zhong2025",2006
1065,3.04196784435707,"Zhong2025",2006
1066,1.20592847922927,"Zhong2025",2006
1067,0.969574803144041,"Zhong2025",2006
1068,1.71553220570799,"Zhong2025",2006
1069,0.137703184468593,"Zhong2025",2006
1070,1.87956051455825,"Zhong2025",2006
1071,8.45661358939016,"Zhong2025",2006
1072,1.43731812186657,"Zhong2025",2006
1073,0.567393627739131,"Zhong2025",2006
1074,6.0625782358019,"Zhong2025",2006
1075,0.768376873096946,"Zhong2025",2006
1076,0.882340288935142,"Zhong2025",2006
1077,0.288991940783925,"Zhong2025",2006
1078,18.6904888920162,"Zhong2025",2006
1079,3.46189178825432,"Zhong2025",2006
1080,20.5921134668238,"Zhong2025",2006
1081,7.87435222583046,"Zhong2025",2006
1082,6.996984948033,"Zhong2025",2006
1083,1.20775981221555,"Zhong2025",2006
1084,8.49203912639304,"Zhong2025",2006
1085,4.90300955268087,"Zhong2025",2006
1086,5.45345819142506,"Zhong2025",2006
1087,8.109604498408,"Zhong2025",2006
1088,22.1061116389509,"Zhong2025",2006
1089,0.190469902639464,"Zhong2025",2006
1090,0.762468623205824,"Zhong2025",2006
1091,1.10165819312142,"Zhong2025",2006
1092,5.7925109959824,"Zhong2025",2006
1093,6.28168899205909,"Zhong2025",2006
1094,0.199810141420413,"Zhong2025",2006
1095,3.86066183185251,"Zhong2025",2006
1096,15.254685351359,"Zhong2025",2006
1097,0.0821720135545263,"Zhong2025",2006
1098,0.0396211331909789,"Zhong2025",2006
1099,1.40817063329753,"Zhong2025",2006
1100,8.752932929835,"Zhong2025",2006
1101,0.751228841574486,"Zhong2025",2006
1102,4.34051764063503,"Zhong2025",2006
1103,0.508590957824829,"Zhong2025",2006
1104,5.50336542117549,"Zhong2025",2006
1105,1.61443581336985,"Zhong2025",2006
1106,3.68939241195098,"Zhong2025",2006
1107,1.66119932542266,"Zhong2025",2006
1108,0.607303443258596,"Zhong2025",2006
1109,2.84979364551319,"Zhong2025",2006
1110,1.47721711592886,"Zhong2025",2006
1111,3.32961799554545,"Zhong2025",2006
1112,26.9945703188578,"Zhong2025",2006
1113,33.1992604528839,"Zhong2025",2006
1114,53.5655659493946,"Zhong2025",2006
1115,28.3885297356071,"Zhong2025",2006
1116,40.0038777832436,"Zhong2025",2006
1117,18.4215892704634,"Zhong2025",2006
1118,28.8311434394062,"Zhong2025",2006
1119,1.2267198206744,"Zhong2025",2006
1120,6.29834953043902,"Zhong2025",2006
1121,53.1027680635452,"Zhong2025",2006
1122,50.8179051248651,"Zhong2025",2006
1,1.30964270118125,"Zhong2025",2007
2,0.0685385527537653,"Zhong2025",2007
3,0.107143262778009,"Zhong2025",2007
4,0.264539295485532,"Zhong2025",2007
5,0.145470408374506,"Zhong2025",2007
6,0.0806123906069941,"Zhong2025",2007
7,0.00478813255272247,"Zhong2025",2007
8,0.03303396472799,"Zhong2025",2007
9,0.0699538901750263,"Zhong2025",2007
10,0.0479922486993227,"Zhong2025",2007
11,0.0136918147981697,"Zhong2025",2007
12,0.0240861807303027,"Zhong2025",2007
13,0.00468329486030017,"Zhong2025",2007
14,0,"Zhong2025",2007
15,0.392840310351862,"Zhong2025",2007
16,0.0578637775837316,"Zhong2025",2007
17,15.1883722475174,"Zhong2025",2007
18,1.33617928333866,"Zhong2025",2007
19,0.13196033679194,"Zhong2025",2007
20,0.48151288974461,"Zhong2025",2007
21,0.633618209025535,"Zhong2025",2007
22,1.71386340840219,"Zhong2025",2007
23,2.76441116344022,"Zhong2025",2007
24,2.35741986814351,"Zhong2025",2007
25,5.08231497323471,"Zhong2025",2007
26,4.20859730457179,"Zhong2025",2007
27,3.42981299158123,"Zhong2025",2007
28,12.6393456034141,"Zhong2025",2007
29,0.25413094021824,"Zhong2025",2007
30,0.339163188239548,"Zhong2025",2007
31,0.80559772207317,"Zhong2025",2007
32,0.0597716886238013,"Zhong2025",2007
33,0.44991823246119,"Zhong2025",2007
34,9.76596556267309,"Zhong2025",2007
35,1.13198582844788,"Zhong2025",2007
36,9.85552687258334,"Zhong2025",2007
37,0.0847094071588968,"Zhong2025",2007
38,0.700594741507291,"Zhong2025",2007
39,0.218609505135965,"Zhong2025",2007
40,13.9040925461995,"Zhong2025",2007
41,20.5053947054107,"Zhong2025",2007
42,0.427306358402472,"Zhong2025",2007
43,1.55166426662702,"Zhong2025",2007
44,0.100926809597624,"Zhong2025",2007
45,8.2141809009238,"Zhong2025",2007
46,0,"Zhong2025",2007
47,1.50015994467113,"Zhong2025",2007
48,1.16753353299911,"Zhong2025",2007
49,2.10341101206525,"Zhong2025",2007
50,0.343017660153027,"Zhong2025",2007
51,8.36570053529943,"Zhong2025",2007
52,1.06564644083236,"Zhong2025",2007
53,1.02685460160961,"Zhong2025",2007
54,0.330014675167141,"Zhong2025",2007
55,0.0616402296787062,"Zhong2025",2007
56,0,"Zhong2025",2007
57,0,"Zhong2025",2007
58,16.433915024712,"Zhong2025",2007
59,38.6680574319302,"Zhong2025",2007
60,15.0275980850746,"Zhong2025",2007
61,7.0135418782181,"Zhong2025",2007
62,3.37578565697921,"Zhong2025",2007
63,5.97655735587052,"Zhong2025",2007
64,7.3069405666539,"Zhong2025",2007
65,9.02791750762549,"Zhong2025",2007
66,3.07418564035006,"Zhong2025",2007
67,26.4327622416722,"Zhong2025",2007
68,18.0506405263912,"Zhong2025",2007
69,2.88544805978473,"Zhong2025",2007
70,1.89109752427373,"Zhong2025",2007
71,10.15293856851,"Zhong2025",2007
72,3.34462618264483,"Zhong2025",2007
73,7.04735583235065,"Zhong2025",2007
74,6.05575284938603,"Zhong2025",2007
75,13.3080009621732,"Zhong2025",2007
76,14.011962215717,"Zhong2025",2007
77,7.32386745187369,"Zhong2025",2007
78,17.7008483890898,"Zhong2025",2007
79,9.2157146362688,"Zhong2025",2007
80,10.9436013878208,"Zhong2025",2007
81,6.94067557879298,"Zhong2025",2007
82,11.2223113923657,"Zhong2025",2007
83,10.2403964578278,"Zhong2025",2007
84,3.64353109827732,"Zhong2025",2007
85,6.88700180484723,"Zhong2025",2007
86,4.71249221314348,"Zhong2025",2007
87,6.24533146023122,"Zhong2025",2007
88,13.9883673667908,"Zhong2025",2007
89,2.52734609565012,"Zhong2025",2007
90,9.88855406015861,"Zhong2025",2007
91,8.59613074057283,"Zhong2025",2007
92,34.570487379026,"Zhong2025",2007
93,9.004190037884,"Zhong2025",2007
94,5.13536541222883,"Zhong2025",2007
95,14.8287350887389,"Zhong2025",2007
96,10.9000761306511,"Zhong2025",2007
97,10.1588345910189,"Zhong2025",2007
98,1.65500123748731,"Zhong2025",2007
99,6.41095310724042,"Zhong2025",2007
100,1.13418123649184,"Zhong2025",2007
101,1.14880923671554,"Zhong2025",2007
102,3.99097704777823,"Zhong2025",2007
103,1.53184079176187,"Zhong2025",2007
104,5.33030092309822,"Zhong2025",2007
105,0.266183865888344,"Zhong2025",2007
106,2.88853993030948,"Zhong2025",2007
107,0.596017366496183,"Zhong2025",2007
108,0.782179570802442,"Zhong2025",2007
109,0.389067078606364,"Zhong2025",2007
110,0.600327923796096,"Zhong2025",2007
111,0.58420978018813,"Zhong2025",2007
112,0.0351108655659902,"Zhong2025",2007
113,0.0275172962408213,"Zhong2025",2007
114,7.36518809532835,"Zhong2025",2007
115,1.64939836992158,"Zhong2025",2007
116,1.54591818242014,"Zhong2025",2007
117,1.0438921043513,"Zhong2025",2007
118,4.37164057221102,"Zhong2025",2007
119,0.703612671047449,"Zhong2025",2007
120,2.9765412794373,"Zhong2025",2007
121,0.903219079938383,"Zhong2025",2007
122,0.000211507280139213,"Zhong2025",2007
123,8.53823775179027,"Zhong2025",2007
124,1.01730758041474,"Zhong2025",2007
125,3.38449671341767,"Zhong2025",2007
126,6.66278324127197,"Zhong2025",2007
127,1.20048992581005,"Zhong2025",2007
128,7.04218923386003,"Zhong2025",2007
129,6.59911344601558,"Zhong2025",2007
130,8.20316698231754,"Zhong2025",2007
131,12.6876114667472,"Zhong2025",2007
132,3.88853490225052,"Zhong2025",2007
133,4.73062886345771,"Zhong2025",2007
134,3.36874978012509,"Zhong2025",2007
135,1.28076145477975,"Zhong2025",2007
136,6.66222466055363,"Zhong2025",2007
137,7.66286800384522,"Zhong2025",2007
138,2.72204351026851,"Zhong2025",2007
139,3.24654919945742,"Zhong2025",2007
140,1.87497647540247,"Zhong2025",2007
141,3.00764930019515,"Zhong2025",2007
142,5.77032148523019,"Zhong2025",2007
143,1.00293313011527,"Zhong2025",2007
144,0.558443712167419,"Zhong2025",2007
145,6.42707960039377,"Zhong2025",2007
146,2.12720617985392,"Zhong2025",2007
147,4.60592735416003,"Zhong2025",2007
148,0.115753384192987,"Zhong2025",2007
149,2.67310174912274,"Zhong2025",2007
150,4.70492152119505,"Zhong2025",2007
151,1.79546634611965,"Zhong2025",2007
152,0.662346327756104,"Zhong2025",2007
153,5.13157369091571,"Zhong2025",2007
154,6.25150631926954,"Zhong2025",2007
155,3.40125982672715,"Zhong2025",2007
156,0.0918098650465254,"Zhong2025",2007
157,7.83843311828872,"Zhong2025",2007
158,3.10955569086706,"Zhong2025",2007
159,4.40046629617954,"Zhong2025",2007
160,1.94106288088378,"Zhong2025",2007
161,0.98882184634068,"Zhong2025",2007
162,0,"Zhong2025",2007
163,0.128351326398483,"Zhong2025",2007
164,0.295429261897522,"Zhong2025",2007
165,0.079511240982962,"Zhong2025",2007
166,0.066001836912595,"Zhong2025",2007
167,0.087491390018218,"Zhong2025",2007
168,0,"Zhong2025",2007
169,0.00674411382866382,"Zhong2025",2007
170,0,"Zhong2025",2007
171,0,"Zhong2025",2007
172,0,"Zhong2025",2007
173,0.128847292325603,"Zhong2025",2007
174,0,"Zhong2025",2007
175,0,"Zhong2025",2007
176,0,"Zhong2025",2007
177,0.0346390614607472,"Zhong2025",2007
178,0,"Zhong2025",2007
179,0,"Zhong2025",2007
180,0.0198108091278035,"Zhong2025",2007
181,0.00437611635101355,"Zhong2025",2007
182,0,"Zhong2025",2007
183,0,"Zhong2025",2007
184,0,"Zhong2025",2007
185,0,"Zhong2025",2007
186,0.0122534528239671,"Zhong2025",2007
187,0.162371476293034,"Zhong2025",2007
188,0.00674291432476871,"Zhong2025",2007
189,0.00301836581842446,"Zhong2025",2007
190,5.54226555061489,"Zhong2025",2007
191,10.7513780894467,"Zhong2025",2007
192,0.0945113492822956,"Zhong2025",2007
193,0,"Zhong2025",2007
194,0.805062004982285,"Zhong2025",2007
195,1.31813434618004,"Zhong2025",2007
196,0.159450661983534,"Zhong2025",2007
197,0.263986675588045,"Zhong2025",2007
198,0.48596272241842,"Zhong2025",2007
199,0.0063683189876339,"Zhong2025",2007
200,0.370351335139707,"Zhong2025",2007
201,0,"Zhong2025",2007
202,0.212630367258,"Zhong2025",2007
203,0.00902694035386375,"Zhong2025",2007
204,4.09411718743033,"Zhong2025",2007
205,0.260519756537872,"Zhong2025",2007
206,1.11580042727292,"Zhong2025",2007
207,0.0591137040853681,"Zhong2025",2007
208,0.0715372300436514,"Zhong2025",2007
209,0.164148889053708,"Zhong2025",2007
210,0.00120707633583588,"Zhong2025",2007
211,0,"Zhong2025",2007
212,0,"Zhong2025",2007
213,0,"Zhong2025",2007
214,0,"Zhong2025",2007
215,0,"Zhong2025",2007
216,0,"Zhong2025",2007
217,0.00278264699782999,"Zhong2025",2007
218,0,"Zhong2025",2007
219,0,"Zhong2025",2007
220,0.0142016639118579,"Zhong2025",2007
221,0,"Zhong2025",2007
222,0,"Zhong2025",2007
223,0,"Zhong2025",2007
224,0,"Zhong2025",2007
225,0.00144166902084407,"Zhong2025",2007
226,0.0668963823808278,"Zhong2025",2007
227,0.00813780907134113,"Zhong2025",2007
228,0.0100400644156665,"Zhong2025",2007
229,0.00359297113482524,"Zhong2025",2007
230,20.5317625826896,"Zhong2025",2007
231,2.84352152714345,"Zhong2025",2007
232,5.4171337476754,"Zhong2025",2007
233,0.140695511515499,"Zhong2025",2007
234,6.41122668333548,"Zhong2025",2007
235,10.1377743747499,"Zhong2025",2007
236,4.9866878924569,"Zhong2025",2007
237,4.46303612602654,"Zhong2025",2007
238,4.9166968759631,"Zhong2025",2007
239,4.3018072815612,"Zhong2025",2007
240,16.3433739595246,"Zhong2025",2007
241,8.97029750630007,"Zhong2025",2007
242,3.60034796865657,"Zhong2025",2007
243,10.6080092439162,"Zhong2025",2007
244,1.96902118982101,"Zhong2025",2007
245,10.5122226935167,"Zhong2025",2007
246,5.55835124121867,"Zhong2025",2007
247,0.865271288669927,"Zhong2025",2007
248,11.5959662887035,"Zhong2025",2007
249,8.66574670987971,"Zhong2025",2007
250,0.576536974304432,"Zhong2025",2007
251,1.95971497064479,"Zhong2025",2007
252,10.1067314769911,"Zhong2025",2007
253,1.76407856466759,"Zhong2025",2007
254,16.7015271429288,"Zhong2025",2007
255,2.98558273225528,"Zhong2025",2007
256,5.79384166326749,"Zhong2025",2007
257,33.4210471680494,"Zhong2025",2007
258,7.88359982468361,"Zhong2025",2007
259,16.5089258844612,"Zhong2025",2007
260,30.0820807615916,"Zhong2025",2007
261,4.54363653416275,"Zhong2025",2007
262,12.881592256833,"Zhong2025",2007
263,1.59139888090384,"Zhong2025",2007
264,16.1213047348935,"Zhong2025",2007
265,13.3247797821141,"Zhong2025",2007
266,1.93248077968422,"Zhong2025",2007
267,17.2954434948368,"Zhong2025",2007
268,4.50762221269299,"Zhong2025",2007
269,22.9425843544246,"Zhong2025",2007
270,5.09148081048362,"Zhong2025",2007
271,11.6286002946278,"Zhong2025",2007
272,8.81603704139273,"Zhong2025",2007
273,47.9867705769009,"Zhong2025",2007
274,8.60036999368431,"Zhong2025",2007
275,6.81179663999793,"Zhong2025",2007
276,16.3132458574632,"Zhong2025",2007
277,12.5541754869314,"Zhong2025",2007
278,0.689552523345827,"Zhong2025",2007
279,0.235338169459058,"Zhong2025",2007
280,10.1932630933564,"Zhong2025",2007
281,7.41739353065385,"Zhong2025",2007
282,5.94455226658299,"Zhong2025",2007
283,47.58717032704,"Zhong2025",2007
284,6.50497084603246,"Zhong2025",2007
285,0.216579638341168,"Zhong2025",2007
286,0.317338993777831,"Zhong2025",2007
287,0.415959341447768,"Zhong2025",2007
288,1.0840848545636,"Zhong2025",2007
289,3.43802628895113,"Zhong2025",2007
290,40.2443133190179,"Zhong2025",2007
291,1.23592545851464,"Zhong2025",2007
292,18.2218224187875,"Zhong2025",2007
293,5.1768224743975,"Zhong2025",2007
294,0.654925542796263,"Zhong2025",2007
295,0.32375096055679,"Zhong2025",2007
296,0.2948923402823,"Zhong2025",2007
297,2.38363398006861,"Zhong2025",2007
298,0.834750282396281,"Zhong2025",2007
299,1.96664727647223,"Zhong2025",2007
300,15.3720732969396,"Zhong2025",2007
301,3.94608611279642,"Zhong2025",2007
302,1.02295249016306,"Zhong2025",2007
303,21.4995530870226,"Zhong2025",2007
304,1.21531285093827,"Zhong2025",2007
305,0,"Zhong2025",2007
306,2.87330956487107,"Zhong2025",2007
307,0.94677818318057,"Zhong2025",2007
308,1.50441451046585,"Zhong2025",2007
309,0.857108596144963,"Zhong2025",2007
310,3.00672979146863,"Zhong2025",2007
311,0.642301181752661,"Zhong2025",2007
312,6.69419813821713,"Zhong2025",2007
313,0.79823750601352,"Zhong2025",2007
314,5.42216914237491,"Zhong2025",2007
315,0.407995376767693,"Zhong2025",2007
316,0.20845064259539,"Zhong2025",2007
317,1.17822792042617,"Zhong2025",2007
318,0.807534156807961,"Zhong2025",2007
319,7.08801525089915,"Zhong2025",2007
320,3.97236372247338,"Zhong2025",2007
321,0.586415375850504,"Zhong2025",2007
322,5.78842158344978,"Zhong2025",2007
323,6.17199612296325,"Zhong2025",2007
324,1.3526654725001,"Zhong2025",2007
325,0.589485077584195,"Zhong2025",2007
326,17.9453975645344,"Zhong2025",2007
327,3.74119415699494,"Zhong2025",2007
328,2.71938312097204,"Zhong2025",2007
329,9.22770687617651,"Zhong2025",2007
330,0.903790049330153,"Zhong2025",2007
331,8.08036363176243,"Zhong2025",2007
332,42.2454067826271,"Zhong2025",2007
333,3.39778864616528,"Zhong2025",2007
334,0.447205251549571,"Zhong2025",2007
335,6.26007507641213,"Zhong2025",2007
336,9.51182473310128,"Zhong2025",2007
337,44.9822654297103,"Zhong2025",2007
338,4.15127843749821,"Zhong2025",2007
339,2.30139979464112,"Zhong2025",2007
340,3.91521100864338,"Zhong2025",2007
341,11.3968527217706,"Zhong2025",2007
342,1.64953676919247,"Zhong2025",2007
343,1.61136908089836,"Zhong2025",2007
344,2.32569853334456,"Zhong2025",2007
345,9.50490794066996,"Zhong2025",2007
346,3.84193350713709,"Zhong2025",2007
347,4.77876593849876,"Zhong2025",2007
348,0.552147336068906,"Zhong2025",2007
349,0.833376629720624,"Zhong2025",2007
350,1.0892369994566,"Zhong2025",2007
351,20.6973971911839,"Zhong2025",2007
352,0.326288182698368,"Zhong2025",2007
353,9.40409371794247,"Zhong2025",2007
354,1.37877920284967,"Zhong2025",2007
355,4.49706559816458,"Zhong2025",2007
356,0.589664160827449,"Zhong2025",2007
357,11.3554302858009,"Zhong2025",2007
358,0.484899572477572,"Zhong2025",2007
359,0.640253084964469,"Zhong2025",2007
360,1.42197689564416,"Zhong2025",2007
361,11.2343680355922,"Zhong2025",2007
362,0.411656398586091,"Zhong2025",2007
363,1.72268911568168,"Zhong2025",2007
364,0.564755900774967,"Zhong2025",2007
365,2.24284711500218,"Zhong2025",2007
366,0.353878116415393,"Zhong2025",2007
367,48.150746849867,"Zhong2025",2007
368,17.5805078392363,"Zhong2025",2007
369,0.564159007220541,"Zhong2025",2007
370,4.08061856426807,"Zhong2025",2007
371,2.94332761342021,"Zhong2025",2007
372,1.03652287534732,"Zhong2025",2007
373,6.79797367109476,"Zhong2025",2007
374,0.0671513219017024,"Zhong2025",2007
375,13.5904835914412,"Zhong2025",2007
376,4.53301089314951,"Zhong2025",2007
377,0.289994814113807,"Zhong2025",2007
378,0.323306917392139,"Zhong2025",2007
379,0.656164429295518,"Zhong2025",2007
380,0.0799436504420425,"Zhong2025",2007
381,10.2724976122379,"Zhong2025",2007
382,25.6799579555705,"Zhong2025",2007
383,0.846989103183754,"Zhong2025",2007
384,1.16851135941334,"Zhong2025",2007
385,12.4789201571945,"Zhong2025",2007
386,9.77087947464826,"Zhong2025",2007
387,30.8469575019819,"Zhong2025",2007
388,4.21683343094295,"Zhong2025",2007
389,3.46185245847418,"Zhong2025",2007
390,62.8448825836182,"Zhong2025",2007
391,5.35622999592433,"Zhong2025",2007
392,11.2523812764932,"Zhong2025",2007
393,7.37340681155523,"Zhong2025",2007
394,28.9424205031132,"Zhong2025",2007
395,5.0312194556944,"Zhong2025",2007
396,2.53552850634636,"Zhong2025",2007
397,2.1919075658335,"Zhong2025",2007
398,37.290190783414,"Zhong2025",2007
399,0.127338865185201,"Zhong2025",2007
400,0.273840863221653,"Zhong2025",2007
401,0.100750283459323,"Zhong2025",2007
402,0.227974753748156,"Zhong2025",2007
403,0,"Zhong2025",2007
404,0,"Zhong2025",2007
405,6.38958339818221,"Zhong2025",2007
406,0.0131464035379082,"Zhong2025",2007
407,0.479789978357948,"Zhong2025",2007
408,0.206195953172796,"Zhong2025",2007
409,0,"Zhong2025",2007
410,0.0275385733778121,"Zhong2025",2007
411,0,"Zhong2025",2007
412,0.077586495384891,"Zhong2025",2007
413,0,"Zhong2025",2007
414,0,"Zhong2025",2007
415,0,"Zhong2025",2007
416,0,"Zhong2025",2007
417,0.201230282471939,"Zhong2025",2007
418,0.273932935888709,"Zhong2025",2007
419,0.169078412429187,"Zhong2025",2007
420,0,"Zhong2025",2007
421,0.180146486272698,"Zhong2025",2007
422,0,"Zhong2025",2007
423,0,"Zhong2025",2007
424,0,"Zhong2025",2007
425,0,"Zhong2025",2007
426,0.0850516723100671,"Zhong2025",2007
427,0,"Zhong2025",2007
428,0,"Zhong2025",2007
429,0.265678228189548,"Zhong2025",2007
430,0.193717106506837,"Zhong2025",2007
431,0,"Zhong2025",2007
432,0,"Zhong2025",2007
433,0.119930852248969,"Zhong2025",2007
434,0.0357962024732507,"Zhong2025",2007
435,0.230611051758251,"Zhong2025",2007
436,0.45517965229859,"Zhong2025",2007
437,3.40755546162384,"Zhong2025",2007
438,0.537797577633332,"Zhong2025",2007
439,1.07766734814919,"Zhong2025",2007
440,0.493922988298689,"Zhong2025",2007
441,14.4424649803502,"Zhong2025",2007
442,1.96479681138826,"Zhong2025",2007
443,4.71050233568092,"Zhong2025",2007
444,4.8649006467917,"Zhong2025",2007
445,7.60765119289097,"Zhong2025",2007
446,2.45134400145578,"Zhong2025",2007
447,4.47357151774447,"Zhong2025",2007
448,0.962912349444297,"Zhong2025",2007
449,5.25177019744914,"Zhong2025",2007
450,2.02090330066563,"Zhong2025",2007
451,1.94392653842241,"Zhong2025",2007
452,0.95820961362675,"Zhong2025",2007
453,0.264772899722287,"Zhong2025",2007
454,7.31641156711276,"Zhong2025",2007
455,4.68022327071984,"Zhong2025",2007
456,9.48625834750181,"Zhong2025",2007
457,9.16415694139093,"Zhong2025",2007
458,2.8056183816599,"Zhong2025",2007
459,2.88759129747999,"Zhong2025",2007
460,0.909075752767883,"Zhong2025",2007
461,4.61546931432656,"Zhong2025",2007
462,9.61784928471878,"Zhong2025",2007
463,0.981182075985083,"Zhong2025",2007
464,1.91890077134614,"Zhong2025",2007
465,0.77481847220189,"Zhong2025",2007
466,0.454069217371904,"Zhong2025",2007
467,57.1560003466722,"Zhong2025",2007
468,23.5347430651425,"Zhong2025",2007
469,10.628085514974,"Zhong2025",2007
470,7.33905773858229,"Zhong2025",2007
471,32.0658423650832,"Zhong2025",2007
472,6.70864306093077,"Zhong2025",2007
473,7.34128286968917,"Zhong2025",2007
474,35.2647134249027,"Zhong2025",2007
475,3.29082784513784,"Zhong2025",2007
476,12.5302188352359,"Zhong2025",2007
477,1.61133420130989,"Zhong2025",2007
478,15.2013484033254,"Zhong2025",2007
479,6.28089361599061,"Zhong2025",2007
480,39.3710366948446,"Zhong2025",2007
481,3.85853837762291,"Zhong2025",2007
482,34.1710655537057,"Zhong2025",2007
483,10.4381577664409,"Zhong2025",2007
484,4.97387654810833,"Zhong2025",2007
485,19.0435016619809,"Zhong2025",2007
486,54.6573189955491,"Zhong2025",2007
487,11.2220250641306,"Zhong2025",2007
488,11.541647314414,"Zhong2025",2007
489,8.40738542965398,"Zhong2025",2007
490,20.358378916222,"Zhong2025",2007
491,0.135808148781377,"Zhong2025",2007
492,0.199758056797064,"Zhong2025",2007
493,0.269607008453995,"Zhong2025",2007
494,5.29589084672119,"Zhong2025",2007
495,2.23131358287583,"Zhong2025",2007
496,0.227553204051727,"Zhong2025",2007
497,3.60759494334074,"Zhong2025",2007
498,1.19257970681666,"Zhong2025",2007
499,11.2669751435363,"Zhong2025",2007
500,0.663019058502703,"Zhong2025",2007
501,7.64650094214377,"Zhong2025",2007
502,2.07468800182218,"Zhong2025",2007
503,0.646391932685771,"Zhong2025",2007
504,1.19826145630687,"Zhong2025",2007
505,3.17036469311564,"Zhong2025",2007
506,1.09287294293089,"Zhong2025",2007
507,3.43964857071588,"Zhong2025",2007
508,0,"Zhong2025",2007
509,1.69108612312892,"Zhong2025",2007
510,0.321689918541223,"Zhong2025",2007
511,0,"Zhong2025",2007
512,0.12706567419247,"Zhong2025",2007
513,0.356359805781491,"Zhong2025",2007
514,0.310292908542642,"Zhong2025",2007
515,3.04381561799105,"Zhong2025",2007
516,3.72219534550293,"Zhong2025",2007
517,2.24088372461767,"Zhong2025",2007
518,0.00815172364743445,"Zhong2025",2007
519,2.13824490558748,"Zhong2025",2007
520,0.741490677220084,"Zhong2025",2007
521,0.236571258664995,"Zhong2025",2007
522,5.60174488333872,"Zhong2025",2007
523,9.43522863608836,"Zhong2025",2007
524,0.18053368213822,"Zhong2025",2007
525,0.196690676069551,"Zhong2025",2007
526,2.51756721912044,"Zhong2025",2007
527,2.14705449675746,"Zhong2025",2007
528,0.023224213068592,"Zhong2025",2007
529,20.5251552274782,"Zhong2025",2007
530,9.8760867660352,"Zhong2025",2007
531,5.10121407362356,"Zhong2025",2007
532,1.52250488288421,"Zhong2025",2007
533,1.01167184374542,"Zhong2025",2007
534,2.18012280854171,"Zhong2025",2007
535,0.598976215573578,"Zhong2025",2007
536,2.38189110065958,"Zhong2025",2007
537,1.77696995296245,"Zhong2025",2007
538,1.72015783156843,"Zhong2025",2007
539,2.967163850239,"Zhong2025",2007
540,5.51777276718957,"Zhong2025",2007
541,6.83577472424205,"Zhong2025",2007
542,1.41542019615623,"Zhong2025",2007
543,4.08272066752036,"Zhong2025",2007
544,2.61283005868429,"Zhong2025",2007
545,1.44908445522554,"Zhong2025",2007
546,2.12176999031052,"Zhong2025",2007
547,2.28987811576325,"Zhong2025",2007
548,2.08430121444998,"Zhong2025",2007
549,1.23109684295269,"Zhong2025",2007
550,1.4769991433848,"Zhong2025",2007
551,2.45260016335764,"Zhong2025",2007
552,1.37275149997586,"Zhong2025",2007
553,1.01363389117463,"Zhong2025",2007
554,1.934712143865,"Zhong2025",2007
555,0.368043695174673,"Zhong2025",2007
556,1.09467317180483,"Zhong2025",2007
557,4.4523821286133,"Zhong2025",2007
558,5.66104469455419,"Zhong2025",2007
559,2.71605995057949,"Zhong2025",2007
560,2.09630944787568,"Zhong2025",2007
561,3.7077246956935,"Zhong2025",2007
562,15.5616714610034,"Zhong2025",2007
563,1.85432709346374,"Zhong2025",2007
564,1.61679742520297,"Zhong2025",2007
565,5.90527041290599,"Zhong2025",2007
566,1.01411332251932,"Zhong2025",2007
567,6.36616135463945,"Zhong2025",2007
568,0.457550980398604,"Zhong2025",2007
569,1.73449299731491,"Zhong2025",2007
570,0.28439903909386,"Zhong2025",2007
571,2.81574688599046,"Zhong2025",2007
572,0.993194198868605,"Zhong2025",2007
573,1.28138824772477,"Zhong2025",2007
574,1.19702729302324,"Zhong2025",2007
575,1.05652905062175,"Zhong2025",2007
576,3.41412399654146,"Zhong2025",2007
577,0.539300487358682,"Zhong2025",2007
578,2.12352447737666,"Zhong2025",2007
579,0.815162773608667,"Zhong2025",2007
580,3.86335232681746,"Zhong2025",2007
581,1.51390614824522,"Zhong2025",2007
582,0.436317349798693,"Zhong2025",2007
583,0.23324659446749,"Zhong2025",2007
584,0.985449238660034,"Zhong2025",2007
585,1.03260186584267,"Zhong2025",2007
586,0.990063305385411,"Zhong2025",2007
587,0.629927874058836,"Zhong2025",2007
588,0.17964443577578,"Zhong2025",2007
589,2.50699612253361,"Zhong2025",2007
590,1.28854233687339,"Zhong2025",2007
591,3.12528874196602,"Zhong2025",2007
592,0.463717611300343,"Zhong2025",2007
593,0.183619563854658,"Zhong2025",2007
594,6.74559218772546,"Zhong2025",2007
595,0.883792277660136,"Zhong2025",2007
596,0.152726916834078,"Zhong2025",2007
597,8.72688993821781,"Zhong2025",2007
598,1.12799218675739,"Zhong2025",2007
599,2.50568594809601,"Zhong2025",2007
600,1.38347060410749,"Zhong2025",2007
601,3.86615159282827,"Zhong2025",2007
602,1.70122700307759,"Zhong2025",2007
603,24.0333212026234,"Zhong2025",2007
604,3.01071278332106,"Zhong2025",2007
605,1.40609020239261,"Zhong2025",2007
606,4.96753121183502,"Zhong2025",2007
607,9.13518403012513,"Zhong2025",2007
608,18.8344234148661,"Zhong2025",2007
609,3.59949326737859,"Zhong2025",2007
610,0.896836622526789,"Zhong2025",2007
611,2.04688416318053,"Zhong2025",2007
612,0.348104155273177,"Zhong2025",2007
613,2.38896606834346,"Zhong2025",2007
614,5.93452318345858,"Zhong2025",2007
615,0.44206134578779,"Zhong2025",2007
616,3.19565036158138,"Zhong2025",2007
617,5.02721037677206,"Zhong2025",2007
618,12.3980234459817,"Zhong2025",2007
619,0.283633399359068,"Zhong2025",2007
620,6.22951917246234,"Zhong2025",2007
621,2.21698489799073,"Zhong2025",2007
622,2.16623023985809,"Zhong2025",2007
623,6.29493438172276,"Zhong2025",2007
624,3.95445439226524,"Zhong2025",2007
625,0.36454959600543,"Zhong2025",2007
626,5.19771868487533,"Zhong2025",2007
627,7.79199818455347,"Zhong2025",2007
628,11.7341895622145,"Zhong2025",2007
629,43.8065432442559,"Zhong2025",2007
630,11.9727831508802,"Zhong2025",2007
631,0.714173981124808,"Zhong2025",2007
632,0.0358710662707717,"Zhong2025",2007
633,0.0294218037770763,"Zhong2025",2007
634,2.8396530314063,"Zhong2025",2007
635,0.212531209938142,"Zhong2025",2007
636,2.89832221619059,"Zhong2025",2007
637,0.416189794932166,"Zhong2025",2007
638,27.4590183496475,"Zhong2025",2007
639,1.83840304156465,"Zhong2025",2007
640,0.571240239848888,"Zhong2025",2007
641,1.49240467676969,"Zhong2025",2007
642,1.54487036297444,"Zhong2025",2007
643,1.77398405377827,"Zhong2025",2007
644,0.385849962751603,"Zhong2025",2007
645,1.35120525146204,"Zhong2025",2007
646,7.06304013962839,"Zhong2025",2007
647,0.402923714254911,"Zhong2025",2007
648,0.964417054059626,"Zhong2025",2007
649,6.845668224188,"Zhong2025",2007
650,3.58110624046444,"Zhong2025",2007
651,0.000280755348032034,"Zhong2025",2007
652,3.11667153007094,"Zhong2025",2007
653,1.57886309595457,"Zhong2025",2007
654,11.4512174193849,"Zhong2025",2007
655,0.139298309948478,"Zhong2025",2007
656,0.960121144434649,"Zhong2025",2007
657,5.55660875587953,"Zhong2025",2007
658,3.01078308965079,"Zhong2025",2007
659,5.67305284187004,"Zhong2025",2007
660,0.0915348214121201,"Zhong2025",2007
661,9.095330832466,"Zhong2025",2007
662,0.444214174447985,"Zhong2025",2007
663,2.71340763376405,"Zhong2025",2007
664,0.141015847878797,"Zhong2025",2007
665,0.684603540356769,"Zhong2025",2007
666,1.15527694829903,"Zhong2025",2007
667,0,"Zhong2025",2007
668,1.97318316131639,"Zhong2025",2007
669,0.904812805645959,"Zhong2025",2007
670,0.074598127914266,"Zhong2025",2007
671,1.92639644453777,"Zhong2025",2007
672,15.2427219792402,"Zhong2025",2007
673,5.49638457253816,"Zhong2025",2007
674,0.661894646946756,"Zhong2025",2007
675,6.01475009348776,"Zhong2025",2007
676,2.95054228113048,"Zhong2025",2007
677,0.476114366449556,"Zhong2025",2007
678,0.821908051872419,"Zhong2025",2007
679,6.68803916975509,"Zhong2025",2007
680,2.93190437499001,"Zhong2025",2007
681,1.86941308242136,"Zhong2025",2007
682,0.634989655413256,"Zhong2025",2007
683,13.7994641311999,"Zhong2025",2007
684,0.74619216178043,"Zhong2025",2007
685,1.40467582643032,"Zhong2025",2007
686,8.10104445390926,"Zhong2025",2007
687,7.31411121542687,"Zhong2025",2007
688,0.343926809606669,"Zhong2025",2007
689,1.46377346715467,"Zhong2025",2007
690,3.21171488961563,"Zhong2025",2007
691,1.51856152365605,"Zhong2025",2007
692,18.5549164613088,"Zhong2025",2007
693,2.63631796005827,"Zhong2025",2007
694,6.95251989705222,"Zhong2025",2007
695,5.2504931251208,"Zhong2025",2007
696,0.37843981962921,"Zhong2025",2007
697,7.4123377722681,"Zhong2025",2007
698,0.75997696372005,"Zhong2025",2007
699,0.123991184734872,"Zhong2025",2007
700,3.11835040052732,"Zhong2025",2007
701,0.312576720095056,"Zhong2025",2007
702,3.70386083585386,"Zhong2025",2007
703,5.97776576614065,"Zhong2025",2007
704,16.5792029726094,"Zhong2025",2007
705,1.81648186499189,"Zhong2025",2007
706,33.6017702915629,"Zhong2025",2007
707,4.27536713957254,"Zhong2025",2007
708,5.89826655523881,"Zhong2025",2007
709,0.193318501552567,"Zhong2025",2007
710,6.35439461700513,"Zhong2025",2007
711,0.263599104733549,"Zhong2025",2007
712,8.75673956152435,"Zhong2025",2007
713,0,"Zhong2025",2007
714,2.9179440409672,"Zhong2025",2007
715,0.440659378784315,"Zhong2025",2007
716,0,"Zhong2025",2007
717,1.87516059723589,"Zhong2025",2007
718,2.78106596772418,"Zhong2025",2007
719,1.77963275330022,"Zhong2025",2007
720,0,"Zhong2025",2007
721,2.47336146760947,"Zhong2025",2007
722,4.64361587121631,"Zhong2025",2007
723,11.1627198439199,"Zhong2025",2007
724,0.495466985391534,"Zhong2025",2007
725,5.48771492824142,"Zhong2025",2007
726,0.283423627932645,"Zhong2025",2007
727,0.219382505806593,"Zhong2025",2007
728,2.26895665903246,"Zhong2025",2007
729,0.603597304937475,"Zhong2025",2007
730,6.6825990315894,"Zhong2025",2007
731,0.761825135579651,"Zhong2025",2007
732,10.161984719336,"Zhong2025",2007
733,1.25446310622135,"Zhong2025",2007
734,0.289972637913057,"Zhong2025",2007
735,0.121687606315721,"Zhong2025",2007
736,2.11412852090443,"Zhong2025",2007
737,3.47468793096414,"Zhong2025",2007
738,6.26230267047882,"Zhong2025",2007
739,3.25965832920424,"Zhong2025",2007
740,10.7348461945852,"Zhong2025",2007
741,0,"Zhong2025",2007
742,3.44721283215013,"Zhong2025",2007
743,11.6591987715827,"Zhong2025",2007
744,1.0251336041754,"Zhong2025",2007
745,9.1847863882146,"Zhong2025",2007
746,2.32079714685678,"Zhong2025",2007
747,17.8610926194459,"Zhong2025",2007
748,2.45770609855563,"Zhong2025",2007
749,0.8563348286246,"Zhong2025",2007
750,1.72770166321752,"Zhong2025",2007
751,1.69633237897694,"Zhong2025",2007
752,12.3510353500779,"Zhong2025",2007
753,0.611614151459295,"Zhong2025",2007
754,1.31847476265554,"Zhong2025",2007
755,4.64735297269599,"Zhong2025",2007
756,3.07646553218365,"Zhong2025",2007
757,0,"Zhong2025",2007
758,0.175713582026372,"Zhong2025",2007
759,0.156882328531074,"Zhong2025",2007
760,0.0753350283991261,"Zhong2025",2007
761,12.9875560741799,"Zhong2025",2007
762,14.9946351938469,"Zhong2025",2007
763,13.4831166645837,"Zhong2025",2007
764,11.0885414870358,"Zhong2025",2007
765,2.18357616932468,"Zhong2025",2007
766,5.51293936744332,"Zhong2025",2007
767,13.9379805428641,"Zhong2025",2007
768,0.253722231893992,"Zhong2025",2007
769,16.1904711042132,"Zhong2025",2007
770,48.9043082497337,"Zhong2025",2007
771,0.604349207149174,"Zhong2025",2007
772,9.32319129124666,"Zhong2025",2007
773,1.34383350478325,"Zhong2025",2007
774,0.885105668901574,"Zhong2025",2007
775,9.33428092491932,"Zhong2025",2007
776,9.05908300095465,"Zhong2025",2007
777,5.76217184044302,"Zhong2025",2007
778,14.4503063118794,"Zhong2025",2007
779,52.3880836357505,"Zhong2025",2007
780,6.70482692995976,"Zhong2025",2007
781,19.21875732701,"Zhong2025",2007
782,0,"Zhong2025",2007
783,30.113413756802,"Zhong2025",2007
784,1.46237635712917,"Zhong2025",2007
785,2.64720788567538,"Zhong2025",2007
786,51.2129908169017,"Zhong2025",2007
787,6.69826460135988,"Zhong2025",2007
788,0.318743845636462,"Zhong2025",2007
789,23.5803507427837,"Zhong2025",2007
790,1.16060653994808,"Zhong2025",2007
791,0.515513542911102,"Zhong2025",2007
792,13.7913075431449,"Zhong2025",2007
793,7.05928584064047,"Zhong2025",2007
794,5.60163229824209,"Zhong2025",2007
795,8.15794811516862,"Zhong2025",2007
796,3.83126681948993,"Zhong2025",2007
797,3.87555069693211,"Zhong2025",2007
798,8.1127966775823,"Zhong2025",2007
799,1.21975625821807,"Zhong2025",2007
800,0,"Zhong2025",2007
801,0.827396255287718,"Zhong2025",2007
802,1.11531394988718,"Zhong2025",2007
803,20.7434368893072,"Zhong2025",2007
804,17.3927973210812,"Zhong2025",2007
805,2.30123794236647,"Zhong2025",2007
806,0.221114874488729,"Zhong2025",2007
807,10.6055955607214,"Zhong2025",2007
808,4.912062727171,"Zhong2025",2007
809,1.03562968533424,"Zhong2025",2007
810,44.0912077678897,"Zhong2025",2007
811,2.1707186752132,"Zhong2025",2007
812,0.276553242265495,"Zhong2025",2007
813,8.54018084987484,"Zhong2025",2007
814,12.4731549574779,"Zhong2025",2007
815,13.1364456435045,"Zhong2025",2007
816,2.81990349804983,"Zhong2025",2007
817,6.333119161129,"Zhong2025",2007
818,1.1244941883617,"Zhong2025",2007
819,2.76922774872133,"Zhong2025",2007
820,0,"Zhong2025",2007
821,8.33196470564282,"Zhong2025",2007
822,0.115789184468837,"Zhong2025",2007
823,3.09239247515008,"Zhong2025",2007
824,3.08067813046042,"Zhong2025",2007
825,1.34323413668237,"Zhong2025",2007
826,5.03972560659583,"Zhong2025",2007
827,2.19889833147746,"Zhong2025",2007
828,5.9393390712973,"Zhong2025",2007
829,9.43129192132216,"Zhong2025",2007
830,18.4606240166558,"Zhong2025",2007
831,19.7078848595315,"Zhong2025",2007
832,1.60713766598358,"Zhong2025",2007
833,0,"Zhong2025",2007
834,9.52490057642498,"Zhong2025",2007
835,12.6570738090957,"Zhong2025",2007
836,8.938906728015,"Zhong2025",2007
837,17.2424934667699,"Zhong2025",2007
838,7.64763957041991,"Zhong2025",2007
839,32.3751292309519,"Zhong2025",2007
840,11.250825691765,"Zhong2025",2007
841,10.1024853515884,"Zhong2025",2007
842,3.35002089654823,"Zhong2025",2007
843,3.87304792496794,"Zhong2025",2007
844,9.30843486027284,"Zhong2025",2007
845,26.4709016280838,"Zhong2025",2007
846,3.7923070502095,"Zhong2025",2007
847,15.9121201833089,"Zhong2025",2007
848,35.6808042838925,"Zhong2025",2007
849,14.7750565740797,"Zhong2025",2007
850,3.20266564293154,"Zhong2025",2007
851,9.42797125540232,"Zhong2025",2007
852,38.8590300496419,"Zhong2025",2007
853,0.226033901109507,"Zhong2025",2007
854,0.736782230681529,"Zhong2025",2007
855,10.6073142730438,"Zhong2025",2007
856,14.0674293107457,"Zhong2025",2007
857,1.86793914359754,"Zhong2025",2007
858,2.0356040217568,"Zhong2025",2007
859,0.696008063448397,"Zhong2025",2007
860,4.28466569740733,"Zhong2025",2007
861,9.56424901232822e-06,"Zhong2025",2007
862,5.63497789185648,"Zhong2025",2007
863,12.9297436501603,"Zhong2025",2007
864,9.21361757544584,"Zhong2025",2007
865,0.145929854152724,"Zhong2025",2007
866,13.8316767417778,"Zhong2025",2007
867,19.4053913344536,"Zhong2025",2007
868,10.9422236012888,"Zhong2025",2007
869,11.8307234981276,"Zhong2025",2007
870,0.786864066781186,"Zhong2025",2007
871,0.240060635807603,"Zhong2025",2007
872,3.70595995332655,"Zhong2025",2007
873,0.106345757247325,"Zhong2025",2007
874,0.493307228749618,"Zhong2025",2007
875,0.304328592195211,"Zhong2025",2007
876,6.09950482874044,"Zhong2025",2007
877,0.309438749592294,"Zhong2025",2007
878,2.56112129965306,"Zhong2025",2007
879,3.30580204166125,"Zhong2025",2007
880,1.71146435046254,"Zhong2025",2007
881,0,"Zhong2025",2007
882,0.570909024222585,"Zhong2025",2007
883,1.60549240302615,"Zhong2025",2007
884,0.649755495248222,"Zhong2025",2007
885,0.77457159419739,"Zhong2025",2007
886,20.2601943916745,"Zhong2025",2007
887,1.19183210289526,"Zhong2025",2007
888,0.708922370371392,"Zhong2025",2007
889,6.74618149116067,"Zhong2025",2007
890,5.75658626262808,"Zhong2025",2007
891,1.79295061285186,"Zhong2025",2007
892,5.82686010145761,"Zhong2025",2007
893,2.84404371373562,"Zhong2025",2007
894,0.756437548660531,"Zhong2025",2007
895,0.551417594105405,"Zhong2025",2007
896,12.3799434924948,"Zhong2025",2007
897,2.94783533998451,"Zhong2025",2007
898,0.353167371271731,"Zhong2025",2007
899,0.445937956793498,"Zhong2025",2007
900,0.250345189569189,"Zhong2025",2007
901,26.4292407160757,"Zhong2025",2007
902,0.143556674647642,"Zhong2025",2007
903,0.951611675792421,"Zhong2025",2007
904,0.331668078540028,"Zhong2025",2007
905,0.555981397614934,"Zhong2025",2007
906,1.21918795563366,"Zhong2025",2007
907,0.656344235644411,"Zhong2025",2007
908,0.465175261815641,"Zhong2025",2007
909,22.4454064482424,"Zhong2025",2007
910,13.9000146959251,"Zhong2025",2007
911,4.77915975092324,"Zhong2025",2007
912,0.469545262337014,"Zhong2025",2007
913,0.122944714243655,"Zhong2025",2007
914,2.31743144312282,"Zhong2025",2007
915,0.342096522096315,"Zhong2025",2007
916,1.41789294230491,"Zhong2025",2007
917,0.00383161157369614,"Zhong2025",2007
918,0.59783248924172,"Zhong2025",2007
919,0.734631826616048,"Zhong2025",2007
920,0.757572729143635,"Zhong2025",2007
921,6.33322307543613,"Zhong2025",2007
922,1.55531383244291,"Zhong2025",2007
923,0.064432597758133,"Zhong2025",2007
924,0.00515727544943658,"Zhong2025",2007
925,0.307001794621105,"Zhong2025",2007
926,0.244016040517117,"Zhong2025",2007
927,0.135993087726129,"Zhong2025",2007
928,0.131346585775704,"Zhong2025",2007
929,0.0413840591637703,"Zhong2025",2007
930,4.70486941555312,"Zhong2025",2007
931,0.594876099964208,"Zhong2025",2007
932,0.16968028101946,"Zhong2025",2007
933,0,"Zhong2025",2007
934,0.205775540549487,"Zhong2025",2007
935,0.0669151085771915,"Zhong2025",2007
936,0.0119133912616157,"Zhong2025",2007
937,0.00347951911468823,"Zhong2025",2007
938,0.0532355728524381,"Zhong2025",2007
939,10.9569279697998,"Zhong2025",2007
940,2.70269286866991,"Zhong2025",2007
941,0.995220976609896,"Zhong2025",2007
942,2.29509382896159,"Zhong2025",2007
943,0.400581038892269,"Zhong2025",2007
944,1.09302866573535,"Zhong2025",2007
945,0.332615215449893,"Zhong2025",2007
946,1.04110516282195,"Zhong2025",2007
947,0.190746182668294,"Zhong2025",2007
948,1.52517134086088,"Zhong2025",2007
949,0.793678903782338,"Zhong2025",2007
950,6.52768356048248,"Zhong2025",2007
951,0.465852592409374,"Zhong2025",2007
952,1.77027622926842,"Zhong2025",2007
953,5.50067797390926,"Zhong2025",2007
954,6.2292248436786,"Zhong2025",2007
955,0.428759399755501,"Zhong2025",2007
956,0.334714379394908,"Zhong2025",2007
957,0.513367697907856,"Zhong2025",2007
958,0.422937075239089,"Zhong2025",2007
959,0.814857628879612,"Zhong2025",2007
960,2.64528172673032,"Zhong2025",2007
961,3.02180667216848,"Zhong2025",2007
962,0.409766967880605,"Zhong2025",2007
963,4.14813948652364,"Zhong2025",2007
964,0.931358690977568,"Zhong2025",2007
965,11.3220970836337,"Zhong2025",2007
966,4.4050254169167,"Zhong2025",2007
967,3.99382395867303,"Zhong2025",2007
968,0.0704149516078849,"Zhong2025",2007
969,3.89576071624039,"Zhong2025",2007
970,0.325129866658526,"Zhong2025",2007
971,2.39431267238143,"Zhong2025",2007
972,0.789457955115778,"Zhong2025",2007
973,6.94160040225566,"Zhong2025",2007
974,1.26143683151434,"Zhong2025",2007
975,0.765875963818758,"Zhong2025",2007
976,0.0938887733824645,"Zhong2025",2007
977,0.133641690689292,"Zhong2025",2007
978,2.1393339941122,"Zhong2025",2007
979,17.7301178075829,"Zhong2025",2007
980,6.25637550575177,"Zhong2025",2007
981,9.36202674013825,"Zhong2025",2007
982,0.748521967861022,"Zhong2025",2007
983,2.64871133195565,"Zhong2025",2007
984,2.24110441700452,"Zhong2025",2007
985,1.33634950567422,"Zhong2025",2007
986,0.00398461791231249,"Zhong2025",2007
987,0.220069130784587,"Zhong2025",2007
988,0.262085713978924,"Zhong2025",2007
989,0.5681570030378,"Zhong2025",2007
990,2.31369523284262,"Zhong2025",2007
991,0.0563009957499478,"Zhong2025",2007
992,4.19881853282306,"Zhong2025",2007
993,0.579603427291268,"Zhong2025",2007
994,0.593266763001181,"Zhong2025",2007
995,0.0373758954715125,"Zhong2025",2007
996,2.96946555835143,"Zhong2025",2007
997,6.83699174697375,"Zhong2025",2007
998,0.51337274939858,"Zhong2025",2007
999,2.28735164528893,"Zhong2025",2007
1000,11.183516985547,"Zhong2025",2007
1001,0,"Zhong2025",2007
1002,3.15106168499699,"Zhong2025",2007
1003,0.000808149274136569,"Zhong2025",2007
1004,1.44100485852647,"Zhong2025",2007
1005,0.236036500266157,"Zhong2025",2007
1006,0,"Zhong2025",2007
1007,0.256829088318761,"Zhong2025",2007
1008,10.0602294761136,"Zhong2025",2007
1009,0.797938404156263,"Zhong2025",2007
1010,0.00590365442476203,"Zhong2025",2007
1011,0.519282462938766,"Zhong2025",2007
1012,2.80260749123425,"Zhong2025",2007
1013,1.07866471900659,"Zhong2025",2007
1014,1.89768502699018,"Zhong2025",2007
1015,0.799248319412054,"Zhong2025",2007
1016,4.30032615165692,"Zhong2025",2007
1017,1.5216109216014,"Zhong2025",2007
1018,0.390970989541952,"Zhong2025",2007
1019,0.447399679124355,"Zhong2025",2007
1020,0.188994449724834,"Zhong2025",2007
1021,0.157424174974229,"Zhong2025",2007
1022,7.2855741360212,"Zhong2025",2007
1023,3.76632188558147,"Zhong2025",2007
1024,0,"Zhong2025",2007
1025,12.7003189273949,"Zhong2025",2007
1026,1.95547240248662,"Zhong2025",2007
1027,0.282354155703574,"Zhong2025",2007
1028,0.0244319187033744,"Zhong2025",2007
1029,0.937684312368496,"Zhong2025",2007
1030,0.789204055159692,"Zhong2025",2007
1031,0,"Zhong2025",2007
1032,5.33298236131668,"Zhong2025",2007
1033,2.27855870127678,"Zhong2025",2007
1034,2.45583375185341,"Zhong2025",2007
1035,8.94236203243858,"Zhong2025",2007
1036,2.18902555935932,"Zhong2025",2007
1037,0.207036818846801,"Zhong2025",2007
1038,1.11788125306233,"Zhong2025",2007
1039,0.68609965782741,"Zhong2025",2007
1040,0,"Zhong2025",2007
1041,2.14267731573549,"Zhong2025",2007
1042,0.10109619404948,"Zhong2025",2007
1043,0,"Zhong2025",2007
1044,0.826813565597923,"Zhong2025",2007
1045,0,"Zhong2025",2007
1046,1.21035026911742,"Zhong2025",2007
1047,0.855573424661064,"Zhong2025",2007
1048,0.17069147360102,"Zhong2025",2007
1049,0.0318523147920736,"Zhong2025",2007
1050,0.399756950423831,"Zhong2025",2007
1051,0.175798844132158,"Zhong2025",2007
1052,0.526866646509775,"Zhong2025",2007
1053,2.08013048975474,"Zhong2025",2007
1054,8.36038742959499,"Zhong2025",2007
1055,0.54280384396874,"Zhong2025",2007
1056,0.599921920396229,"Zhong2025",2007
1057,11.7411104323586,"Zhong2025",2007
1058,37.5084797467027,"Zhong2025",2007
1059,0.132404718539315,"Zhong2025",2007
1060,0,"Zhong2025",2007
1061,10.3759760585053,"Zhong2025",2007
1062,38.9670029355258,"Zhong2025",2007
1063,11.4142399738781,"Zhong2025",2007
1064,0.299843321420037,"Zhong2025",2007
1065,3.20319849164498,"Zhong2025",2007
1066,1.03068403584934,"Zhong2025",2007
1067,1.03799109915742,"Zhong2025",2007
1068,1.77641821179919,"Zhong2025",2007
1069,0.132253498751365,"Zhong2025",2007
1070,1.91825827359832,"Zhong2025",2007
1071,8.51635735210724,"Zhong2025",2007
1072,1.53497269491433,"Zhong2025",2007
1073,0.558691237207628,"Zhong2025",2007
1074,6.04635192778921,"Zhong2025",2007
1075,0.83189019642818,"Zhong2025",2007
1076,1.04621263910303,"Zhong2025",2007
1077,0.275253930152157,"Zhong2025",2007
1078,18.7283556793047,"Zhong2025",2007
1079,3.68731184278086,"Zhong2025",2007
1080,20.6406803224601,"Zhong2025",2007
1081,7.94930851719785,"Zhong2025",2007
1082,6.92042436171323,"Zhong2025",2007
1083,1.35095612337127,"Zhong2025",2007
1084,8.499898604294,"Zhong2025",2007
1085,4.89896404847928,"Zhong2025",2007
1086,5.60829406043456,"Zhong2025",2007
1087,8.24044410009972,"Zhong2025",2007
1088,22.1061116389509,"Zhong2025",2007
1089,0.185973899478921,"Zhong2025",2007
1090,0.734025102085084,"Zhong2025",2007
1091,1.47928958779003,"Zhong2025",2007
1092,5.84990317301011,"Zhong2025",2007
1093,6.48989359461001,"Zhong2025",2007
1094,0.188783567471871,"Zhong2025",2007
1095,3.86738223463063,"Zhong2025",2007
1096,15.2927563932148,"Zhong2025",2007
1097,0.0670793360762541,"Zhong2025",2007
1098,0.0383439804301161,"Zhong2025",2007
1099,1.37696222872636,"Zhong2025",2007
1100,8.758622063914,"Zhong2025",2007
1101,0.65804769522671,"Zhong2025",2007
1102,4.52556498197266,"Zhong2025",2007
1103,0.584072777391363,"Zhong2025",2007
1104,5.87905529168449,"Zhong2025",2007
1105,1.61443581336985,"Zhong2025",2007
1106,4.19073510513508,"Zhong2025",2007
1107,1.76226836520986,"Zhong2025",2007
1108,0.62183956158952,"Zhong2025",2007
1109,2.98703850161186,"Zhong2025",2007
1110,1.24675610475242,"Zhong2025",2007
1111,3.04301437600376,"Zhong2025",2007
1112,26.9983190713105,"Zhong2025",2007
1113,33.1992604528839,"Zhong2025",2007
1114,53.5655659493946,"Zhong2025",2007
1115,28.3885297356071,"Zhong2025",2007
1116,40.0418051238609,"Zhong2025",2007
1117,18.4215892704634,"Zhong2025",2007
1118,28.8311434394062,"Zhong2025",2007
1119,1.26344224485484,"Zhong2025",2007
1120,6.31434292172236,"Zhong2025",2007
1121,53.1027680635452,"Zhong2025",2007
1122,50.8179051248651,"Zhong2025",2007
1,1.32185706274752,"Zhong2025",2008
2,0.0549796516317184,"Zhong2025",2008
3,0.127474786042301,"Zhong2025",2008
4,0.279236962381301,"Zhong2025",2008
5,0.144593485621656,"Zhong2025",2008
6,0.0732714386193307,"Zhong2025",2008
7,0,"Zhong2025",2008
8,0.0444927154353163,"Zhong2025",2008
9,0.0786141346967885,"Zhong2025",2008
10,0.0473006667282205,"Zhong2025",2008
11,0.014887289441952,"Zhong2025",2008
12,0.0244817151323366,"Zhong2025",2008
13,0.00541616516459764,"Zhong2025",2008
14,0,"Zhong2025",2008
15,0.407752723975256,"Zhong2025",2008
16,0.0566064683087016,"Zhong2025",2008
17,14.958987523699,"Zhong2025",2008
18,1.09076188030022,"Zhong2025",2008
19,0.164990469408815,"Zhong2025",2008
20,0.448998426033305,"Zhong2025",2008
21,0.550592127724552,"Zhong2025",2008
22,1.84095796631231,"Zhong2025",2008
23,2.61993513500885,"Zhong2025",2008
24,2.23141124536422,"Zhong2025",2008
25,5.14140208554289,"Zhong2025",2008
26,4.18984523292751,"Zhong2025",2008
27,2.65990977188162,"Zhong2025",2008
28,12.6495949490236,"Zhong2025",2008
29,0.195515064630559,"Zhong2025",2008
30,0.120671394455005,"Zhong2025",2008
31,0.604918165538799,"Zhong2025",2008
32,0.0674841897614175,"Zhong2025",2008
33,0.422255029924732,"Zhong2025",2008
34,9.77470410691792,"Zhong2025",2008
35,0.963217308514574,"Zhong2025",2008
36,9.86378203855979,"Zhong2025",2008
37,0.067940453486542,"Zhong2025",2008
38,0.663369105286972,"Zhong2025",2008
39,0.224394761691021,"Zhong2025",2008
40,13.4662456407359,"Zhong2025",2008
41,20.505394713632,"Zhong2025",2008
42,0.403467576696744,"Zhong2025",2008
43,1.36400251995182,"Zhong2025",2008
44,0,"Zhong2025",2008
45,8.16440929546466,"Zhong2025",2008
46,0,"Zhong2025",2008
47,1.42335281763695,"Zhong2025",2008
48,1.16725336493024,"Zhong2025",2008
49,1.90044233172192,"Zhong2025",2008
50,0.0101322353511423,"Zhong2025",2008
51,8.20260313125672,"Zhong2025",2008
52,1.02516207831722,"Zhong2025",2008
53,1.00671398832972,"Zhong2025",2008
54,0.290516965708859,"Zhong2025",2008
55,0.0611129124782114,"Zhong2025",2008
56,0,"Zhong2025",2008
57,0,"Zhong2025",2008
58,16.5114373933701,"Zhong2025",2008
59,38.6438312191102,"Zhong2025",2008
60,14.9559743928498,"Zhong2025",2008
61,5.54977578783362,"Zhong2025",2008
62,3.37006226715289,"Zhong2025",2008
63,5.95486684601542,"Zhong2025",2008
64,6.79888215194938,"Zhong2025",2008
65,8.67182663769203,"Zhong2025",2008
66,2.9015505934725,"Zhong2025",2008
67,26.4327622293269,"Zhong2025",2008
68,17.8256824001784,"Zhong2025",2008
69,1.36231884450102,"Zhong2025",2008
70,1.17578125265737,"Zhong2025",2008
71,9.76233644906061,"Zhong2025",2008
72,3.09197703128817,"Zhong2025",2008
73,6.9080067367565,"Zhong2025",2008
74,6.03150989404246,"Zhong2025",2008
75,13.3097960191614,"Zhong2025",2008
76,14.0119622744047,"Zhong2025",2008
77,4.8568929690529,"Zhong2025",2008
78,17.6995312508769,"Zhong2025",2008
79,9.13631674779519,"Zhong2025",2008
80,10.9369581235598,"Zhong2025",2008
81,6.48552440557583,"Zhong2025",2008
82,9.90436293543602,"Zhong2025",2008
83,10.1062870570631,"Zhong2025",2008
84,3.19223589177635,"Zhong2025",2008
85,5.39226463581285,"Zhong2025",2008
86,4.47023620538855,"Zhong2025",2008
87,6.1079044040359,"Zhong2025",2008
88,13.9883673667908,"Zhong2025",2008
89,1.86961644564597,"Zhong2025",2008
90,9.88855406416564,"Zhong2025",2008
91,8.23221195990231,"Zhong2025",2008
92,34.570487379026,"Zhong2025",2008
93,8.39116310100047,"Zhong2025",2008
94,4.22899169850049,"Zhong2025",2008
95,14.557012017083,"Zhong2025",2008
96,10.8033569911179,"Zhong2025",2008
97,9.90571833294186,"Zhong2025",2008
98,1.42883482760971,"Zhong2025",2008
99,5.99654096818081,"Zhong2025",2008
100,1.1072542247303,"Zhong2025",2008
101,1.23546135757851,"Zhong2025",2008
102,3.63592914908248,"Zhong2025",2008
103,1.44288009894762,"Zhong2025",2008
104,5.28743267815673,"Zhong2025",2008
105,0.266183867008536,"Zhong2025",2008
106,2.58343110615434,"Zhong2025",2008
107,0.507954593263777,"Zhong2025",2008
108,0.722935316215827,"Zhong2025",2008
109,1.02547787049478,"Zhong2025",2008
110,0.53726293181331,"Zhong2025",2008
111,0.59365095236466,"Zhong2025",2008
112,0.0408550461403224,"Zhong2025",2008
113,0.0257793504066702,"Zhong2025",2008
114,7.20520131187957,"Zhong2025",2008
115,1.58346564429147,"Zhong2025",2008
116,1.24399067252476,"Zhong2025",2008
117,1.06988334925618,"Zhong2025",2008
118,4.26251273764216,"Zhong2025",2008
119,0.401631524600089,"Zhong2025",2008
120,2.64242497571385,"Zhong2025",2008
121,0.936461826714363,"Zhong2025",2008
122,0,"Zhong2025",2008
123,8.49353849630365,"Zhong2025",2008
124,0.98367415836137,"Zhong2025",2008
125,3.35552781942721,"Zhong2025",2008
126,6.1707642727428,"Zhong2025",2008
127,1.20901178068753,"Zhong2025",2008
128,7.02706548608229,"Zhong2025",2008
129,6.46927471955617,"Zhong2025",2008
130,8.34921730364712,"Zhong2025",2008
131,12.7215554835433,"Zhong2025",2008
132,3.83517702873031,"Zhong2025",2008
133,4.42998868227005,"Zhong2025",2008
134,3.10596762763129,"Zhong2025",2008
135,1.00797277625768,"Zhong2025",2008
136,6.63631132363327,"Zhong2025",2008
137,7.75107128143311,"Zhong2025",2008
138,2.57796996003733,"Zhong2025",2008
139,3.15139231717855,"Zhong2025",2008
140,1.68253959199322,"Zhong2025",2008
141,2.97663110584478,"Zhong2025",2008
142,5.79726018874137,"Zhong2025",2008
143,0.962880474746227,"Zhong2025",2008
144,0.479199059421498,"Zhong2025",2008
145,6.13954978124963,"Zhong2025",2008
146,1.80430693799382,"Zhong2025",2008
147,4.17049123849023,"Zhong2025",2008
148,0.0156325783048357,"Zhong2025",2008
149,2.58236666184023,"Zhong2025",2008
150,4.40480648610612,"Zhong2025",2008
151,1.61109878635439,"Zhong2025",2008
152,0.653273309189556,"Zhong2025",2008
153,4.85579559735641,"Zhong2025",2008
154,6.1973425721998,"Zhong2025",2008
155,3.18413991671948,"Zhong2025",2008
156,0.0485327359288931,"Zhong2025",2008
157,7.79633454084396,"Zhong2025",2008
158,2.82960192175472,"Zhong2025",2008
159,4.32333783942393,"Zhong2025",2008
160,1.94970539081106,"Zhong2025",2008
161,0.953827141148962,"Zhong2025",2008
162,0,"Zhong2025",2008
163,0.121147977314222,"Zhong2025",2008
164,0.205452554244332,"Zhong2025",2008
165,0.059336957293299,"Zhong2025",2008
166,0.00742151150417962,"Zhong2025",2008
167,0.0894723442146678,"Zhong2025",2008
168,0,"Zhong2025",2008
169,0.0143124765701483,"Zhong2025",2008
170,0,"Zhong2025",2008
171,0,"Zhong2025",2008
172,0,"Zhong2025",2008
173,0.139774680595691,"Zhong2025",2008
174,0,"Zhong2025",2008
175,0,"Zhong2025",2008
176,0,"Zhong2025",2008
177,0.0351680260163077,"Zhong2025",2008
178,0,"Zhong2025",2008
179,0,"Zhong2025",2008
180,0.014054783969109,"Zhong2025",2008
181,0.0014951554671048,"Zhong2025",2008
182,0,"Zhong2025",2008
183,0,"Zhong2025",2008
184,0,"Zhong2025",2008
185,0,"Zhong2025",2008
186,0.0133532560202425,"Zhong2025",2008
187,0.0800102172187604,"Zhong2025",2008
188,0.00720248431480575,"Zhong2025",2008
189,0.00263448333662969,"Zhong2025",2008
190,5.12907253250179,"Zhong2025",2008
191,10.1508272288811,"Zhong2025",2008
192,0.158213888908305,"Zhong2025",2008
193,0,"Zhong2025",2008
194,0.479269394744637,"Zhong2025",2008
195,1.32132304461973,"Zhong2025",2008
196,0.135024733610194,"Zhong2025",2008
197,0.227081647088654,"Zhong2025",2008
198,0.513724774101618,"Zhong2025",2008
199,0.0108736551082042,"Zhong2025",2008
200,0.359432615375067,"Zhong2025",2008
201,0,"Zhong2025",2008
202,0.196537133706954,"Zhong2025",2008
203,0.0117432463927136,"Zhong2025",2008
204,3.76178995191052,"Zhong2025",2008
205,0.262710570852393,"Zhong2025",2008
206,1.06717540836389,"Zhong2025",2008
207,0.0571029826767853,"Zhong2025",2008
208,0.0801617937288102,"Zhong2025",2008
209,0.162336973712629,"Zhong2025",2008
210,0,"Zhong2025",2008
211,0,"Zhong2025",2008
212,0,"Zhong2025",2008
213,0,"Zhong2025",2008
214,0,"Zhong2025",2008
215,0,"Zhong2025",2008
216,0,"Zhong2025",2008
217,0.0031049337702262,"Zhong2025",2008
218,0,"Zhong2025",2008
219,0,"Zhong2025",2008
220,0.0130255993414619,"Zhong2025",2008
221,0,"Zhong2025",2008
222,0,"Zhong2025",2008
223,0,"Zhong2025",2008
224,0,"Zhong2025",2008
225,0.0013694283086326,"Zhong2025",2008
226,0.0677531403666593,"Zhong2025",2008
227,0.00945140719542607,"Zhong2025",2008
228,0.0103314631789224,"Zhong2025",2008
229,0.00398952785158995,"Zhong2025",2008
230,20.486997590844,"Zhong2025",2008
231,2.97345858235248,"Zhong2025",2008
232,5.12359587074192,"Zhong2025",2008
233,0.196513072981936,"Zhong2025",2008
234,6.23600975933828,"Zhong2025",2008
235,10.1682691706551,"Zhong2025",2008
236,4.69945385657439,"Zhong2025",2008
237,5.04191272180047,"Zhong2025",2008
238,4.77757385353847,"Zhong2025",2008
239,4.30677525083175,"Zhong2025",2008
240,16.3433739595246,"Zhong2025",2008
241,8.88875169269109,"Zhong2025",2008
242,3.56986506644462,"Zhong2025",2008
243,10.6269552242011,"Zhong2025",2008
244,1.89377935227691,"Zhong2025",2008
245,10.3422324970747,"Zhong2025",2008
246,5.40749939389453,"Zhong2025",2008
247,0.827524069880708,"Zhong2025",2008
248,11.5180747769773,"Zhong2025",2008
249,8.66574668183046,"Zhong2025",2008
250,0.569076800257342,"Zhong2025",2008
251,2.05255418962829,"Zhong2025",2008
252,10.1067314769911,"Zhong2025",2008
253,1.54138028897345,"Zhong2025",2008
254,16.7015271429288,"Zhong2025",2008
255,3.27650566212146,"Zhong2025",2008
256,5.72919009735748,"Zhong2025",2008
257,33.4210471680494,"Zhong2025",2008
258,7.88359983577285,"Zhong2025",2008
259,16.1025530746629,"Zhong2025",2008
260,30.0820807615916,"Zhong2025",2008
261,4.28155667807466,"Zhong2025",2008
262,12.8815922526132,"Zhong2025",2008
263,1.30276208349363,"Zhong2025",2008
264,15.7088160789774,"Zhong2025",2008
265,12.9738408696802,"Zhong2025",2008
266,1.47612821654632,"Zhong2025",2008
267,17.0266335022773,"Zhong2025",2008
268,4.18941172567251,"Zhong2025",2008
269,22.9451582648878,"Zhong2025",2008
270,4.68439598045041,"Zhong2025",2008
271,11.5225656524537,"Zhong2025",2008
272,8.3979911588608,"Zhong2025",2008
273,47.986770523919,"Zhong2025",2008
274,8.36854135083191,"Zhong2025",2008
275,6.22146439721289,"Zhong2025",2008
276,16.3437780492446,"Zhong2025",2008
277,12.4838929650111,"Zhong2025",2008
278,0.548917126218344,"Zhong2025",2008
279,0.127157383621383,"Zhong2025",2008
280,10.1644943993667,"Zhong2025",2008
281,7.37351329830456,"Zhong2025",2008
282,5.62642472392262,"Zhong2025",2008
283,47.6757121098132,"Zhong2025",2008
284,5.98691282204895,"Zhong2025",2008
285,0.147462698842545,"Zhong2025",2008
286,0.0133146615698934,"Zhong2025",2008
287,0.374038077534641,"Zhong2025",2008
288,1.08260536026005,"Zhong2025",2008
289,3.20046639403639,"Zhong2025",2008
290,40.2509391140786,"Zhong2025",2008
291,0.973174961238563,"Zhong2025",2008
292,18.3154027044498,"Zhong2025",2008
293,4.77379661187148,"Zhong2025",2008
294,0.731037694320548,"Zhong2025",2008
295,0.299358310289681,"Zhong2025",2008
296,0.297607309388039,"Zhong2025",2008
297,2.28026508475127,"Zhong2025",2008
298,0.809521159615943,"Zhong2025",2008
299,1.98092965364811,"Zhong2025",2008
300,15.372073319379,"Zhong2025",2008
301,3.94615031908846,"Zhong2025",2008
302,0.929991996685156,"Zhong2025",2008
303,21.5369186083476,"Zhong2025",2008
304,1.3260111196466,"Zhong2025",2008
305,0,"Zhong2025",2008
306,2.92427970445409,"Zhong2025",2008
307,0.877947930683928,"Zhong2025",2008
308,1.42713867248463,"Zhong2025",2008
309,0.811747633832772,"Zhong2025",2008
310,2.79834931206842,"Zhong2025",2008
311,0.590059178937067,"Zhong2025",2008
312,6.65615404953559,"Zhong2025",2008
313,0.695330608585249,"Zhong2025",2008
314,5.46321035640787,"Zhong2025",2008
315,0.272247074407831,"Zhong2025",2008
316,0,"Zhong2025",2008
317,1.19074327590182,"Zhong2025",2008
318,0.757080195286802,"Zhong2025",2008
319,6.87576664950474,"Zhong2025",2008
320,3.28654761624336,"Zhong2025",2008
321,0.519051730829659,"Zhong2025",2008
322,5.87614820959433,"Zhong2025",2008
323,5.81695564633354,"Zhong2025",2008
324,1.43832922252836,"Zhong2025",2008
325,0.575761232784904,"Zhong2025",2008
326,17.9145401193854,"Zhong2025",2008
327,4.03229140566068,"Zhong2025",2008
328,2.95577927311838,"Zhong2025",2008
329,8.94370904434653,"Zhong2025",2008
330,0.764881442141051,"Zhong2025",2008
331,8.09298711032779,"Zhong2025",2008
332,42.6162721037865,"Zhong2025",2008
333,3.42523772964653,"Zhong2025",2008
334,0.459323594925466,"Zhong2025",2008
335,5.89943389057174,"Zhong2025",2008
336,9.56814568383353,"Zhong2025",2008
337,45.2212094691262,"Zhong2025",2008
338,4.22771707208536,"Zhong2025",2008
339,2.78760383780869,"Zhong2025",2008
340,4.04220673044165,"Zhong2025",2008
341,11.1490359772773,"Zhong2025",2008
342,1.66780046460217,"Zhong2025",2008
343,1.54230543737861,"Zhong2025",2008
344,2.18813740580705,"Zhong2025",2008
345,9.51121889928495,"Zhong2025",2008
346,3.89974457956401,"Zhong2025",2008
347,4.68603963081283,"Zhong2025",2008
348,0.602114183436099,"Zhong2025",2008
349,0.584027111890188,"Zhong2025",2008
350,1.00100303696537,"Zhong2025",2008
351,20.7297363485609,"Zhong2025",2008
352,0.158920431251161,"Zhong2025",2008
353,9.48779641604814,"Zhong2025",2008
354,1.52750374587207,"Zhong2025",2008
355,4.4627448790962,"Zhong2025",2008
356,0.610565259784059,"Zhong2025",2008
357,11.3785841814145,"Zhong2025",2008
358,0.542526143259472,"Zhong2025",2008
359,0.551785334910103,"Zhong2025",2008
360,1.1837590528997,"Zhong2025",2008
361,11.4431292139981,"Zhong2025",2008
362,0.439087712713493,"Zhong2025",2008
363,1.75649598011494,"Zhong2025",2008
364,0.501383513947669,"Zhong2025",2008
365,2.24823108480358,"Zhong2025",2008
366,0.295347864696202,"Zhong2025",2008
367,48.150746849867,"Zhong2025",2008
368,17.3140681042745,"Zhong2025",2008
369,0.551053660360837,"Zhong2025",2008
370,4.1322083601468,"Zhong2025",2008
371,2.94910983224858,"Zhong2025",2008
372,1.01848952607418,"Zhong2025",2008
373,6.87053729358472,"Zhong2025",2008
374,0,"Zhong2025",2008
375,13.629639716879,"Zhong2025",2008
376,4.0520611644619,"Zhong2025",2008
377,0.317702184190218,"Zhong2025",2008
378,0.280555040808922,"Zhong2025",2008
379,0.559007609274216,"Zhong2025",2008
380,0.0440522303571925,"Zhong2025",2008
381,10.3540034621954,"Zhong2025",2008
382,25.6799579232426,"Zhong2025",2008
383,0.93097417762756,"Zhong2025",2008
384,0.822817564624078,"Zhong2025",2008
385,12.4401344259862,"Zhong2025",2008
386,9.61446270398926,"Zhong2025",2008
387,30.7753614275583,"Zhong2025",2008
388,4.50616390083995,"Zhong2025",2008
389,3.3775821564453,"Zhong2025",2008
390,62.8448825836182,"Zhong2025",2008
391,5.07543103562461,"Zhong2025",2008
392,11.2970618694282,"Zhong2025",2008
393,7.67778846397996,"Zhong2025",2008
394,28.9987150437993,"Zhong2025",2008
395,4.40259163820791,"Zhong2025",2008
396,2.87031311161962,"Zhong2025",2008
397,2.15256104874949,"Zhong2025",2008
398,37.290190783414,"Zhong2025",2008
399,0.0928618472987327,"Zhong2025",2008
400,0.204763040985215,"Zhong2025",2008
401,0.0798852374882232,"Zhong2025",2008
402,0.223140954490498,"Zhong2025",2008
403,0,"Zhong2025",2008
404,0,"Zhong2025",2008
405,6.44105257335385,"Zhong2025",2008
406,0.0141829390221637,"Zhong2025",2008
407,0.475388423106902,"Zhong2025",2008
408,0.185528863152379,"Zhong2025",2008
409,0,"Zhong2025",2008
410,0.0256752594968312,"Zhong2025",2008
411,0,"Zhong2025",2008
412,0.0926229992604002,"Zhong2025",2008
413,0,"Zhong2025",2008
414,0,"Zhong2025",2008
415,0,"Zhong2025",2008
416,0,"Zhong2025",2008
417,0.177145938168872,"Zhong2025",2008
418,0.324958757772619,"Zhong2025",2008
419,0.113239178168383,"Zhong2025",2008
420,0,"Zhong2025",2008
421,0.168511560243647,"Zhong2025",2008
422,0,"Zhong2025",2008
423,0,"Zhong2025",2008
424,0,"Zhong2025",2008
425,0,"Zhong2025",2008
426,0.0764094293211596,"Zhong2025",2008
427,0,"Zhong2025",2008
428,0,"Zhong2025",2008
429,0.257417137823289,"Zhong2025",2008
430,0.171282024262346,"Zhong2025",2008
431,0,"Zhong2025",2008
432,0,"Zhong2025",2008
433,0.1495138433398,"Zhong2025",2008
434,0.0223734359256183,"Zhong2025",2008
435,0.271637415493368,"Zhong2025",2008
436,0.421003229671422,"Zhong2025",2008
437,3.22874146668571,"Zhong2025",2008
438,0.545532040732872,"Zhong2025",2008
439,0.958770299841134,"Zhong2025",2008
440,0.454838898332927,"Zhong2025",2008
441,14.3977630761019,"Zhong2025",2008
442,1.1643751405591,"Zhong2025",2008
443,4.42913989837072,"Zhong2025",2008
444,4.62678222359051,"Zhong2025",2008
445,6.86582305074522,"Zhong2025",2008
446,2.35812128205398,"Zhong2025",2008
447,4.21607505171068,"Zhong2025",2008
448,0.750122404156748,"Zhong2025",2008
449,5.06172540281815,"Zhong2025",2008
450,1.07819840217584,"Zhong2025",2008
451,1.76394313151021,"Zhong2025",2008
452,0.722215094685621,"Zhong2025",2008
453,0.269023260904835,"Zhong2025",2008
454,7.16894355298035,"Zhong2025",2008
455,4.22053591685416,"Zhong2025",2008
456,9.02498376457529,"Zhong2025",2008
457,8.70555966567825,"Zhong2025",2008
458,2.44657998953369,"Zhong2025",2008
459,2.51194047672721,"Zhong2025",2008
460,0.960371605552517,"Zhong2025",2008
461,4.5273393089888,"Zhong2025",2008
462,8.94534362544274,"Zhong2025",2008
463,0.858984109972479,"Zhong2025",2008
464,1.90785178976385,"Zhong2025",2008
465,0.71920893424773,"Zhong2025",2008
466,0.437656622257842,"Zhong2025",2008
467,57.1587257385254,"Zhong2025",2008
468,23.5347430651425,"Zhong2025",2008
469,10.1080801092443,"Zhong2025",2008
470,6.49631164290218,"Zhong2025",2008
471,32.3009034474691,"Zhong2025",2008
472,6.41723698191345,"Zhong2025",2008
473,6.78781862668693,"Zhong2025",2008
474,35.2647134249027,"Zhong2025",2008
475,2.96567898113525,"Zhong2025",2008
476,11.1109037603423,"Zhong2025",2008
477,1.40594020230807,"Zhong2025",2008
478,15.2102311700583,"Zhong2025",2008
479,5.7152406585938,"Zhong2025",2008
480,39.3710366948446,"Zhong2025",2008
481,3.28423532145829,"Zhong2025",2008
482,34.1710655537057,"Zhong2025",2008
483,9.7841040216492,"Zhong2025",2008
484,4.44377207454915,"Zhong2025",2008
485,18.8848087244174,"Zhong2025",2008
486,54.6573189955491,"Zhong2025",2008
487,10.6755516255895,"Zhong2025",2008
488,11.5246816500639,"Zhong2025",2008
489,7.204791790161,"Zhong2025",2008
490,20.162444161334,"Zhong2025",2008
491,0.0986050597514467,"Zhong2025",2008
492,0.206550303916013,"Zhong2025",2008
493,0.273875481537217,"Zhong2025",2008
494,4.8666338340034,"Zhong2025",2008
495,2.03581192879265,"Zhong2025",2008
496,0.251437981185955,"Zhong2025",2008
497,3.30980450899179,"Zhong2025",2008
498,1.21101223915211,"Zhong2025",2008
499,11.232489791647,"Zhong2025",2008
500,0.43969488387157,"Zhong2025",2008
501,6.8025199248568,"Zhong2025",2008
502,1.96639362466128,"Zhong2025",2008
503,0.534329383729668,"Zhong2025",2008
504,0.864378250702176,"Zhong2025",2008
505,2.64814604956617,"Zhong2025",2008
506,0.858890893711866,"Zhong2025",2008
507,2.9668424123471,"Zhong2025",2008
508,0,"Zhong2025",2008
509,1.55668116509806,"Zhong2025",2008
510,0.294771972925561,"Zhong2025",2008
511,0,"Zhong2025",2008
512,0.0770391244282844,"Zhong2025",2008
513,0.193913181519879,"Zhong2025",2008
514,0.278794972188521,"Zhong2025",2008
515,2.59422757944395,"Zhong2025",2008
516,2.59641195179641,"Zhong2025",2008
517,2.11401038120135,"Zhong2025",2008
518,0.00470630579513569,"Zhong2025",2008
519,2.0531188275567,"Zhong2025",2008
520,0.675904445555377,"Zhong2025",2008
521,0.224865613609052,"Zhong2025",2008
522,3.83487309094194,"Zhong2025",2008
523,9.02212868416053,"Zhong2025",2008
524,0.162941228325376,"Zhong2025",2008
525,0.190300738475761,"Zhong2025",2008
526,2.32561981010408,"Zhong2025",2008
527,2.17172401130312,"Zhong2025",2008
528,0.0453548970563268,"Zhong2025",2008
529,20.3641374792274,"Zhong2025",2008
530,8.98755493834244,"Zhong2025",2008
531,4.52076713690484,"Zhong2025",2008
532,1.46576166289366,"Zhong2025",2008
533,0.865265146500486,"Zhong2025",2008
534,2.21842317933811,"Zhong2025",2008
535,0.549408729369948,"Zhong2025",2008
536,2.41161999730135,"Zhong2025",2008
537,1.59622122241248,"Zhong2025",2008
538,1.62506897007339,"Zhong2025",2008
539,3.06327548857688,"Zhong2025",2008
540,5.10657494474385,"Zhong2025",2008
541,6.34008261033251,"Zhong2025",2008
542,1.19363236090539,"Zhong2025",2008
543,3.86411439097879,"Zhong2025",2008
544,2.25731352538075,"Zhong2025",2008
545,1.29889428054171,"Zhong2025",2008
546,1.9429483113752,"Zhong2025",2008
547,2.21195367914136,"Zhong2025",2008
548,1.82897568844971,"Zhong2025",2008
549,1.11178944342964,"Zhong2025",2008
550,1.12500951342021,"Zhong2025",2008
551,2.43321549588918,"Zhong2025",2008
552,1.40377214664335,"Zhong2025",2008
553,0.86702732119173,"Zhong2025",2008
554,1.96304873914323,"Zhong2025",2008
555,0.338823451092408,"Zhong2025",2008
556,1.13151050521528,"Zhong2025",2008
557,4.36747484207837,"Zhong2025",2008
558,5.72809250471815,"Zhong2025",2008
559,3.149377208447,"Zhong2025",2008
560,1.94689549054965,"Zhong2025",2008
561,3.77992885626894,"Zhong2025",2008
562,15.2426400660677,"Zhong2025",2008
563,1.71448594318652,"Zhong2025",2008
564,1.47134246946053,"Zhong2025",2008
565,5.75733658113926,"Zhong2025",2008
566,1.01185054032693,"Zhong2025",2008
567,6.33759670927103,"Zhong2025",2008
568,0.426795369172603,"Zhong2025",2008
569,1.89403674590169,"Zhong2025",2008
570,0.274662402195032,"Zhong2025",2008
571,2.71228361879103,"Zhong2025",2008
572,0.960753665651901,"Zhong2025",2008
573,1.18833305103694,"Zhong2025",2008
574,1.02141610839888,"Zhong2025",2008
575,0.949791224555815,"Zhong2025",2008
576,2.94553901027307,"Zhong2025",2008
577,0.465745918229354,"Zhong2025",2008
578,2.10229157061637,"Zhong2025",2008
579,0.746383750021483,"Zhong2025",2008
580,3.69477966739813,"Zhong2025",2008
581,1.30002793682139,"Zhong2025",2008
582,0.414895970805618,"Zhong2025",2008
583,0.223855769935217,"Zhong2025",2008
584,0.918755807616201,"Zhong2025",2008
585,1.00133434789435,"Zhong2025",2008
586,0.97956232883864,"Zhong2025",2008
587,0.638703751022484,"Zhong2025",2008
588,0.13384589300941,"Zhong2025",2008
589,2.15020020785664,"Zhong2025",2008
590,1.19320613991307,"Zhong2025",2008
591,2.91498540841997,"Zhong2025",2008
592,0.415994564074449,"Zhong2025",2008
593,0.159721817534703,"Zhong2025",2008
594,6.4508854434565,"Zhong2025",2008
595,0.788874252728197,"Zhong2025",2008
596,0.125569149911245,"Zhong2025",2008
597,8.61844388279719,"Zhong2025",2008
598,1.12004373644162,"Zhong2025",2008
599,2.4873080533476,"Zhong2025",2008
600,1.37846625302248,"Zhong2025",2008
601,3.88102518873098,"Zhong2025",2008
602,1.3464640225949,"Zhong2025",2008
603,24.004451305188,"Zhong2025",2008
604,2.6799535531158,"Zhong2025",2008
605,1.18426865427308,"Zhong2025",2008
606,4.36200212167321,"Zhong2025",2008
607,8.81573450921004,"Zhong2025",2008
608,18.7996748367945,"Zhong2025",2008
609,3.27662794771551,"Zhong2025",2008
610,0.791264947325562,"Zhong2025",2008
611,1.60343478533918,"Zhong2025",2008
612,0.277485340212782,"Zhong2025",2008
613,1.8708551327672,"Zhong2025",2008
614,4.98343067999198,"Zhong2025",2008
615,0.402516988688671,"Zhong2025",2008
616,2.32028047772903,"Zhong2025",2008
617,4.63605757735913,"Zhong2025",2008
618,12.1387170710605,"Zhong2025",2008
619,0.240291356427167,"Zhong2025",2008
620,5.61200256974504,"Zhong2025",2008
621,2.08801389462588,"Zhong2025",2008
622,1.81269727374753,"Zhong2025",2008
623,5.64480018581912,"Zhong2025",2008
624,3.55466562019097,"Zhong2025",2008
625,0.295711093569795,"Zhong2025",2008
626,5.00590315815921,"Zhong2025",2008
627,7.53872854806016,"Zhong2025",2008
628,11.1055671212777,"Zhong2025",2008
629,43.8065432442559,"Zhong2025",2008
630,11.9727831508802,"Zhong2025",2008
631,0.710369087146215,"Zhong2025",2008
632,0.0372455838068607,"Zhong2025",2008
633,0.0300204202607614,"Zhong2025",2008
634,2.6014248450893,"Zhong2025",2008
635,0.202571697661589,"Zhong2025",2008
636,2.73110284028692,"Zhong2025",2008
637,0.420220292605626,"Zhong2025",2008
638,27.6021848060191,"Zhong2025",2008
639,1.83169657688948,"Zhong2025",2008
640,0.583615116199642,"Zhong2025",2008
641,1.49880716316912,"Zhong2025",2008
642,1.64931913019093,"Zhong2025",2008
643,1.76955940160486,"Zhong2025",2008
644,0.494795368576334,"Zhong2025",2008
645,1.37679509891858,"Zhong2025",2008
646,6.82849518691792,"Zhong2025",2008
647,0.650195648406561,"Zhong2025",2008
648,1.06192853946646,"Zhong2025",2008
649,6.51465197022145,"Zhong2025",2008
650,3.65562615264207,"Zhong2025",2008
651,0,"Zhong2025",2008
652,2.88674477428414,"Zhong2025",2008
653,1.47178176388401,"Zhong2025",2008
654,11.5939953899247,"Zhong2025",2008
655,0.142412005635825,"Zhong2025",2008
656,1.13097784378215,"Zhong2025",2008
657,5.04107688058097,"Zhong2025",2008
658,3.53472687887649,"Zhong2025",2008
659,5.71840511262417,"Zhong2025",2008
660,0.231085652342209,"Zhong2025",2008
661,8.91411390227656,"Zhong2025",2008
662,0.0190875829724659,"Zhong2025",2008
663,2.53128525406743,"Zhong2025",2008
664,0.159133919647762,"Zhong2025",2008
665,0.745540764615979,"Zhong2025",2008
666,1.14623903130652,"Zhong2025",2008
667,0,"Zhong2025",2008
668,2.28573618418979,"Zhong2025",2008
669,0.73419522423318,"Zhong2025",2008
670,0.10525517767563,"Zhong2025",2008
671,1.80743708505123,"Zhong2025",2008
672,15.4141582593854,"Zhong2025",2008
673,5.43630080222483,"Zhong2025",2008
674,0.501350472341417,"Zhong2025",2008
675,5.87379685997786,"Zhong2025",2008
676,3.0769554325749,"Zhong2025",2008
677,0.0504887956493306,"Zhong2025",2008
678,0.756207510346064,"Zhong2025",2008
679,6.70037333909855,"Zhong2025",2008
680,3.25102431197153,"Zhong2025",2008
681,2.15401494488238,"Zhong2025",2008
682,0,"Zhong2025",2008
683,13.5097701860934,"Zhong2025",2008
684,0.77501544843157,"Zhong2025",2008
685,1.56148911518849,"Zhong2025",2008
686,8.23764624456434,"Zhong2025",2008
687,7.48397619730752,"Zhong2025",2008
688,0.635100357396447,"Zhong2025",2008
689,1.47615275043768,"Zhong2025",2008
690,3.18506855168953,"Zhong2025",2008
691,1.51307264808565,"Zhong2025",2008
692,18.5549164480633,"Zhong2025",2008
693,2.69577976337706,"Zhong2025",2008
694,6.6857025538172,"Zhong2025",2008
695,5.74166043375929,"Zhong2025",2008
696,0.321369973321756,"Zhong2025",2008
697,7.41956747446517,"Zhong2025",2008
698,0.70647253940032,"Zhong2025",2008
699,0.00166079348751477,"Zhong2025",2008
700,3.01736066480754,"Zhong2025",2008
701,0.403483539076615,"Zhong2025",2008
702,3.85859931279919,"Zhong2025",2008
703,6.1752953213857,"Zhong2025",2008
704,16.6846645618307,"Zhong2025",2008
705,1.65309535326629,"Zhong2025",2008
706,33.6017702915629,"Zhong2025",2008
707,4.98404537344218,"Zhong2025",2008
708,6.67136853081839,"Zhong2025",2008
709,0.173371098250151,"Zhong2025",2008
710,5.68397117899337,"Zhong2025",2008
711,0.15087324397856,"Zhong2025",2008
712,8.64382063611367,"Zhong2025",2008
713,0.0212964979085055,"Zhong2025",2008
714,3.00464595200085,"Zhong2025",2008
715,0.269505821182375,"Zhong2025",2008
716,0.105808052532775,"Zhong2025",2008
717,1.64579534185545,"Zhong2025",2008
718,2.77461691320676,"Zhong2025",2008
719,1.854162163652,"Zhong2025",2008
720,0.0487262090676827,"Zhong2025",2008
721,2.42225310477661,"Zhong2025",2008
722,4.51259746628277,"Zhong2025",2008
723,10.6276601970228,"Zhong2025",2008
724,0.439333772286773,"Zhong2025",2008
725,5.17350124117033,"Zhong2025",2008
726,0.29770520207015,"Zhong2025",2008
727,0.343424959165546,"Zhong2025",2008
728,2.16486671924441,"Zhong2025",2008
729,0.478515909225183,"Zhong2025",2008
730,5.86546682031222,"Zhong2025",2008
731,0.792803397277234,"Zhong2025",2008
732,9.73091682224047,"Zhong2025",2008
733,1.29488214675659,"Zhong2025",2008
734,0,"Zhong2025",2008
735,0,"Zhong2025",2008
736,2.14135101541049,"Zhong2025",2008
737,3.24727001134306,"Zhong2025",2008
738,6.35123514652252,"Zhong2025",2008
739,3.17641841620207,"Zhong2025",2008
740,10.898305384318,"Zhong2025",2008
741,0,"Zhong2025",2008
742,3.24648516042666,"Zhong2025",2008
743,11.6591987715827,"Zhong2025",2008
744,1.01017642495231,"Zhong2025",2008
745,9.03187265104436,"Zhong2025",2008
746,2.24266666208322,"Zhong2025",2008
747,17.8547045536795,"Zhong2025",2008
748,2.3788956720382,"Zhong2025",2008
749,0,"Zhong2025",2008
750,1.66912624611404,"Zhong2025",2008
751,1.22838778628243,"Zhong2025",2008
752,12.6630408183948,"Zhong2025",2008
753,0.609365487721964,"Zhong2025",2008
754,0.421194726023181,"Zhong2025",2008
755,4.30037997663021,"Zhong2025",2008
756,3.4978701237384,"Zhong2025",2008
757,0,"Zhong2025",2008
758,0.158640536122488,"Zhong2025",2008
759,0.169372573678171,"Zhong2025",2008
760,0.0939526449160164,"Zhong2025",2008
761,12.9875560741799,"Zhong2025",2008
762,15.0578696894091,"Zhong2025",2008
763,13.4831166645837,"Zhong2025",2008
764,10.9536119605366,"Zhong2025",2008
765,2.48530682060432,"Zhong2025",2008
766,5.44033775106072,"Zhong2025",2008
767,13.9379805428641,"Zhong2025",2008
768,0.183432579595537,"Zhong2025",2008
769,16.1904711042132,"Zhong2025",2008
770,48.928611686013,"Zhong2025",2008
771,0.534085401560252,"Zhong2025",2008
772,9.19883308655176,"Zhong2025",2008
773,1.09921780661843,"Zhong2025",2008
774,0.998647524980386,"Zhong2025",2008
775,9.43321145345003,"Zhong2025",2008
776,9.25531043979285,"Zhong2025",2008
777,5.87867316854379,"Zhong2025",2008
778,14.7031838134141,"Zhong2025",2008
779,52.4658172736734,"Zhong2025",2008
780,7.08564355224371,"Zhong2025",2008
781,19.2187573115031,"Zhong2025",2008
782,0,"Zhong2025",2008
783,30.113413756802,"Zhong2025",2008
784,1.77589896794447,"Zhong2025",2008
785,2.80245142492677,"Zhong2025",2008
786,51.2469678205602,"Zhong2025",2008
787,6.5414138220879,"Zhong2025",2008
788,0.354588487899552,"Zhong2025",2008
789,23.5974851209064,"Zhong2025",2008
790,0.966742570351659,"Zhong2025",2008
791,0.655401166672979,"Zhong2025",2008
792,13.7913075275108,"Zhong2025",2008
793,7.18826603450709,"Zhong2025",2008
794,5.72945304109281,"Zhong2025",2008
795,8.31104411469372,"Zhong2025",2008
796,4.21714536146242,"Zhong2025",2008
797,4.34816294686118,"Zhong2025",2008
798,8.33357594974005,"Zhong2025",2008
799,1.5307224754501,"Zhong2025",2008
800,0.09777250940307,"Zhong2025",2008
801,0.984662726473935,"Zhong2025",2008
802,0.932567254842167,"Zhong2025",2008
803,20.810352694362,"Zhong2025",2008
804,17.3927973330021,"Zhong2025",2008
805,2.16371536541161,"Zhong2025",2008
806,0.191195478717632,"Zhong2025",2008
807,10.6203825208876,"Zhong2025",2008
808,4.92566340272315,"Zhong2025",2008
809,1.01866203662744,"Zhong2025",2008
810,44.0912077678897,"Zhong2025",2008
811,1.89640513701098,"Zhong2025",2008
812,0.282940944678992,"Zhong2025",2008
813,8.16992096660723,"Zhong2025",2008
814,12.4438057736709,"Zhong2025",2008
815,13.0856532310446,"Zhong2025",2008
816,2.61430835587283,"Zhong2025",2008
817,6.38712493896484,"Zhong2025",2008
818,1.53151278311594,"Zhong2025",2008
819,2.65764323775227,"Zhong2025",2008
820,0,"Zhong2025",2008
821,7.8701584270677,"Zhong2025",2008
822,0.114415099522225,"Zhong2025",2008
823,3.43376598956373,"Zhong2025",2008
824,3.1309376976241,"Zhong2025",2008
825,1.39179196358458,"Zhong2025",2008
826,4.16601617918128,"Zhong2025",2008
827,2.48934863366136,"Zhong2025",2008
828,5.24868381709004,"Zhong2025",2008
829,9.45108349873469,"Zhong2025",2008
830,18.4606240025273,"Zhong2025",2008
831,19.707884849386,"Zhong2025",2008
832,1.53662858871886,"Zhong2025",2008
833,0.0592357693759144,"Zhong2025",2008
834,9.54488101838127,"Zhong2025",2008
835,12.6570738090957,"Zhong2025",2008
836,8.95691555098399,"Zhong2025",2008
837,17.2424934667699,"Zhong2025",2008
838,7.77955448715126,"Zhong2025",2008
839,32.7694877527528,"Zhong2025",2008
840,11.1785324703902,"Zhong2025",2008
841,10.1401096790543,"Zhong2025",2008
842,3.53828753699569,"Zhong2025",2008
843,3.5407253379737,"Zhong2025",2008
844,9.16559712092082,"Zhong2025",2008
845,26.470901616012,"Zhong2025",2008
846,3.6532329171896,"Zhong2025",2008
847,15.9121201833089,"Zhong2025",2008
848,35.7801569485273,"Zhong2025",2008
849,14.7750565740797,"Zhong2025",2008
850,3.12080148684567,"Zhong2025",2008
851,9.4071087707055,"Zhong2025",2008
852,38.9424781799316,"Zhong2025",2008
853,0.223472641388837,"Zhong2025",2008
854,0.699640797182619,"Zhong2025",2008
855,10.6073142730438,"Zhong2025",2008
856,13.7791621315259,"Zhong2025",2008
857,1.78835339626356,"Zhong2025",2008
858,1.77169656562475,"Zhong2025",2008
859,0.811402695474068,"Zhong2025",2008
860,4.45040415411126,"Zhong2025",2008
861,0.263085428159684,"Zhong2025",2008
862,5.5803374117933,"Zhong2025",2008
863,13.074352934247,"Zhong2025",2008
864,9.25403596301411,"Zhong2025",2008
865,0.112163482280448,"Zhong2025",2008
866,13.8316767417778,"Zhong2025",2008
867,19.3814117565751,"Zhong2025",2008
868,10.9422236012888,"Zhong2025",2008
869,11.8182848319854,"Zhong2025",2008
870,0.75779251680493,"Zhong2025",2008
871,0.185359223548678,"Zhong2025",2008
872,3.5477131515412,"Zhong2025",2008
873,0.0656944659718296,"Zhong2025",2008
874,0.37710095812877,"Zhong2025",2008
875,0.286993274738869,"Zhong2025",2008
876,6.1411102277892,"Zhong2025",2008
877,0.0856061833525511,"Zhong2025",2008
878,2.36730530433828,"Zhong2025",2008
879,3.18835621844679,"Zhong2025",2008
880,1.42950394817374,"Zhong2025",2008
881,0,"Zhong2025",2008
882,0.207917221567848,"Zhong2025",2008
883,1.46042019522257,"Zhong2025",2008
884,0.641009632410388,"Zhong2025",2008
885,0.421417172810482,"Zhong2025",2008
886,20.2677616009006,"Zhong2025",2008
887,0.7665737277718,"Zhong2025",2008
888,0.514545556835654,"Zhong2025",2008
889,6.67087070240272,"Zhong2025",2008
890,5.66292989496437,"Zhong2025",2008
891,1.53740494291418,"Zhong2025",2008
892,5.70813308497693,"Zhong2025",2008
893,2.86210203736469,"Zhong2025",2008
894,0.612803252733282,"Zhong2025",2008
895,0.460382263465098,"Zhong2025",2008
896,12.3799434924948,"Zhong2025",2008
897,2.73713222300397,"Zhong2025",2008
898,0.567673382895945,"Zhong2025",2008
899,0.409321319198569,"Zhong2025",2008
900,0.1667512086494,"Zhong2025",2008
901,26.4000442292955,"Zhong2025",2008
902,0.114748224651957,"Zhong2025",2008
903,0.905526873093061,"Zhong2025",2008
904,0.309870331885384,"Zhong2025",2008
905,0.537657151008264,"Zhong2025",2008
906,1.39825971965505,"Zhong2025",2008
907,0.637648921993118,"Zhong2025",2008
908,0.433963162187029,"Zhong2025",2008
909,22.4699387262469,"Zhong2025",2008
910,13.9713009042269,"Zhong2025",2008
911,4.93873875980506,"Zhong2025",2008
912,1.77454443726658,"Zhong2025",2008
913,1.06246421186346,"Zhong2025",2008
914,2.80538651168338,"Zhong2025",2008
915,0.428560330148464,"Zhong2025",2008
916,1.43369923176024,"Zhong2025",2008
917,0.0258702970398911,"Zhong2025",2008
918,0.607609315641281,"Zhong2025",2008
919,1.11849403659192,"Zhong2025",2008
920,0.891417990197426,"Zhong2025",2008
921,6.66120296657775,"Zhong2025",2008
922,1.62200364080213,"Zhong2025",2008
923,0.079444215609575,"Zhong2025",2008
924,0.0121165909932011,"Zhong2025",2008
925,0.359566955330037,"Zhong2025",2008
926,0.223036497548085,"Zhong2025",2008
927,0.155334844673271,"Zhong2025",2008
928,0.129532396254424,"Zhong2025",2008
929,0.0490528703296251,"Zhong2025",2008
930,4.67291281808534,"Zhong2025",2008
931,0.605443705456087,"Zhong2025",2008
932,0.20581947532002,"Zhong2025",2008
933,0,"Zhong2025",2008
934,0.225120983580835,"Zhong2025",2008
935,0.0773943384947016,"Zhong2025",2008
936,0.011041637386038,"Zhong2025",2008
937,0.00523247952851198,"Zhong2025",2008
938,0.0860171144998488,"Zhong2025",2008
939,10.9697045358299,"Zhong2025",2008
940,3.65056871275013,"Zhong2025",2008
941,1.01279913230006,"Zhong2025",2008
942,2.33579204325087,"Zhong2025",2008
943,0.429854552716017,"Zhong2025",2008
944,0.921729771131981,"Zhong2025",2008
945,0.352358253193471,"Zhong2025",2008
946,0.996615402495038,"Zhong2025",2008
947,0.11752997243658,"Zhong2025",2008
948,1.50570269455625,"Zhong2025",2008
949,0.835564384111077,"Zhong2025",2008
950,6.33097572248123,"Zhong2025",2008
951,0.483445608072023,"Zhong2025",2008
952,1.63894278359009,"Zhong2025",2008
953,5.52999440116217,"Zhong2025",2008
954,6.10084087283097,"Zhong2025",2008
955,0.405563478530557,"Zhong2025",2008
956,0.323471368853892,"Zhong2025",2008
957,0.472185026864654,"Zhong2025",2008
958,0.583800353995628,"Zhong2025",2008
959,0.566555368210285,"Zhong2025",2008
960,4.80109835789952,"Zhong2025",2008
961,3.0304789389643,"Zhong2025",2008
962,0.385564532537352,"Zhong2025",2008
963,3.97227551739837,"Zhong2025",2008
964,1.08600344159272,"Zhong2025",2008
965,10.5966977224095,"Zhong2025",2008
966,4.46791411436137,"Zhong2025",2008
967,3.77471066977904,"Zhong2025",2008
968,0.0802584970549036,"Zhong2025",2008
969,3.6928699874564,"Zhong2025",2008
970,0.320942571222195,"Zhong2025",2008
971,2.44653580211935,"Zhong2025",2008
972,0.678612628112422,"Zhong2025",2008
973,7.41456152219771,"Zhong2025",2008
974,1.15532791312836,"Zhong2025",2008
975,0.800307970698778,"Zhong2025",2008
976,0,"Zhong2025",2008
977,0.148976359326961,"Zhong2025",2008
978,1.87557378433145,"Zhong2025",2008
979,17.7301178075829,"Zhong2025",2008
980,4.17105660997527,"Zhong2025",2008
981,9.19327033829389,"Zhong2025",2008
982,0.711387083169747,"Zhong2025",2008
983,1.23987614215516,"Zhong2025",2008
984,2.01937359496951,"Zhong2025",2008
985,0.975346610892093,"Zhong2025",2008
986,0.01593847164925,"Zhong2025",2008
987,0.207091709108729,"Zhong2025",2008
988,0.22415280912642,"Zhong2025",2008
989,0.475837916135788,"Zhong2025",2008
990,2.02041275471227,"Zhong2025",2008
991,0,"Zhong2025",2008
992,3.58427917504427,"Zhong2025",2008
993,0.55523064693765,"Zhong2025",2008
994,0.529735808682175,"Zhong2025",2008
995,0.079329149443892,"Zhong2025",2008
996,2.66659690467972,"Zhong2025",2008
997,6.53418333298022,"Zhong2025",2008
998,0.400664997712666,"Zhong2025",2008
999,0.979937136653931,"Zhong2025",2008
1000,11.0272337263272,"Zhong2025",2008
1001,0,"Zhong2025",2008
1002,3.07365701669528,"Zhong2025",2008
1003,0.00323259709654628,"Zhong2025",2008
1004,1.56416009971397,"Zhong2025",2008
1005,0.239316830590804,"Zhong2025",2008
1006,0,"Zhong2025",2008
1007,0.26921301111774,"Zhong2025",2008
1008,9.94122307642743,"Zhong2025",2008
1009,0.6690225736752,"Zhong2025",2008
1010,0,"Zhong2025",2008
1011,0.334721907710142,"Zhong2025",2008
1012,2.39985544919663,"Zhong2025",2008
1013,0.92582987844944,"Zhong2025",2008
1014,1.81919117196292,"Zhong2025",2008
1015,0.791932341762694,"Zhong2025",2008
1016,3.65341325938845,"Zhong2025",2008
1017,1.28843120796749,"Zhong2025",2008
1018,0.220956411819125,"Zhong2025",2008
1019,0.37635368650513,"Zhong2025",2008
1020,0.191418184296528,"Zhong2025",2008
1021,0.0764159862227088,"Zhong2025",2008
1022,7.16576274433365,"Zhong2025",2008
1023,3.50325679610058,"Zhong2025",2008
1024,0,"Zhong2025",2008
1025,11.5465561585051,"Zhong2025",2008
1026,1.91762535476194,"Zhong2025",2008
1027,0.29469651953191,"Zhong2025",2008
1028,0.00598072823353861,"Zhong2025",2008
1029,0.382387578864641,"Zhong2025",2008
1030,0.693984271613079,"Zhong2025",2008
1031,0,"Zhong2025",2008
1032,4.16709358786995,"Zhong2025",2008
1033,1.67404958125898,"Zhong2025",2008
1034,2.11128058303873,"Zhong2025",2008
1035,8.25894878203409,"Zhong2025",2008
1036,2.16332053841281,"Zhong2025",2008
1037,0.133288276513516,"Zhong2025",2008
1038,1.11335810118374,"Zhong2025",2008
1039,0.569811284670542,"Zhong2025",2008
1040,0,"Zhong2025",2008
1041,2.0876508855482,"Zhong2025",2008
1042,0.0758561892371412,"Zhong2025",2008
1043,0,"Zhong2025",2008
1044,0.677991054028519,"Zhong2025",2008
1045,0,"Zhong2025",2008
1046,1.27079291333659,"Zhong2025",2008
1047,0.450210523149148,"Zhong2025",2008
1048,0.0162751345990974,"Zhong2025",2008
1049,0.0200153992812087,"Zhong2025",2008
1050,0.255243334741819,"Zhong2025",2008
1051,0,"Zhong2025",2008
1052,0.0116354143115836,"Zhong2025",2008
1053,1.35036782827228,"Zhong2025",2008
1054,7.42174255475402,"Zhong2025",2008
1055,0.494390192644556,"Zhong2025",2008
1056,0.465624806226109,"Zhong2025",2008
1057,11.3875233134838,"Zhong2025",2008
1058,38.3591166478451,"Zhong2025",2008
1059,0.154200512838895,"Zhong2025",2008
1060,0.00092715504937447,"Zhong2025",2008
1061,10.3810937464932,"Zhong2025",2008
1062,39.4143848273812,"Zhong2025",2008
1063,11.032971000555,"Zhong2025",2008
1064,0.318879548478155,"Zhong2025",2008
1065,3.03973101510103,"Zhong2025",2008
1066,1.01646344844443,"Zhong2025",2008
1067,0.590981424788032,"Zhong2025",2008
1068,1.65429346394319,"Zhong2025",2008
1069,0.103374553840851,"Zhong2025",2008
1070,1.61304049035743,"Zhong2025",2008
1071,7.68076021800487,"Zhong2025",2008
1072,1.69062590675931,"Zhong2025",2008
1073,0.530411756794827,"Zhong2025",2008
1074,5.48044405641277,"Zhong2025",2008
1075,0.933138363018376,"Zhong2025",2008
1076,0.822992767365736,"Zhong2025",2008
1077,0.283546063219356,"Zhong2025",2008
1078,18.7322190512782,"Zhong2025",2008
1079,3.44597088867748,"Zhong2025",2008
1080,20.6926757027121,"Zhong2025",2008
1081,7.69264116372474,"Zhong2025",2008
1082,6.41471939996634,"Zhong2025",2008
1083,1.24879413272379,"Zhong2025",2008
1084,7.82410600684019,"Zhong2025",2008
1085,4.65647376284857,"Zhong2025",2008
1086,5.07653291478504,"Zhong2025",2008
1087,7.82652855134916,"Zhong2025",2008
1088,22.0191995287841,"Zhong2025",2008
1089,0.110716851457583,"Zhong2025",2008
1090,0.672834747457448,"Zhong2025",2008
1091,1.89912274641912,"Zhong2025",2008
1092,5.77070392857135,"Zhong2025",2008
1093,6.85614361435379,"Zhong2025",2008
1094,0.173209608641608,"Zhong2025",2008
1095,3.87309915839481,"Zhong2025",2008
1096,15.5027538960356,"Zhong2025",2008
1097,0.052525771485413,"Zhong2025",2008
1098,0,"Zhong2025",2008
1099,0.789238001095832,"Zhong2025",2008
1100,8.1644582146834,"Zhong2025",2008
1101,0.604482785188432,"Zhong2025",2008
1102,3.36080285027375,"Zhong2025",2008
1103,0.545341285932095,"Zhong2025",2008
1104,5.82558364471315,"Zhong2025",2008
1105,1.38925974225052,"Zhong2025",2008
1106,4.35892794512212,"Zhong2025",2008
1107,1.50197170719119,"Zhong2025",2008
1108,0.631003744553023,"Zhong2025",2008
1109,2.5778955211952,"Zhong2025",2008
1110,1.0345598083418,"Zhong2025",2008
1111,2.85878004166996,"Zhong2025",2008
1112,27.022317536672,"Zhong2025",2008
1113,33.2052750060307,"Zhong2025",2008
1114,53.5655659493946,"Zhong2025",2008
1115,28.3885297251272,"Zhong2025",2008
1116,40.0418051238609,"Zhong2025",2008
1117,18.4571038136115,"Zhong2025",2008
1118,28.9179658293724,"Zhong2025",2008
1119,1.31472087693824,"Zhong2025",2008
1120,6.19137692701387,"Zhong2025",2008
1121,53.1027680635452,"Zhong2025",2008
1122,50.8179051248651,"Zhong2025",2008
1,1.37548453920941,"Zhong2025",2009
2,0.0625645532272756,"Zhong2025",2009
3,0.118588686750421,"Zhong2025",2009
4,0.310156384617861,"Zhong2025",2009
5,0.160123705921754,"Zhong2025",2009
6,0.0948540802226473,"Zhong2025",2009
7,0,"Zhong2025",2009
8,0.0710655119667043,"Zhong2025",2009
9,0.0822264380802237,"Zhong2025",2009
10,0.0542803455718316,"Zhong2025",2009
11,0.0209270075042718,"Zhong2025",2009
12,0.0252435702693772,"Zhong2025",2009
13,0.00637799101646067,"Zhong2025",2009
14,0.0442880389001408,"Zhong2025",2009
15,0.439817866459139,"Zhong2025",2009
16,0.0575561959431899,"Zhong2025",2009
17,15.0324846882978,"Zhong2025",2009
18,1.11309125136224,"Zhong2025",2009
19,0.26532541748629,"Zhong2025",2009
20,0.431825404663363,"Zhong2025",2009
21,0.423877678409058,"Zhong2025",2009
22,2.00346653811939,"Zhong2025",2009
23,2.69783186434728,"Zhong2025",2009
24,2.32885922376621,"Zhong2025",2009
25,5.88804930162737,"Zhong2025",2009
26,4.34282297032684,"Zhong2025",2009
27,1.87409494185852,"Zhong2025",2009
28,14.4199701913513,"Zhong2025",2009
29,0.233244750397917,"Zhong2025",2009
30,0.27926550435302,"Zhong2025",2009
31,0.631762171536684,"Zhong2025",2009
32,0.0308499688098773,"Zhong2025",2009
33,0.407993635282144,"Zhong2025",2009
34,10.0462571603582,"Zhong2025",2009
35,0.972489558634687,"Zhong2025",2009
36,11.5061124466561,"Zhong2025",2009
37,0.0706594062263255,"Zhong2025",2009
38,0.636323279525741,"Zhong2025",2009
39,0.231635311286292,"Zhong2025",2009
40,13.5293648616068,"Zhong2025",2009
41,20.7814093704881,"Zhong2025",2009
42,0.435123430511703,"Zhong2025",2009
43,1.50092428040875,"Zhong2025",2009
44,0,"Zhong2025",2009
45,8.46734826735728,"Zhong2025",2009
46,2.57866146254272e-05,"Zhong2025",2009
47,1.4920567513994,"Zhong2025",2009
48,1.18128031068775,"Zhong2025",2009
49,1.90607048703122,"Zhong2025",2009
50,0.00361127911747752,"Zhong2025",2009
51,8.21167024473349,"Zhong2025",2009
52,1.23339664780544,"Zhong2025",2009
53,1.24468290575622,"Zhong2025",2009
54,0.306798412478537,"Zhong2025",2009
55,0.0630415171818988,"Zhong2025",2009
56,0,"Zhong2025",2009
57,0,"Zhong2025",2009
58,18.6739699272882,"Zhong2025",2009
59,38.8976509328008,"Zhong2025",2009
60,15.0568814431799,"Zhong2025",2009
61,5.56428818883965,"Zhong2025",2009
62,3.47486493163987,"Zhong2025",2009
63,5.98488405557956,"Zhong2025",2009
64,6.86261741532652,"Zhong2025",2009
65,8.67770669988151,"Zhong2025",2009
66,2.9113787392961,"Zhong2025",2009
67,26.6487560827755,"Zhong2025",2009
68,17.8606165208434,"Zhong2025",2009
69,1.36231884450102,"Zhong2025",2009
70,1.20951040876408,"Zhong2025",2009
71,10.2649177967599,"Zhong2025",2009
72,3.10282506736949,"Zhong2025",2009
73,7.05182006269375,"Zhong2025",2009
74,6.28012071467697,"Zhong2025",2009
75,13.5208776011186,"Zhong2025",2009
76,14.0119622744047,"Zhong2025",2009
77,4.88559490462596,"Zhong2025",2009
78,18.0077225690931,"Zhong2025",2009
79,9.22458031921778,"Zhong2025",2009
80,11.0073051599607,"Zhong2025",2009
81,6.49250151778077,"Zhong2025",2009
82,9.91035886504212,"Zhong2025",2009
83,10.159269746117,"Zhong2025",2009
84,3.20147372417599,"Zhong2025",2009
85,5.40396926265651,"Zhong2025",2009
86,4.51289985508794,"Zhong2025",2009
87,6.14231391887752,"Zhong2025",2009
88,13.9883673667908,"Zhong2025",2009
89,1.91568172680882,"Zhong2025",2009
90,9.98518263792791,"Zhong2025",2009
91,8.50990193690124,"Zhong2025",2009
92,34.6973398873786,"Zhong2025",2009
93,8.4261931171787,"Zhong2025",2009
94,4.30055578846967,"Zhong2025",2009
95,14.557012017083,"Zhong2025",2009
96,10.8653872408395,"Zhong2025",2009
97,10.486072819232,"Zhong2025",2009
98,1.43028168666166,"Zhong2025",2009
99,6.03553472442912,"Zhong2025",2009
100,1.14183582113178,"Zhong2025",2009
101,1.53204306984704,"Zhong2025",2009
102,3.66897585966131,"Zhong2025",2009
103,1.31720105825518,"Zhong2025",2009
104,5.27054190838879,"Zhong2025",2009
105,0.236711971565977,"Zhong2025",2009
106,2.46163522148851,"Zhong2025",2009
107,0.441254648785133,"Zhong2025",2009
108,0.574887625673365,"Zhong2025",2009
109,2.10516467984761,"Zhong2025",2009
110,0.554234565409278,"Zhong2025",2009
111,0.58920447729545,"Zhong2025",2009
112,0.0501936061877396,"Zhong2025",2009
113,0.0296066082876508,"Zhong2025",2009
114,6.93022271555715,"Zhong2025",2009
115,1.38665999241528,"Zhong2025",2009
116,0.72105583903657,"Zhong2025",2009
117,0.903839284381489,"Zhong2025",2009
118,3.85792824302031,"Zhong2025",2009
119,0.443222679197788,"Zhong2025",2009
120,1.67378803121596,"Zhong2025",2009
121,0.836981758228323,"Zhong2025",2009
122,0,"Zhong2025",2009
123,7.94259144732838,"Zhong2025",2009
124,0.853312427724126,"Zhong2025",2009
125,2.87037447117449,"Zhong2025",2009
126,5.95533529917399,"Zhong2025",2009
127,1.20312410772224,"Zhong2025",2009
128,7.00288706008631,"Zhong2025",2009
129,5.80245031760289,"Zhong2025",2009
130,7.17495955304897,"Zhong2025",2009
131,12.7876431174197,"Zhong2025",2009
132,2.93916750227241,"Zhong2025",2009
133,4.02635674485035,"Zhong2025",2009
134,2.93220047387812,"Zhong2025",2009
135,0.792359391521651,"Zhong2025",2009
136,5.92958975677925,"Zhong2025",2009
137,8.11803642272949,"Zhong2025",2009
138,2.38151933929095,"Zhong2025",2009
139,2.47750760010276,"Zhong2025",2009
140,1.48500651007205,"Zhong2025",2009
141,2.83083049933377,"Zhong2025",2009
142,5.45281504909664,"Zhong2025",2009
143,0.912892497420311,"Zhong2025",2009
144,0.254589422238529,"Zhong2025",2009
145,6.21460837314526,"Zhong2025",2009
146,0.930301847157778,"Zhong2025",2009
147,3.79463316193808,"Zhong2025",2009
148,0,"Zhong2025",2009
149,2.38941030042521,"Zhong2025",2009
150,4.17529627177222,"Zhong2025",2009
151,1.3639385721284,"Zhong2025",2009
152,0.552439958361036,"Zhong2025",2009
153,3.91618019793026,"Zhong2025",2009
154,5.93248748862495,"Zhong2025",2009
155,2.95196889131522,"Zhong2025",2009
156,0.0420619622804225,"Zhong2025",2009
157,8.61597368319829,"Zhong2025",2009
158,2.06904141981812,"Zhong2025",2009
159,3.44797466438392,"Zhong2025",2009
160,1.94422780968317,"Zhong2025",2009
161,0.880691898137206,"Zhong2025",2009
162,0,"Zhong2025",2009
163,0.115027206416976,"Zhong2025",2009
164,0.205452554244332,"Zhong2025",2009
165,0.03801398122796,"Zhong2025",2009
166,0.0111466719048251,"Zhong2025",2009
167,0.0661159305137542,"Zhong2025",2009
168,0,"Zhong2025",2009
169,0.015504753460117,"Zhong2025",2009
170,0,"Zhong2025",2009
171,0,"Zhong2025",2009
172,0,"Zhong2025",2009
173,0.14076949007573,"Zhong2025",2009
174,0,"Zhong2025",2009
175,0,"Zhong2025",2009
176,0.000972111729836455,"Zhong2025",2009
177,0.0366095747784421,"Zhong2025",2009
178,0,"Zhong2025",2009
179,0,"Zhong2025",2009
180,0.0151129813386497,"Zhong2025",2009
181,0.0014951554671048,"Zhong2025",2009
182,0,"Zhong2025",2009
183,0,"Zhong2025",2009
184,0,"Zhong2025",2009
185,0,"Zhong2025",2009
186,0.0162541567380782,"Zhong2025",2009
187,0.0828334298082834,"Zhong2025",2009
188,0.00758787720784414,"Zhong2025",2009
189,0.00273129485421704,"Zhong2025",2009
190,5.19098668445488,"Zhong2025",2009
191,9.88798795967603,"Zhong2025",2009
192,0.0488564844219094,"Zhong2025",2009
193,0,"Zhong2025",2009
194,0.489588654354079,"Zhong2025",2009
195,1.31664799876889,"Zhong2025",2009
196,0.170560748985936,"Zhong2025",2009
197,0.244985498133677,"Zhong2025",2009
198,0.5765759213713,"Zhong2025",2009
199,0.0063683189876339,"Zhong2025",2009
200,0.529841511329345,"Zhong2025",2009
201,0.0281261288676287,"Zhong2025",2009
202,0.262469082765369,"Zhong2025",2009
203,0.0542536830296436,"Zhong2025",2009
204,3.69148108270837,"Zhong2025",2009
205,0.284871756674217,"Zhong2025",2009
206,1.078270188819,"Zhong2025",2009
207,0.0638446371187677,"Zhong2025",2009
208,0.0926398262689284,"Zhong2025",2009
209,0.164071893612226,"Zhong2025",2009
210,0,"Zhong2025",2009
211,0,"Zhong2025",2009
212,0,"Zhong2025",2009
213,0,"Zhong2025",2009
214,0,"Zhong2025",2009
215,0,"Zhong2025",2009
216,0,"Zhong2025",2009
217,0.0031049337702262,"Zhong2025",2009
218,0,"Zhong2025",2009
219,0,"Zhong2025",2009
220,0.0133424680556507,"Zhong2025",2009
221,0,"Zhong2025",2009
222,0,"Zhong2025",2009
223,0,"Zhong2025",2009
224,0,"Zhong2025",2009
225,0.0013694283086326,"Zhong2025",2009
226,0.071027661725288,"Zhong2025",2009
227,0.0117769556369606,"Zhong2025",2009
228,0.0109952127777793,"Zhong2025",2009
229,0.00491978493870701,"Zhong2025",2009
230,20.55343305315,"Zhong2025",2009
231,3.01087046614689,"Zhong2025",2009
232,5.13801648623891,"Zhong2025",2009
233,0.204178231193361,"Zhong2025",2009
234,6.28372938005548,"Zhong2025",2009
235,10.4747807582219,"Zhong2025",2009
236,4.71106602315334,"Zhong2025",2009
237,5.40126609309546,"Zhong2025",2009
238,4.80657073928621,"Zhong2025",2009
239,4.42172622243588,"Zhong2025",2009
240,16.3433739595246,"Zhong2025",2009
241,8.88875169269109,"Zhong2025",2009
242,3.5642412233894,"Zhong2025",2009
243,10.6850702090721,"Zhong2025",2009
244,1.87786327566362,"Zhong2025",2009
245,10.3511066118367,"Zhong2025",2009
246,5.51873546832274,"Zhong2025",2009
247,0.827647377421137,"Zhong2025",2009
248,11.5261914450675,"Zhong2025",2009
249,8.66574668183046,"Zhong2025",2009
250,0.543498909509735,"Zhong2025",2009
251,2.16093389276406,"Zhong2025",2009
252,10.1067314769911,"Zhong2025",2009
253,1.53269785174656,"Zhong2025",2009
254,16.7015271429288,"Zhong2025",2009
255,3.37173569686298,"Zhong2025",2009
256,5.78688284256827,"Zhong2025",2009
257,33.5252509272195,"Zhong2025",2009
258,7.88359983577285,"Zhong2025",2009
259,16.1451058122916,"Zhong2025",2009
260,30.0820807615916,"Zhong2025",2009
261,4.3230771851796,"Zhong2025",2009
262,12.9186625396256,"Zhong2025",2009
263,1.30937586413319,"Zhong2025",2009
264,15.9050845545514,"Zhong2025",2009
265,12.9738408696802,"Zhong2025",2009
266,1.49221000682849,"Zhong2025",2009
267,17.0266335022773,"Zhong2025",2009
268,4.22538002337586,"Zhong2025",2009
269,23.008939725825,"Zhong2025",2009
270,4.71785585957189,"Zhong2025",2009
271,11.5225656524537,"Zhong2025",2009
272,8.3979911588608,"Zhong2025",2009
273,48.1963872644636,"Zhong2025",2009
274,8.38676638119619,"Zhong2025",2009
275,6.22146439721289,"Zhong2025",2009
276,16.3437780492446,"Zhong2025",2009
277,12.4838929650111,"Zhong2025",2009
278,0.553460804346641,"Zhong2025",2009
279,0.137570978812787,"Zhong2025",2009
280,10.1687508615954,"Zhong2025",2009
281,7.55750205475264,"Zhong2025",2009
282,5.62642472392262,"Zhong2025",2009
283,47.8306849189009,"Zhong2025",2009
284,6.04186501392699,"Zhong2025",2009
285,0.142175049742041,"Zhong2025",2009
286,0.0135868544057012,"Zhong2025",2009
287,0.38141479713521,"Zhong2025",2009
288,1.10119317484262,"Zhong2025",2009
289,3.21123615116812,"Zhong2025",2009
290,40.2577886824395,"Zhong2025",2009
291,1.04027120267444,"Zhong2025",2009
292,18.3254125733529,"Zhong2025",2009
293,4.77722539708146,"Zhong2025",2009
294,0.672278541518608,"Zhong2025",2009
295,0.313673876328394,"Zhong2025",2009
296,0.346862804508747,"Zhong2025",2009
297,2.29221861917472,"Zhong2025",2009
298,0.81844215804536,"Zhong2025",2009
299,2.0679474112309,"Zhong2025",2009
300,15.372073319379,"Zhong2025",2009
301,3.97909658848536,"Zhong2025",2009
302,0.994994227567074,"Zhong2025",2009
303,21.5559404373169,"Zhong2025",2009
304,1.14357170982934,"Zhong2025",2009
305,0.000404532487019182,"Zhong2025",2009
306,2.90599192609734,"Zhong2025",2009
307,0.933496738449404,"Zhong2025",2009
308,1.43103594915803,"Zhong2025",2009
309,0.834389480963883,"Zhong2025",2009
310,2.8074737226901,"Zhong2025",2009
311,0.613252775819224,"Zhong2025",2009
312,6.63641928374767,"Zhong2025",2009
313,0.69887095752201,"Zhong2025",2009
314,5.46185487505994,"Zhong2025",2009
315,0.248880521873533,"Zhong2025",2009
316,0,"Zhong2025",2009
317,1.24427612694654,"Zhong2025",2009
318,0.878193935677978,"Zhong2025",2009
319,6.86344203029153,"Zhong2025",2009
320,3.32311281037331,"Zhong2025",2009
321,0.551911516538048,"Zhong2025",2009
322,5.91056204843071,"Zhong2025",2009
323,5.86132204031691,"Zhong2025",2009
324,1.42775928100822,"Zhong2025",2009
325,0.582341642886564,"Zhong2025",2009
326,17.9450557044383,"Zhong2025",2009
327,4.08967707873285,"Zhong2025",2009
328,3.11484634771104,"Zhong2025",2009
329,8.94370904434653,"Zhong2025",2009
330,0.914441674044638,"Zhong2025",2009
331,8.12291577248662,"Zhong2025",2009
332,43.8522278785706,"Zhong2025",2009
333,3.56554526679351,"Zhong2025",2009
334,0.500118823385065,"Zhong2025",2009
335,5.99702030212065,"Zhong2025",2009
336,9.67296329181865,"Zhong2025",2009
337,46.1878499700062,"Zhong2025",2009
338,4.47258870173461,"Zhong2025",2009
339,2.75560298916482,"Zhong2025",2009
340,4.18246804442151,"Zhong2025",2009
341,11.1502802360337,"Zhong2025",2009
342,1.71501887232666,"Zhong2025",2009
343,1.56287834935251,"Zhong2025",2009
344,2.1900998921531,"Zhong2025",2009
345,9.51379960333891,"Zhong2025",2009
346,4.27610849024467,"Zhong2025",2009
347,4.69115366116919,"Zhong2025",2009
348,0.592925187409447,"Zhong2025",2009
349,0.578273973473914,"Zhong2025",2009
350,1.02633935440314,"Zhong2025",2009
351,20.736533498764,"Zhong2025",2009
352,0.249447199671961,"Zhong2025",2009
353,9.5142047678838,"Zhong2025",2009
354,1.57714976625354,"Zhong2025",2009
355,4.46360757699912,"Zhong2025",2009
356,0.658972492907934,"Zhong2025",2009
357,11.4612755097106,"Zhong2025",2009
358,0.546250701149305,"Zhong2025",2009
359,0.574910609584759,"Zhong2025",2009
360,1.22430346532276,"Zhong2025",2009
361,12.1447996186564,"Zhong2025",2009
362,0.464160959438357,"Zhong2025",2009
363,1.74267503680455,"Zhong2025",2009
364,0.500749973236491,"Zhong2025",2009
365,2.33023526532972,"Zhong2025",2009
366,0.296266994489137,"Zhong2025",2009
367,48.1556996840697,"Zhong2025",2009
368,17.3686367883293,"Zhong2025",2009
369,0.563282065712005,"Zhong2025",2009
370,4.13532170105254,"Zhong2025",2009
371,3.02984539360516,"Zhong2025",2009
372,1.05003039818619,"Zhong2025",2009
373,6.8485577239802,"Zhong2025",2009
374,0,"Zhong2025",2009
375,13.6388731147012,"Zhong2025",2009
376,4.06193077241381,"Zhong2025",2009
377,0.357432193805762,"Zhong2025",2009
378,0.308987817332711,"Zhong2025",2009
379,0.546194224568184,"Zhong2025",2009
380,0.046041409548239,"Zhong2025",2009
381,10.3804315775633,"Zhong2025",2009
382,25.6799579232426,"Zhong2025",2009
383,0.800728388542286,"Zhong2025",2009
384,0.832612153335029,"Zhong2025",2009
385,12.4426008336754,"Zhong2025",2009
386,9.67254297892775,"Zhong2025",2009
387,30.7753614275583,"Zhong2025",2009
388,4.64007364225652,"Zhong2025",2009
389,3.43672744919147,"Zhong2025",2009
390,62.8484275817871,"Zhong2025",2009
391,5.07543103562461,"Zhong2025",2009
392,11.3137174997448,"Zhong2025",2009
393,7.64699797805192,"Zhong2025",2009
394,29.4586808725369,"Zhong2025",2009
395,4.40259163820791,"Zhong2025",2009
396,2.91548777039291,"Zhong2025",2009
397,2.27304718509894,"Zhong2025",2009
398,37.3507709719918,"Zhong2025",2009
399,0.098661877763804,"Zhong2025",2009
400,0.214535312514991,"Zhong2025",2009
401,0.0799269176569628,"Zhong2025",2009
402,0.231008686231706,"Zhong2025",2009
403,0,"Zhong2025",2009
404,0,"Zhong2025",2009
405,6.63367201984594,"Zhong2025",2009
406,0.0159213220621118,"Zhong2025",2009
407,0.497524005349042,"Zhong2025",2009
408,0.190255048442632,"Zhong2025",2009
409,0,"Zhong2025",2009
410,0.0545311990400515,"Zhong2025",2009
411,0,"Zhong2025",2009
412,0.0958933440373933,"Zhong2025",2009
413,0,"Zhong2025",2009
414,0,"Zhong2025",2009
415,0,"Zhong2025",2009
416,0,"Zhong2025",2009
417,0.182304909148,"Zhong2025",2009
418,0.41180218496786,"Zhong2025",2009
419,0.113090899461067,"Zhong2025",2009
420,0,"Zhong2025",2009
421,0.186137351372456,"Zhong2025",2009
422,0,"Zhong2025",2009
423,0,"Zhong2025",2009
424,0,"Zhong2025",2009
425,0,"Zhong2025",2009
426,0.0941001646446459,"Zhong2025",2009
427,0,"Zhong2025",2009
428,0,"Zhong2025",2009
429,0.290766905505388,"Zhong2025",2009
430,0.175906430955276,"Zhong2025",2009
431,0,"Zhong2025",2009
432,0,"Zhong2025",2009
433,0.177569200226803,"Zhong2025",2009
434,0.0406215209913358,"Zhong2025",2009
435,0.349092342875778,"Zhong2025",2009
436,0.469001071860818,"Zhong2025",2009
437,3.32774716712775,"Zhong2025",2009
438,0.563912145832973,"Zhong2025",2009
439,0.987831850673367,"Zhong2025",2009
440,0.47126852350947,"Zhong2025",2009
441,14.4971181746501,"Zhong2025",2009
442,1.24882354422711,"Zhong2025",2009
443,4.50228746172159,"Zhong2025",2009
444,4.72723781167472,"Zhong2025",2009
445,6.87683246782736,"Zhong2025",2009
446,2.40127262612653,"Zhong2025",2009
447,4.31028790729344,"Zhong2025",2009
448,0.954609168120672,"Zhong2025",2009
449,5.18850384812915,"Zhong2025",2009
450,1.11779053874898,"Zhong2025",2009
451,1.88524143237708,"Zhong2025",2009
452,0.725603176922503,"Zhong2025",2009
453,0.304474011644584,"Zhong2025",2009
454,7.31092458466689,"Zhong2025",2009
455,4.34636747558722,"Zhong2025",2009
456,9.03433831476352,"Zhong2025",2009
457,8.73746260350019,"Zhong2025",2009
458,2.4981056341591,"Zhong2025",2009
459,2.60294032580916,"Zhong2025",2009
460,1.07477357620508,"Zhong2025",2009
461,4.5924178203889,"Zhong2025",2009
462,8.94534362544274,"Zhong2025",2009
463,0.8569017123719,"Zhong2025",2009
464,2.09890971408482,"Zhong2025",2009
465,0.814113813003737,"Zhong2025",2009
466,0.485363031963282,"Zhong2025",2009
467,57.1592325350133,"Zhong2025",2009
468,23.5755003827219,"Zhong2025",2009
469,10.2720916285401,"Zhong2025",2009
470,6.54801796195615,"Zhong2025",2009
471,32.3850292205811,"Zhong2025",2009
472,6.49058179851479,"Zhong2025",2009
473,6.80511732411881,"Zhong2025",2009
474,35.2691518435111,"Zhong2025",2009
475,3.07203921719605,"Zhong2025",2009
476,11.1758386962952,"Zhong2025",2009
477,1.44923323913436,"Zhong2025",2009
478,15.407143107305,"Zhong2025",2009
479,5.85571827265809,"Zhong2025",2009
480,39.374800491333,"Zhong2025",2009
481,3.30212879757743,"Zhong2025",2009
482,34.5680237628044,"Zhong2025",2009
483,10.0184605647292,"Zhong2025",2009
484,4.45853357808664,"Zhong2025",2009
485,19.3889066321666,"Zhong2025",2009
486,54.6573189955491,"Zhong2025",2009
487,10.702171223859,"Zhong2025",2009
488,11.5926707646786,"Zhong2025",2009
489,7.3413415541156,"Zhong2025",2009
490,20.5940334135637,"Zhong2025",2009
491,0.115732085419841,"Zhong2025",2009
492,0.226107815407818,"Zhong2025",2009
493,0.290394040522139,"Zhong2025",2009
494,4.96065011229969,"Zhong2025",2009
495,2.3139888553428,"Zhong2025",2009
496,0.280802762794703,"Zhong2025",2009
497,3.38123956794174,"Zhong2025",2009
498,1.21624498206216,"Zhong2025",2009
499,11.6472210036591,"Zhong2025",2009
500,0.455012639662732,"Zhong2025",2009
501,6.99325418816163,"Zhong2025",2009
502,2.02690127211813,"Zhong2025",2009
503,0.603832156094552,"Zhong2025",2009
504,0.866801509417074,"Zhong2025",2009
505,2.66469444307268,"Zhong2025",2009
506,0.89219799458787,"Zhong2025",2009
507,3.00273635153129,"Zhong2025",2009
508,0,"Zhong2025",2009
509,1.63082306598162,"Zhong2025",2009
510,0.320296457434521,"Zhong2025",2009
511,0,"Zhong2025",2009
512,0.0862637622008057,"Zhong2025",2009
513,0.197150164008758,"Zhong2025",2009
514,0.281813347699658,"Zhong2025",2009
515,2.64089490611886,"Zhong2025",2009
516,2.60915198232344,"Zhong2025",2009
517,2.12571602468942,"Zhong2025",2009
518,0.0261275226163656,"Zhong2025",2009
519,2.07111931542369,"Zhong2025",2009
520,0.69240742770292,"Zhong2025",2009
521,0.226463428216773,"Zhong2025",2009
522,3.85738058526774,"Zhong2025",2009
523,9.19750893751354,"Zhong2025",2009
524,0.165500829633502,"Zhong2025",2009
525,0.190324343879336,"Zhong2025",2009
526,2.34634673543791,"Zhong2025",2009
527,2.42657668589417,"Zhong2025",2009
528,0.0647328990695561,"Zhong2025",2009
529,20.8279716582739,"Zhong2025",2009
530,9.02286058782938,"Zhong2025",2009
531,4.55809282360447,"Zhong2025",2009
532,1.50394999307396,"Zhong2025",2009
533,0.905014143752701,"Zhong2025",2009
534,2.344101314665,"Zhong2025",2009
535,0.558289218890377,"Zhong2025",2009
536,2.49753951556633,"Zhong2025",2009
537,1.62261546325511,"Zhong2025",2009
538,1.66107876518526,"Zhong2025",2009
539,3.47192337610163,"Zhong2025",2009
540,5.1918958554498,"Zhong2025",2009
541,6.35193137994295,"Zhong2025",2009
542,1.18687295516156,"Zhong2025",2009
543,4.37797035256916,"Zhong2025",2009
544,2.25731352538075,"Zhong2025",2009
545,1.38444091421324,"Zhong2025",2009
546,1.99791582733927,"Zhong2025",2009
547,2.34225745914142,"Zhong2025",2009
548,1.88621070233082,"Zhong2025",2009
549,1.13969272142712,"Zhong2025",2009
550,1.14144476386588,"Zhong2025",2009
551,2.53518257438221,"Zhong2025",2009
552,1.44156170639854,"Zhong2025",2009
553,1.26965768159808,"Zhong2025",2009
554,2.00652268152625,"Zhong2025",2009
555,0.36292497346986,"Zhong2025",2009
556,1.43179246466359,"Zhong2025",2009
557,4.43409980363846,"Zhong2025",2009
558,5.99169024031018,"Zhong2025",2009
559,3.45105964676403,"Zhong2025",2009
560,2.04992598074023,"Zhong2025",2009
561,3.8817787339784,"Zhong2025",2009
562,15.4371709392727,"Zhong2025",2009
563,1.88619342451361,"Zhong2025",2009
564,1.51585983510192,"Zhong2025",2009
565,5.81833446575262,"Zhong2025",2009
566,1.11613720364453,"Zhong2025",2009
567,6.61168501695218,"Zhong2025",2009
568,0.441691932989854,"Zhong2025",2009
569,2.05528343954556,"Zhong2025",2009
570,0.29343973611634,"Zhong2025",2009
571,2.77277118337816,"Zhong2025",2009
572,1.11613189408701,"Zhong2025",2009
573,1.38303152311356,"Zhong2025",2009
574,1.02458270882987,"Zhong2025",2009
575,0.988768247992691,"Zhong2025",2009
576,3.15448865680004,"Zhong2025",2009
577,0.536094471076388,"Zhong2025",2009
578,2.15168698482654,"Zhong2025",2009
579,0.880915707562471,"Zhong2025",2009
580,3.69477966739813,"Zhong2025",2009
581,1.34968231078813,"Zhong2025",2009
582,0.403790104124424,"Zhong2025",2009
583,0.228557136977923,"Zhong2025",2009
584,0.956504300945062,"Zhong2025",2009
585,1.03923306300717,"Zhong2025",2009
586,0.98463959387607,"Zhong2025",2009
587,0.730307223149568,"Zhong2025",2009
588,0.134665998373068,"Zhong2025",2009
589,2.19602530308644,"Zhong2025",2009
590,1.20484287185271,"Zhong2025",2009
591,3.03556193455177,"Zhong2025",2009
592,0.438908782122616,"Zhong2025",2009
593,0.179748705652757,"Zhong2025",2009
594,6.4915037634082,"Zhong2025",2009
595,0.830835365036677,"Zhong2025",2009
596,0.174113689054874,"Zhong2025",2009
597,8.67111106378128,"Zhong2025",2009
598,1.14709081460333,"Zhong2025",2009
599,2.66758092575233,"Zhong2025",2009
600,1.38692078920601,"Zhong2025",2009
601,3.98213440371733,"Zhong2025",2009
602,1.41696357102163,"Zhong2025",2009
603,24.0122920292205,"Zhong2025",2009
604,2.72247236739887,"Zhong2025",2009
605,1.22577401758363,"Zhong2025",2009
606,4.46818542737755,"Zhong2025",2009
607,8.94480013235958,"Zhong2025",2009
608,18.8131403684616,"Zhong2025",2009
609,3.36790857622507,"Zhong2025",2009
610,0.844793199851182,"Zhong2025",2009
611,1.61432249531839,"Zhong2025",2009
612,0.286212911712937,"Zhong2025",2009
613,1.90803404335318,"Zhong2025",2009
614,5.18026771918635,"Zhong2025",2009
615,0.464222012119547,"Zhong2025",2009
616,2.34196093448316,"Zhong2025",2009
617,4.64896232333115,"Zhong2025",2009
618,12.1998896126623,"Zhong2025",2009
619,0.278711613905299,"Zhong2025",2009
620,5.6536249524638,"Zhong2025",2009
621,2.13683673441456,"Zhong2025",2009
622,1.85870830693321,"Zhong2025",2009
623,5.83651138724071,"Zhong2025",2009
624,3.60541087297569,"Zhong2025",2009
625,0.337343981352945,"Zhong2025",2009
626,5.10145990944253,"Zhong2025",2009
627,7.63886480274374,"Zhong2025",2009
628,11.1112449320613,"Zhong2025",2009
629,43.8065432442559,"Zhong2025",2009
630,12.0432160418967,"Zhong2025",2009
631,0.719947209967381,"Zhong2025",2009
632,0.0464762454531049,"Zhong2025",2009
633,0.0371865545199614,"Zhong2025",2009
634,2.62165503791553,"Zhong2025",2009
635,0.202498646951563,"Zhong2025",2009
636,2.73110284028692,"Zhong2025",2009
637,0.420131592204691,"Zhong2025",2009
638,28.1230660416186,"Zhong2025",2009
639,1.66950895276762,"Zhong2025",2009
640,0.597686446512405,"Zhong2025",2009
641,1.52195609136395,"Zhong2025",2009
642,1.70914912233156,"Zhong2025",2009
643,1.60595756296128,"Zhong2025",2009
644,0.516141622078915,"Zhong2025",2009
645,1.39117773652317,"Zhong2025",2009
646,6.82849518691792,"Zhong2025",2009
647,0.711839299591688,"Zhong2025",2009
648,1.06192853946646,"Zhong2025",2009
649,6.51465197022145,"Zhong2025",2009
650,3.67745579596333,"Zhong2025",2009
651,0,"Zhong2025",2009
652,2.87507090485398,"Zhong2025",2009
653,1.44313446564664,"Zhong2025",2009
654,11.7444128493468,"Zhong2025",2009
655,0.151816569320805,"Zhong2025",2009
656,1.28419754270486,"Zhong2025",2009
657,5.09959554222395,"Zhong2025",2009
658,3.77485110790779,"Zhong2025",2009
659,5.72378768646098,"Zhong2025",2009
660,0.23713878981578,"Zhong2025",2009
661,8.85515728208327,"Zhong2025",2009
662,0.0190875829724659,"Zhong2025",2009
663,2.54189409206932,"Zhong2025",2009
664,0.159133919647762,"Zhong2025",2009
665,0.703636958155521,"Zhong2025",2009
666,1.15866991236646,"Zhong2025",2009
667,0,"Zhong2025",2009
668,2.69486055185342,"Zhong2025",2009
669,0.73419522423318,"Zhong2025",2009
670,0.128290426533737,"Zhong2025",2009
671,1.83877309611969,"Zhong2025",2009
672,15.5302907784602,"Zhong2025",2009
673,5.41080888291641,"Zhong2025",2009
674,0.511850270304225,"Zhong2025",2009
675,5.8641185032736,"Zhong2025",2009
676,2.60423613919152,"Zhong2025",2009
677,0.0504887956493306,"Zhong2025",2009
678,0.83334719631131,"Zhong2025",2009
679,6.77453452487325,"Zhong2025",2009
680,3.60432999979618,"Zhong2025",2009
681,2.31213296482724,"Zhong2025",2009
682,0,"Zhong2025",2009
683,13.5270803091477,"Zhong2025",2009
684,0.778287264069475,"Zhong2025",2009
685,1.65839112539814,"Zhong2025",2009
686,8.29509776043134,"Zhong2025",2009
687,7.48397619730752,"Zhong2025",2009
688,0.612309505596109,"Zhong2025",2009
689,1.42286062737306,"Zhong2025",2009
690,3.21151591793363,"Zhong2025",2009
691,1.73815980038295,"Zhong2025",2009
692,18.5549164480633,"Zhong2025",2009
693,2.59443871318721,"Zhong2025",2009
694,6.6857025538172,"Zhong2025",2009
695,5.92635397662719,"Zhong2025",2009
696,0.306491375293421,"Zhong2025",2009
697,7.52105243302378,"Zhong2025",2009
698,0.69171183499821,"Zhong2025",2009
699,0.00166079348751477,"Zhong2025",2009
700,2.92575804658786,"Zhong2025",2009
701,0.459102471043744,"Zhong2025",2009
702,3.87038932576695,"Zhong2025",2009
703,6.24549726424698,"Zhong2025",2009
704,16.7066819174536,"Zhong2025",2009
705,1.62443546488367,"Zhong2025",2009
706,33.6048246758883,"Zhong2025",2009
707,5.40889926564081,"Zhong2025",2009
708,7.04302672923557,"Zhong2025",2009
709,0.182123087823391,"Zhong2025",2009
710,5.70425607851693,"Zhong2025",2009
711,0.127207274450536,"Zhong2025",2009
712,8.66130301340068,"Zhong2025",2009
713,0.0284343030642379,"Zhong2025",2009
714,3.25128489769087,"Zhong2025",2009
715,0.27377803429738,"Zhong2025",2009
716,0,"Zhong2025",2009
717,1.64579534185545,"Zhong2025",2009
718,2.78922177429283,"Zhong2025",2009
719,1.849895422335,"Zhong2025",2009
720,0.175235504363204,"Zhong2025",2009
721,2.51589678147664,"Zhong2025",2009
722,4.69403197097056,"Zhong2025",2009
723,10.6600026052682,"Zhong2025",2009
724,0.385576641964524,"Zhong2025",2009
725,5.36844172650649,"Zhong2025",2009
726,0.245098615854858,"Zhong2025",2009
727,0.50081513922375,"Zhong2025",2009
728,2.31850829421345,"Zhong2025",2009
729,0.478515909225183,"Zhong2025",2009
730,5.91345076220976,"Zhong2025",2009
731,0.617694574419591,"Zhong2025",2009
732,9.73091682224047,"Zhong2025",2009
733,1.36037749815502,"Zhong2025",2009
734,0,"Zhong2025",2009
735,0,"Zhong2025",2009
736,2.18430895899378,"Zhong2025",2009
737,3.45096587197622,"Zhong2025",2009
738,6.38938938617706,"Zhong2025",2009
739,3.181937129687,"Zhong2025",2009
740,10.9892590840658,"Zhong2025",2009
741,0.219801315063022,"Zhong2025",2009
742,3.34908778288148,"Zhong2025",2009
743,11.6591987715827,"Zhong2025",2009
744,1.02717796428683,"Zhong2025",2009
745,9.03187265104436,"Zhong2025",2009
746,2.39556118181119,"Zhong2025",2009
747,18.0324448064274,"Zhong2025",2009
748,2.5627473480556,"Zhong2025",2009
749,0,"Zhong2025",2009
750,1.78388250028987,"Zhong2025",2009
751,1.30606468960091,"Zhong2025",2009
752,13.1015063620902,"Zhong2025",2009
753,0.657465791150641,"Zhong2025",2009
754,0.421194726023181,"Zhong2025",2009
755,4.27901089641937,"Zhong2025",2009
756,3.62342989521519,"Zhong2025",2009
757,0.0478431726805866,"Zhong2025",2009
758,0.168929132944251,"Zhong2025",2009
759,0.250241759329313,"Zhong2025",2009
760,0.108306388070117,"Zhong2025",2009
761,12.9875560741799,"Zhong2025",2009
762,15.133636345235,"Zhong2025",2009
763,13.4831166645837,"Zhong2025",2009
764,10.9536119605366,"Zhong2025",2009
765,3.22599470544052,"Zhong2025",2009
766,5.59045037999749,"Zhong2025",2009
767,13.9379805428641,"Zhong2025",2009
768,0.191658005437921,"Zhong2025",2009
769,16.1904711042132,"Zhong2025",2009
770,49.2552353252064,"Zhong2025",2009
771,0.519169056289471,"Zhong2025",2009
772,9.20311782095167,"Zhong2025",2009
773,1.0809351642387,"Zhong2025",2009
774,1.07903999699413,"Zhong2025",2009
775,9.41704211021081,"Zhong2025",2009
776,9.09059766028598,"Zhong2025",2009
777,5.94353106982769,"Zhong2025",2009
778,14.7287295670577,"Zhong2025",2009
779,52.7952403052379,"Zhong2025",2009
780,7.28355832218096,"Zhong2025",2009
781,19.2187573115031,"Zhong2025",2009
782,0,"Zhong2025",2009
783,30.1247318500564,"Zhong2025",2009
784,1.67849855103444,"Zhong2025",2009
785,2.83668863804651,"Zhong2025",2009
786,51.683004210977,"Zhong2025",2009
787,6.51855606415186,"Zhong2025",2009
788,0.206461587437877,"Zhong2025",2009
789,24.3599250261174,"Zhong2025",2009
790,0.972185059071897,"Zhong2025",2009
791,0.789789786128777,"Zhong2025",2009
792,13.7913075275108,"Zhong2025",2009
793,7.21719912580318,"Zhong2025",2009
794,5.76291489923847,"Zhong2025",2009
795,8.28046324651006,"Zhong2025",2009
796,4.34755026465472,"Zhong2025",2009
797,4.6411642582406,"Zhong2025",2009
798,8.37177019332772,"Zhong2025",2009
799,1.4635214590054,"Zhong2025",2009
800,0.12933299770819,"Zhong2025",2009
801,1.09178194815808,"Zhong2025",2009
802,0.94175109145507,"Zhong2025",2009
803,20.7161147603954,"Zhong2025",2009
804,17.3927973330021,"Zhong2025",2009
805,2.09118450972541,"Zhong2025",2009
806,0.303330881329363,"Zhong2025",2009
807,10.6203825208876,"Zhong2025",2009
808,5.07127722073346,"Zhong2025",2009
809,1.12239589033445,"Zhong2025",2009
810,44.0915041047383,"Zhong2025",2009
811,1.90658618935517,"Zhong2025",2009
812,0.215005876183272,"Zhong2025",2009
813,8.1721110632322,"Zhong2025",2009
814,12.5687652700222,"Zhong2025",2009
815,13.1163736000657,"Zhong2025",2009
816,2.61430835587283,"Zhong2025",2009
817,6.42017568588257,"Zhong2025",2009
818,1.45733093891648,"Zhong2025",2009
819,2.6262840975437,"Zhong2025",2009
820,0,"Zhong2025",2009
821,7.8701584270677,"Zhong2025",2009
822,0.126570049917403,"Zhong2025",2009
823,3.31297809433179,"Zhong2025",2009
824,3.14135160566395,"Zhong2025",2009
825,1.42307817245669,"Zhong2025",2009
826,4.24924709860768,"Zhong2025",2009
827,2.44074367682054,"Zhong2025",2009
828,5.36696221872161,"Zhong2025",2009
829,9.45759057998657,"Zhong2025",2009
830,18.4621119463885,"Zhong2025",2009
831,19.707884849386,"Zhong2025",2009
832,1.53662858871886,"Zhong2025",2009
833,0.0543492755562556,"Zhong2025",2009
834,9.54488101838127,"Zhong2025",2009
835,12.6570738090957,"Zhong2025",2009
836,9.10315657102022,"Zhong2025",2009
837,17.2424934667699,"Zhong2025",2009
838,7.83862418973563,"Zhong2025",2009
839,33.6004248958523,"Zhong2025",2009
840,11.1785324703902,"Zhong2025",2009
841,10.3013354662158,"Zhong2025",2009
842,3.59859270395806,"Zhong2025",2009
843,3.55076347048813,"Zhong2025",2009
844,9.16559712092082,"Zhong2025",2009
845,26.4992051124573,"Zhong2025",2009
846,3.70709042752458,"Zhong2025",2009
847,15.9121201833089,"Zhong2025",2009
848,36.1697214470535,"Zhong2025",2009
849,14.7750565740797,"Zhong2025",2009
850,3.12080148684567,"Zhong2025",2009
851,9.41486772735835,"Zhong2025",2009
852,41.047655843099,"Zhong2025",2009
853,0.223472641388837,"Zhong2025",2009
854,0.512464826114231,"Zhong2025",2009
855,10.6073142730438,"Zhong2025",2009
856,13.9033999029133,"Zhong2025",2009
857,1.78913734244326,"Zhong2025",2009
858,1.78513897495997,"Zhong2025",2009
859,0.811402695474068,"Zhong2025",2009
860,4.76524609916729,"Zhong2025",2009
861,0.120693042874336,"Zhong2025",2009
862,5.55628267195353,"Zhong2025",2009
863,13.1253957618661,"Zhong2025",2009
864,9.25403596301411,"Zhong2025",2009
865,0.107844281639904,"Zhong2025",2009
866,13.8316767417778,"Zhong2025",2009
867,19.4800029984117,"Zhong2025",2009
868,10.9422236012888,"Zhong2025",2009
869,12.0161544293615,"Zhong2025",2009
870,0.779907934809381,"Zhong2025",2009
871,0.230244024892442,"Zhong2025",2009
872,3.67223348151584,"Zhong2025",2009
873,0.0670073084663926,"Zhong2025",2009
874,0.270197519510984,"Zhong2025",2009
875,0.278922808858065,"Zhong2025",2009
876,6.35304168454238,"Zhong2025",2009
877,0.140973207613169,"Zhong2025",2009
878,2.43906787613785,"Zhong2025",2009
879,3.3792230582777,"Zhong2025",2009
880,1.39115585522218,"Zhong2025",2009
881,0.0493690154211695,"Zhong2025",2009
882,0.224503917657686,"Zhong2025",2009
883,1.5264160038691,"Zhong2025",2009
884,0.644932131860578,"Zhong2025",2009
885,0.436987577035099,"Zhong2025",2009
886,20.4528079239307,"Zhong2025",2009
887,0.828780410350651,"Zhong2025",2009
888,0.565727389974178,"Zhong2025",2009
889,6.84911826350971,"Zhong2025",2009
890,5.61340629990612,"Zhong2025",2009
891,1.55321582253793,"Zhong2025",2009
892,6.13167819428317,"Zhong2025",2009
893,3.1233012287843,"Zhong2025",2009
894,0.627033827377767,"Zhong2025",2009
895,0.533890047387902,"Zhong2025",2009
896,12.4450929181329,"Zhong2025",2009
897,3.04629306897562,"Zhong2025",2009
898,0.4466319279679,"Zhong2025",2009
899,0.51159074329024,"Zhong2025",2009
900,0.169180534370244,"Zhong2025",2009
901,26.5470132093237,"Zhong2025",2009
902,0.140458693550189,"Zhong2025",2009
903,0.977977887938984,"Zhong2025",2009
904,0.310452269881573,"Zhong2025",2009
905,0.630073296569097,"Zhong2025",2009
906,1.45832033626164,"Zhong2025",2009
907,0.662612035168341,"Zhong2025",2009
908,0.454051113891649,"Zhong2025",2009
909,22.4853840877059,"Zhong2025",2009
910,14.5535011757262,"Zhong2025",2009
911,6.17083400707545,"Zhong2025",2009
912,2.56245356386709,"Zhong2025",2009
913,2.04463303057669,"Zhong2025",2009
914,3.42620092159938,"Zhong2025",2009
915,0.47987710895791,"Zhong2025",2009
916,1.42989891909553,"Zhong2025",2009
917,0.0328153939596538,"Zhong2025",2009
918,0.655932607173117,"Zhong2025",2009
919,1.41764512859906,"Zhong2025",2009
920,0.972366466831702,"Zhong2025",2009
921,7.06801994796071,"Zhong2025",2009
922,1.82736778465055,"Zhong2025",2009
923,0.0864810635939465,"Zhong2025",2009
924,0.0187390664006222,"Zhong2025",2009
925,0.398238579983582,"Zhong2025",2009
926,0.23226713867838,"Zhong2025",2009
927,0.159011951108985,"Zhong2025",2009
928,0.130275849543868,"Zhong2025",2009
929,0.0531392473695037,"Zhong2025",2009
930,4.81412873486626,"Zhong2025",2009
931,0.610069557219533,"Zhong2025",2009
932,0.223121752464655,"Zhong2025",2009
933,0.0865103630912638,"Zhong2025",2009
934,0.237560497145671,"Zhong2025",2009
935,0.0821030563684088,"Zhong2025",2009
936,0.0129113828801754,"Zhong2025",2009
937,0.00576850019274325,"Zhong2025",2009
938,0.161779573850133,"Zhong2025",2009
939,11.0294536864068,"Zhong2025",2009
940,4.23843229837023,"Zhong2025",2009
941,1.1004549515459,"Zhong2025",2009
942,2.36601636881327,"Zhong2025",2009
943,0.457316226234039,"Zhong2025",2009
944,1.14236359320803,"Zhong2025",2009
945,0.406025428117428,"Zhong2025",2009
946,1.05064103930583,"Zhong2025",2009
947,0.24684615110886,"Zhong2025",2009
948,1.560633044831,"Zhong2025",2009
949,0.973360873396175,"Zhong2025",2009
950,6.38071022345987,"Zhong2025",2009
951,0.936741648619138,"Zhong2025",2009
952,1.66927335760095,"Zhong2025",2009
953,5.98843944796866,"Zhong2025",2009
954,6.12830806743692,"Zhong2025",2009
955,0.422823157253457,"Zhong2025",2009
956,0.391010459183977,"Zhong2025",2009
957,0.492828224679263,"Zhong2025",2009
958,0.685781159079601,"Zhong2025",2009
959,0.573194122811814,"Zhong2025",2009
960,5.05002572586799,"Zhong2025",2009
961,3.13746428396385,"Zhong2025",2009
962,0.390461434183097,"Zhong2025",2009
963,4.0784816538114,"Zhong2025",2009
964,1.21362729335894,"Zhong2025",2009
965,10.6427669340803,"Zhong2025",2009
966,4.94808055513828,"Zhong2025",2009
967,3.91766913542847,"Zhong2025",2009
968,0.091530642293107,"Zhong2025",2009
969,3.73494142864486,"Zhong2025",2009
970,0.368845739829296,"Zhong2025",2009
971,2.60740555064911,"Zhong2025",2009
972,0.725858439720044,"Zhong2025",2009
973,8.10411077887533,"Zhong2025",2009
974,1.1888965390439,"Zhong2025",2009
975,0.836935594608657,"Zhong2025",2009
976,0,"Zhong2025",2009
977,0.0918797668764147,"Zhong2025",2009
978,2.19317159057704,"Zhong2025",2009
979,17.7424999256523,"Zhong2025",2009
980,4.80475245747989,"Zhong2025",2009
981,9.46322807244952,"Zhong2025",2009
982,0.820334324633504,"Zhong2025",2009
983,1.3260468015009,"Zhong2025",2009
984,2.13618600451284,"Zhong2025",2009
985,0.975370882552695,"Zhong2025",2009
986,0.103442667188109,"Zhong2025",2009
987,0.211403989216738,"Zhong2025",2009
988,0.202713218995848,"Zhong2025",2009
989,0.504213280465909,"Zhong2025",2009
990,1.98196165355395,"Zhong2025",2009
991,0,"Zhong2025",2009
992,3.05750013497092,"Zhong2025",2009
993,0.567100252571627,"Zhong2025",2009
994,0.461807309238854,"Zhong2025",2009
995,0,"Zhong2025",2009
996,2.66512625677913,"Zhong2025",2009
997,6.53247728059068,"Zhong2025",2009
998,0.400664997712666,"Zhong2025",2009
999,0.979937136653931,"Zhong2025",2009
1000,11.2380912230605,"Zhong2025",2009
1001,0,"Zhong2025",2009
1002,3.15871553707086,"Zhong2025",2009
1003,0.00323259709654628,"Zhong2025",2009
1004,1.71494984639283,"Zhong2025",2009
1005,0.295469526840553,"Zhong2025",2009
1006,0,"Zhong2025",2009
1007,0.305797133251479,"Zhong2025",2009
1008,10.018384352623,"Zhong2025",2009
1009,0.651632764267682,"Zhong2025",2009
1010,0,"Zhong2025",2009
1011,0.319243135552824,"Zhong2025",2009
1012,2.48759912309027,"Zhong2025",2009
1013,0.896607509606025,"Zhong2025",2009
1014,1.80419311582664,"Zhong2025",2009
1015,0.837005539730038,"Zhong2025",2009
1016,3.61408319388731,"Zhong2025",2009
1017,1.21944326017629,"Zhong2025",2009
1018,0.559006049969169,"Zhong2025",2009
1019,0.343026835886495,"Zhong2025",2009
1020,0.205208780917202,"Zhong2025",2009
1021,0.0971909897439432,"Zhong2025",2009
1022,7.15928793423618,"Zhong2025",2009
1023,3.72418881325045,"Zhong2025",2009
1024,0,"Zhong2025",2009
1025,11.5344983772856,"Zhong2025",2009
1026,1.96675650828056,"Zhong2025",2009
1027,0.317233243561944,"Zhong2025",2009
1028,0.00598072823353861,"Zhong2025",2009
1029,0.382232007157953,"Zhong2025",2009
1030,0.729006104424152,"Zhong2025",2009
1031,0,"Zhong2025",2009
1032,4.16709358786995,"Zhong2025",2009
1033,1.77578616546372,"Zhong2025",2009
1034,2.41317505766819,"Zhong2025",2009
1035,8.32959358733997,"Zhong2025",2009
1036,2.28068887167855,"Zhong2025",2009
1037,0.172666392296035,"Zhong2025",2009
1038,1.15929745202575,"Zhong2025",2009
1039,0.555319601374453,"Zhong2025",2009
1040,0,"Zhong2025",2009
1041,2.11226704258269,"Zhong2025",2009
1042,0.0782506359125086,"Zhong2025",2009
1043,0,"Zhong2025",2009
1044,0.588151737000824,"Zhong2025",2009
1045,0,"Zhong2025",2009
1046,1.1266922564604,"Zhong2025",2009
1047,0.464836210480587,"Zhong2025",2009
1048,0,"Zhong2025",2009
1049,0.0200153992812087,"Zhong2025",2009
1050,0.249016593089179,"Zhong2025",2009
1051,0,"Zhong2025",2009
1052,0.0116354143115836,"Zhong2025",2009
1053,1.11149961780757,"Zhong2025",2009
1054,7.42174255475402,"Zhong2025",2009
1055,0.521350066838318,"Zhong2025",2009
1056,0.267084792191955,"Zhong2025",2009
1057,11.4439623054732,"Zhong2025",2009
1058,38.4040752125678,"Zhong2025",2009
1059,0.124687831684457,"Zhong2025",2009
1060,0,"Zhong2025",2009
1061,10.3687030852689,"Zhong2025",2009
1062,39.4990180847121,"Zhong2025",2009
1063,11.0609275635793,"Zhong2025",2009
1064,0.347907888484546,"Zhong2025",2009
1065,3.08919484505539,"Zhong2025",2009
1066,1.17103742806631,"Zhong2025",2009
1067,0.617720154108423,"Zhong2025",2009
1068,1.65478778485039,"Zhong2025",2009
1069,0.123331172425718,"Zhong2025",2009
1070,1.64213841839749,"Zhong2025",2009
1071,8.06142356815596,"Zhong2025",2009
1072,1.62389857726043,"Zhong2025",2009
1073,0.553150167848944,"Zhong2025",2009
1074,5.50310753610945,"Zhong2025",2009
1075,1.01197925625194,"Zhong2025",2009
1076,0.999215889467953,"Zhong2025",2009
1077,0.270074426249385,"Zhong2025",2009
1078,19.0956493813059,"Zhong2025",2009
1079,3.37613435689662,"Zhong2025",2009
1080,21.2967260398117,"Zhong2025",2009
1081,7.72504399355712,"Zhong2025",2009
1082,6.42483111493871,"Zhong2025",2009
1083,1.34672753680606,"Zhong2025",2009
1084,7.81538042529658,"Zhong2025",2009
1085,4.71471253121701,"Zhong2025",2009
1086,5.09291775979904,"Zhong2025",2009
1087,7.85770227493463,"Zhong2025",2009
1088,22.0762177458349,"Zhong2025",2009
1089,0.110716851457583,"Zhong2025",2009
1090,0.692520078331454,"Zhong2025",2009
1091,2.27379512458471,"Zhong2025",2009
1092,5.62643302494371,"Zhong2025",2009
1093,7.44354165938415,"Zhong2025",2009
1094,0.180831841179436,"Zhong2025",2009
1095,3.86164435939947,"Zhong2025",2009
1096,15.5598783822641,"Zhong2025",2009
1097,0.0538693405879028,"Zhong2025",2009
1098,0,"Zhong2025",2009
1099,0.816007380073777,"Zhong2025",2009
1100,8.19087505967605,"Zhong2025",2009
1101,0.598958785283228,"Zhong2025",2009
1102,3.36777234592458,"Zhong2025",2009
1103,0.672431692649782,"Zhong2025",2009
1104,6.31269307685244,"Zhong2025",2009
1105,1.40161533635826,"Zhong2025",2009
1106,4.66953489495175,"Zhong2025",2009
1107,1.49688047492427,"Zhong2025",2009
1108,0.642267392927846,"Zhong2025",2009
1109,2.61985328418323,"Zhong2025",2009
1110,1.04137687982887,"Zhong2025",2009
1111,2.90496806977909,"Zhong2025",2009
1112,27.1744683972111,"Zhong2025",2009
1113,33.2052750060307,"Zhong2025",2009
1114,53.66760576339,"Zhong2025",2009
1115,28.3885297251272,"Zhong2025",2009
1116,40.0418051238609,"Zhong2025",2009
1117,18.4918976380275,"Zhong2025",2009
1118,28.9180297208304,"Zhong2025",2009
1119,1.39366170623424,"Zhong2025",2009
1120,6.24334846272901,"Zhong2025",2009
1121,53.4394164085388,"Zhong2025",2009
1122,50.8559580351177,"Zhong2025",2009
1,1.53442291997729,"Zhong2025",2010
2,0.0769409216354015,"Zhong2025",2010
3,0.104171519341737,"Zhong2025",2010
4,0.347611075015096,"Zhong2025",2010
5,0.174220324764888,"Zhong2025",2010
6,0.126058838532239,"Zhong2025",2010
7,0,"Zhong2025",2010
8,0.092927683358554,"Zhong2025",2010
9,0.0815492385638958,"Zhong2025",2010
10,0.050871373256368,"Zhong2025",2010
11,0.0233200251389488,"Zhong2025",2010
12,0.0282381214908649,"Zhong2025",2010
13,0.00651259628988179,"Zhong2025",2010
14,0.037649922567594,"Zhong2025",2010
15,0.413430884349304,"Zhong2025",2010
16,0.0612386295968796,"Zhong2025",2010
17,15.6925193398938,"Zhong2025",2010
18,0.357466774121408,"Zhong2025",2010
19,0.340683466025858,"Zhong2025",2010
20,0.280061047450915,"Zhong2025",2010
21,0.359208853358553,"Zhong2025",2010
22,2.17525071332123,"Zhong2025",2010
23,2.8944604991344,"Zhong2025",2010
24,2.48740274472994,"Zhong2025",2010
25,6.33467521085173,"Zhong2025",2010
26,5.15287143613548,"Zhong2025",2010
27,1.01944225546667,"Zhong2025",2010
28,14.4199701913513,"Zhong2025",2010
29,0.597129199366038,"Zhong2025",2010
30,0.346458142133136,"Zhong2025",2010
31,0.688370134427466,"Zhong2025",2010
32,0.0212093114408923,"Zhong2025",2010
33,0.354004692779231,"Zhong2025",2010
34,10.3436467605194,"Zhong2025",2010
35,1.12962892740853,"Zhong2025",2010
36,11.5061124466561,"Zhong2025",2010
37,0.102673526913055,"Zhong2025",2010
38,0.64697244682855,"Zhong2025",2010
39,0.232403614986141,"Zhong2025",2010
40,13.984152572406,"Zhong2025",2010
41,20.7851452580814,"Zhong2025",2010
42,0.565137281266818,"Zhong2025",2010
43,1.9046186958575,"Zhong2025",2010
44,0,"Zhong2025",2010
45,8.79548529564896,"Zhong2025",2010
46,2.78467292796653e-05,"Zhong2025",2010
47,1.6379210678104,"Zhong2025",2010
48,1.32839669516666,"Zhong2025",2010
49,2.07830282948116,"Zhong2025",2010
50,0.257862366950449,"Zhong2025",2010
51,8.38999451914936,"Zhong2025",2010
52,1.53575889602285,"Zhong2025",2010
53,1.73258331913242,"Zhong2025",2010
54,0.377999844509998,"Zhong2025",2010
55,0.0598901126048081,"Zhong2025",2010
56,0,"Zhong2025",2010
57,0,"Zhong2025",2010
58,19.1650466237749,"Zhong2025",2010
59,39.1110187815805,"Zhong2025",2010
60,15.1745700877288,"Zhong2025",2010
61,6.93623621503272,"Zhong2025",2010
62,3.66893052866584,"Zhong2025",2010
63,6.09536466331827,"Zhong2025",2010
64,7.41899107033072,"Zhong2025",2010
65,9.05356720056237,"Zhong2025",2010
66,2.92130623099398,"Zhong2025",2010
67,26.6835652385329,"Zhong2025",2010
68,18.0791703981298,"Zhong2025",2010
69,2.19866589410947,"Zhong2025",2010
70,1.55708478288518,"Zhong2025",2010
71,10.7083116797972,"Zhong2025",2010
72,3.40494296394622,"Zhong2025",2010
73,7.36987036837358,"Zhong2025",2010
74,6.45888563569012,"Zhong2025",2010
75,13.5650901016067,"Zhong2025",2010
76,14.0119622744047,"Zhong2025",2010
77,7.0337344315919,"Zhong2025",2010
78,18.2524251647863,"Zhong2025",2010
79,9.46418876983526,"Zhong2025",2010
80,10.9172488924575,"Zhong2025",2010
81,6.67433074944549,"Zhong2025",2010
82,10.7814506428582,"Zhong2025",2010
83,10.7332220674251,"Zhong2025",2010
84,3.63812398030538,"Zhong2025",2010
85,6.71075060268644,"Zhong2025",2010
86,4.22538298393405,"Zhong2025",2010
87,6.47226321290751,"Zhong2025",2010
88,13.9883673667908,"Zhong2025",2010
89,2.53137638751101,"Zhong2025",2010
90,9.98518263792791,"Zhong2025",2010
91,8.87176239351083,"Zhong2025",2010
92,34.8269999488061,"Zhong2025",2010
93,9.23110792527453,"Zhong2025",2010
94,5.38519989718556,"Zhong2025",2010
95,14.7540159812124,"Zhong2025",2010
96,10.9168871316707,"Zhong2025",2010
97,11.1314977339782,"Zhong2025",2010
98,1.55251431421275,"Zhong2025",2010
99,6.92000688387327,"Zhong2025",2010
100,1.3420203145684,"Zhong2025",2010
101,1.70618378337656,"Zhong2025",2010
102,2.67346679419279,"Zhong2025",2010
103,1.24429761944916,"Zhong2025",2010
104,5.1859248112699,"Zhong2025",2010
105,0.212540307957115,"Zhong2025",2010
106,2.38611947029979,"Zhong2025",2010
107,0.324296310628201,"Zhong2025",2010
108,0.536073922190494,"Zhong2025",2010
109,3.07971932904118,"Zhong2025",2010
110,0.435343179494971,"Zhong2025",2010
111,0.643829496911505,"Zhong2025",2010
112,0.0532410982797116,"Zhong2025",2010
113,0.0334003806050822,"Zhong2025",2010
114,6.20760585892768,"Zhong2025",2010
115,0.0422881759466633,"Zhong2025",2010
116,0.308577689306654,"Zhong2025",2010
117,0.903839284381489,"Zhong2025",2010
118,3.4804210698475,"Zhong2025",2010
119,0,"Zhong2025",2010
120,0.29773351733099,"Zhong2025",2010
121,0.839079933930497,"Zhong2025",2010
122,0,"Zhong2025",2010
123,7.13506488699247,"Zhong2025",2010
124,0.717272018337779,"Zhong2025",2010
125,2.31997460391252,"Zhong2025",2010
126,5.51001340813107,"Zhong2025",2010
127,1.20639930901271,"Zhong2025",2010
128,7.1196860651758,"Zhong2025",2010
129,4.85192484236681,"Zhong2025",2010
130,6.9446424119016,"Zhong2025",2010
131,12.7945284358526,"Zhong2025",2010
132,1.48130720027097,"Zhong2025",2010
133,1.80009401036847,"Zhong2025",2010
134,2.1263777570592,"Zhong2025",2010
135,0.692635786894507,"Zhong2025",2010
136,4.99045053538349,"Zhong2025",2010
137,7.98346260070801,"Zhong2025",2010
138,2.27144916613515,"Zhong2025",2010
139,2.17510241288386,"Zhong2025",2010
140,1.03862284621621,"Zhong2025",2010
141,2.62502301497418,"Zhong2025",2010
142,5.27495151803197,"Zhong2025",2010
143,0.48670243781805,"Zhong2025",2010
144,0.18719684081978,"Zhong2025",2010
145,5.93955064905083,"Zhong2025",2010
146,0.514900349054512,"Zhong2025",2010
147,2.63799249290306,"Zhong2025",2010
148,0,"Zhong2025",2010
149,2.16746773483209,"Zhong2025",2010
150,3.55753676254174,"Zhong2025",2010
151,0.999329992687297,"Zhong2025",2010
152,0.548848698464569,"Zhong2025",2010
153,3.51802955135078,"Zhong2025",2010
154,5.0812482958287,"Zhong2025",2010
155,2.3443873539136,"Zhong2025",2010
156,0,"Zhong2025",2010
157,7.88067697286606,"Zhong2025",2010
158,1.19812490370344,"Zhong2025",2010
159,2.1165665182574,"Zhong2025",2010
160,1.8988808365216,"Zhong2025",2010
161,0.72068234685824,"Zhong2025",2010
162,0,"Zhong2025",2010
163,0.0867165367117312,"Zhong2025",2010
164,0.158425701400948,"Zhong2025",2010
165,0.0284925728533214,"Zhong2025",2010
166,0.00599493116074285,"Zhong2025",2010
167,0.0691150805834101,"Zhong2025",2010
168,0.0196870340845465,"Zhong2025",2010
169,0.0202738243217365,"Zhong2025",2010
170,0,"Zhong2025",2010
171,0,"Zhong2025",2010
172,0,"Zhong2025",2010
173,0.191778188046179,"Zhong2025",2010
174,0.0172480413502236,"Zhong2025",2010
175,0,"Zhong2025",2010
176,0,"Zhong2025",2010
177,0.0389610026730126,"Zhong2025",2010
178,0,"Zhong2025",2010
179,0,"Zhong2025",2010
180,0.0324251282942873,"Zhong2025",2010
181,0.00244245166545404,"Zhong2025",2010
182,0,"Zhong2025",2010
183,0,"Zhong2025",2010
184,0,"Zhong2025",2010
185,0,"Zhong2025",2010
186,0.0190605834353602,"Zhong2025",2010
187,0.142954547684252,"Zhong2025",2010
188,0.00763575398905195,"Zhong2025",2010
189,0.00296048069462747,"Zhong2025",2010
190,5.71643750357527,"Zhong2025",2010
191,9.94420111015877,"Zhong2025",2010
192,0.0527421946342035,"Zhong2025",2010
193,0,"Zhong2025",2010
194,0.860773676734718,"Zhong2025",2010
195,1.65609310705711,"Zhong2025",2010
196,0.217551870277986,"Zhong2025",2010
197,0.321200352735802,"Zhong2025",2010
198,0.581864142835113,"Zhong2025",2010
199,0,"Zhong2025",2010
200,0.507829577286873,"Zhong2025",2010
201,0.0798711790914262,"Zhong2025",2010
202,0.278823007554135,"Zhong2025",2010
203,0.0644347097676812,"Zhong2025",2010
204,3.74785627801752,"Zhong2025",2010
205,0.367744296169284,"Zhong2025",2010
206,1.24222826848336,"Zhong2025",2010
207,0.063904845347002,"Zhong2025",2010
208,0.097084672292386,"Zhong2025",2010
209,0.174280994108747,"Zhong2025",2010
210,0.000750348888649928,"Zhong2025",2010
211,0,"Zhong2025",2010
212,0,"Zhong2025",2010
213,0,"Zhong2025",2010
214,0,"Zhong2025",2010
215,0,"Zhong2025",2010
216,0,"Zhong2025",2010
217,0.0023329801796208,"Zhong2025",2010
218,0,"Zhong2025",2010
219,0,"Zhong2025",2010
220,0.0151612777631308,"Zhong2025",2010
221,0.00231569564071039,"Zhong2025",2010
222,0,"Zhong2025",2010
223,0,"Zhong2025",2010
224,0,"Zhong2025",2010
225,0.00282602873626016,"Zhong2025",2010
226,0.0739321709583016,"Zhong2025",2010
227,0.0117542528617706,"Zhong2025",2010
228,0.0110161582409443,"Zhong2025",2010
229,0.00635356624101844,"Zhong2025",2010
230,20.7514684280269,"Zhong2025",2010
231,2.96767895834479,"Zhong2025",2010
232,5.16578550559199,"Zhong2025",2010
233,0.32280673317098,"Zhong2025",2010
234,6.31401241978532,"Zhong2025",2010
235,10.8427111440235,"Zhong2025",2010
236,4.42955905467702,"Zhong2025",2010
237,5.44269718646362,"Zhong2025",2010
238,4.93492751545433,"Zhong2025",2010
239,4.31176954375045,"Zhong2025",2010
240,16.3435911630329,"Zhong2025",2010
241,8.96344713033256,"Zhong2025",2010
242,3.24300914623309,"Zhong2025",2010
243,10.6409603221608,"Zhong2025",2010
244,2.12766656118388,"Zhong2025",2010
245,10.4959807925754,"Zhong2025",2010
246,5.8795932230468,"Zhong2025",2010
247,0.836350588543655,"Zhong2025",2010
248,11.5818585408852,"Zhong2025",2010
249,8.66574668183046,"Zhong2025",2010
250,0.530897308848564,"Zhong2025",2010
251,1.93062632292746,"Zhong2025",2010
252,10.1067314769911,"Zhong2025",2010
253,1.49615568315699,"Zhong2025",2010
254,16.7413500446384,"Zhong2025",2010
255,3.41379814600139,"Zhong2025",2010
256,5.66176677930469,"Zhong2025",2010
257,33.6058982794847,"Zhong2025",2010
258,7.88359983577285,"Zhong2025",2010
259,16.6895870829956,"Zhong2025",2010
260,30.0820807615916,"Zhong2025",2010
261,4.98117597967947,"Zhong2025",2010
262,12.9186625396256,"Zhong2025",2010
263,1.57113160683857,"Zhong2025",2010
264,16.2056870616001,"Zhong2025",2010
265,13.2853394641152,"Zhong2025",2010
266,2.00848106813545,"Zhong2025",2010
267,17.2783317999406,"Zhong2025",2010
268,4.68237723765018,"Zhong2025",2010
269,23.0733866553104,"Zhong2025",2010
270,4.82795881013716,"Zhong2025",2010
271,11.5641242208935,"Zhong2025",2010
272,8.16962386937218,"Zhong2025",2010
273,48.2055831220415,"Zhong2025",2010
274,8.03626256067062,"Zhong2025",2010
275,5.902204708033,"Zhong2025",2010
276,16.3437780492446,"Zhong2025",2010
277,12.5461138120064,"Zhong2025",2010
278,0.596331924103483,"Zhong2025",2010
279,0.2612524063565,"Zhong2025",2010
280,10.0867063230482,"Zhong2025",2010
281,7.85966046992038,"Zhong2025",2010
282,5.52822277624861,"Zhong2025",2010
283,47.9348515287154,"Zhong2025",2010
284,6.54968688690237,"Zhong2025",2010
285,0.249369919724966,"Zhong2025",2010
286,0.341466186342761,"Zhong2025",2010
287,0.423067780298454,"Zhong2025",2010
288,1.1263332048008,"Zhong2025",2010
289,3.57454197135909,"Zhong2025",2010
290,40.2577886824395,"Zhong2025",2010
291,1.4282631268184,"Zhong2025",2010
292,18.3732586741997,"Zhong2025",2010
293,5.08762714126482,"Zhong2025",2010
294,0.621564367174869,"Zhong2025",2010
295,0.439135557630798,"Zhong2025",2010
296,0.363043242043122,"Zhong2025",2010
297,2.45246884420825,"Zhong2025",2010
298,0.767528456438883,"Zhong2025",2010
299,2.45408081957699,"Zhong2025",2010
300,15.372073319379,"Zhong2025",2010
301,4.05935667103754,"Zhong2025",2010
302,1.06935592077344,"Zhong2025",2010
303,21.5828556961483,"Zhong2025",2010
304,1.37374779747388,"Zhong2025",2010
305,0,"Zhong2025",2010
306,3.23629640266439,"Zhong2025",2010
307,1.0987337681662,"Zhong2025",2010
308,1.92863838854647,"Zhong2025",2010
309,1.03182649125894,"Zhong2025",2010
310,2.86896795314999,"Zhong2025",2010
311,0.737218985238518,"Zhong2025",2010
312,6.80950822979212,"Zhong2025",2010
313,0.77638992310276,"Zhong2025",2010
314,5.6889195083015,"Zhong2025",2010
315,0.454199886468228,"Zhong2025",2010
316,0.0115172112683104,"Zhong2025",2010
317,1.31412891600671,"Zhong2025",2010
318,1.03115026587407,"Zhong2025",2010
319,6.97190926349003,"Zhong2025",2010
320,4.19686612856388,"Zhong2025",2010
321,0.665440475032915,"Zhong2025",2010
322,5.88940336251596,"Zhong2025",2010
323,6.93711922911016,"Zhong2025",2010
324,1.41251969258995,"Zhong2025",2010
325,0.60752691645868,"Zhong2025",2010
326,17.9866375387385,"Zhong2025",2010
327,4.37049475189392,"Zhong2025",2010
328,3.27718464113851,"Zhong2025",2010
329,9.53004092007007,"Zhong2025",2010
330,1.16448209442274,"Zhong2025",2010
331,8.59338990085655,"Zhong2025",2010
332,44.177342581749,"Zhong2025",2010
333,3.70447804220021,"Zhong2025",2010
334,0.565232586659342,"Zhong2025",2010
335,7.01973357569262,"Zhong2025",2010
336,9.83221159113168,"Zhong2025",2010
337,46.787226904684,"Zhong2025",2010
338,4.75131361056515,"Zhong2025",2010
339,2.75079125145636,"Zhong2025",2010
340,4.73218729068321,"Zhong2025",2010
341,11.3613318114852,"Zhong2025",2010
342,1.78690789893634,"Zhong2025",2010
343,1.62575309041953,"Zhong2025",2010
344,2.27860299087349,"Zhong2025",2010
345,9.65087429307922,"Zhong2025",2010
346,4.68232572371023,"Zhong2025",2010
347,4.87449302697423,"Zhong2025",2010
348,0.584395190725397,"Zhong2025",2010
349,0.691098118991185,"Zhong2025",2010
350,0.96846739830087,"Zhong2025",2010
351,20.7383045843669,"Zhong2025",2010
352,0.313623938976863,"Zhong2025",2010
353,9.52699331377373,"Zhong2025",2010
354,1.56244796077602,"Zhong2025",2010
355,4.5723845849796,"Zhong2025",2010
356,0.677707253611409,"Zhong2025",2010
357,11.5312631958199,"Zhong2025",2010
358,0.587649922346075,"Zhong2025",2010
359,1.28684767120307,"Zhong2025",2010
360,1.34467319934456,"Zhong2025",2010
361,12.8047140161675,"Zhong2025",2010
362,0.537231113781374,"Zhong2025",2010
363,1.95833529599418,"Zhong2025",2010
364,0.547485053859044,"Zhong2025",2010
365,2.65483835507795,"Zhong2025",2010
366,0.35406535769075,"Zhong2025",2010
367,48.6656877719439,"Zhong2025",2010
368,17.7238089583727,"Zhong2025",2010
369,0.60394065037253,"Zhong2025",2010
370,4.85245811306908,"Zhong2025",2010
371,3.13380679229314,"Zhong2025",2010
372,1.05495599347665,"Zhong2025",2010
373,7.1174843389737,"Zhong2025",2010
374,0.143148203552873,"Zhong2025",2010
375,13.802083150033,"Zhong2025",2010
376,4.27958359035353,"Zhong2025",2010
377,0.501413544099722,"Zhong2025",2010
378,0.478686990253627,"Zhong2025",2010
379,0.650923641253553,"Zhong2025",2010
380,0.114087917589183,"Zhong2025",2010
381,10.4773696243763,"Zhong2025",2010
382,25.6799579232426,"Zhong2025",2010
383,0.815533731289116,"Zhong2025",2010
384,1.71247243323242,"Zhong2025",2010
385,12.865356400863,"Zhong2025",2010
386,10.0545143529511,"Zhong2025",2010
387,30.8627050751022,"Zhong2025",2010
388,5.16816882244268,"Zhong2025",2010
389,3.64689518646115,"Zhong2025",2010
390,62.8484275817871,"Zhong2025",2010
391,5.69840848351282,"Zhong2025",2010
392,11.3685213886509,"Zhong2025",2010
393,7.5072724542684,"Zhong2025",2010
394,30.5151631407943,"Zhong2025",2010
395,4.33388593585955,"Zhong2025",2010
396,3.06849885287959,"Zhong2025",2010
397,2.63050284881119,"Zhong2025",2010
398,37.6746650392359,"Zhong2025",2010
399,0.118977000296188,"Zhong2025",2010
400,0.255603158577834,"Zhong2025",2010
401,0.0982509407829798,"Zhong2025",2010
402,0.245503201194868,"Zhong2025",2010
403,0,"Zhong2025",2010
404,0.00616583330951469,"Zhong2025",2010
405,6.7400281780599,"Zhong2025",2010
406,0.0224090781110082,"Zhong2025",2010
407,0.522040326954442,"Zhong2025",2010
408,0.205581685841522,"Zhong2025",2010
409,0,"Zhong2025",2010
410,0.175594408427496,"Zhong2025",2010
411,0,"Zhong2025",2010
412,0.112833995430512,"Zhong2025",2010
413,0.00397828594564184,"Zhong2025",2010
414,0.0023397791820105,"Zhong2025",2010
415,0.0953742148877497,"Zhong2025",2010
416,0,"Zhong2025",2010
417,0.359061242606152,"Zhong2025",2010
418,0.447497468155164,"Zhong2025",2010
419,0.178545098387213,"Zhong2025",2010
420,0,"Zhong2025",2010
421,0.206081380806944,"Zhong2025",2010
422,0,"Zhong2025",2010
423,0,"Zhong2025",2010
424,0,"Zhong2025",2010
425,0,"Zhong2025",2010
426,0.0966541635740715,"Zhong2025",2010
427,0,"Zhong2025",2010
428,0,"Zhong2025",2010
429,0.336645099068327,"Zhong2025",2010
430,0.175930579464466,"Zhong2025",2010
431,0,"Zhong2025",2010
432,0,"Zhong2025",2010
433,0.254759698889113,"Zhong2025",2010
434,0.0707242012118612,"Zhong2025",2010
435,0.959471363634352,"Zhong2025",2010
436,0.717733179851399,"Zhong2025",2010
437,3.84571621897793,"Zhong2025",2010
438,0.587236726670933,"Zhong2025",2010
439,1.07146946531628,"Zhong2025",2010
440,0.550027471302406,"Zhong2025",2010
441,14.5804360630643,"Zhong2025",2010
442,1.02596172690392,"Zhong2025",2010
443,5.02012811428102,"Zhong2025",2010
444,5.21818914312106,"Zhong2025",2010
445,7.34849101932425,"Zhong2025",2010
446,2.73136881154018,"Zhong2025",2010
447,4.38823809046978,"Zhong2025",2010
448,1.44024559111366,"Zhong2025",2010
449,5.34722606221383,"Zhong2025",2010
450,2.27729167402958,"Zhong2025",2010
451,2.25624801011704,"Zhong2025",2010
452,1.16071015553172,"Zhong2025",2010
453,0.505481751204186,"Zhong2025",2010
454,7.40120193409541,"Zhong2025",2010
455,5.02913694372027,"Zhong2025",2010
456,9.27636501717974,"Zhong2025",2010
457,8.88265588991519,"Zhong2025",2010
458,2.6875615614422,"Zhong2025",2010
459,3.42297399689897,"Zhong2025",2010
460,1.42540157401421,"Zhong2025",2010
461,4.86002569691808,"Zhong2025",2010
462,9.15368608070602,"Zhong2025",2010
463,0.973082356026202,"Zhong2025",2010
464,2.28276327415085,"Zhong2025",2010
465,0.973720689863705,"Zhong2025",2010
466,0.506325696667711,"Zhong2025",2010
467,57.9057542986986,"Zhong2025",2010
468,23.5912684047495,"Zhong2025",2010
469,9.96380948317903,"Zhong2025",2010
470,7.37114271376696,"Zhong2025",2010
471,33.8728191466559,"Zhong2025",2010
472,7.79237232186267,"Zhong2025",2010
473,7.20784726899583,"Zhong2025",2010
474,35.4253233487789,"Zhong2025",2010
475,3.64455757351942,"Zhong2025",2010
476,13.4271934616322,"Zhong2025",2010
477,2.25388417545873,"Zhong2025",2010
478,15.9697676621951,"Zhong2025",2010
479,7.0043787651472,"Zhong2025",2010
480,39.8292605082194,"Zhong2025",2010
481,4.56108096388963,"Zhong2025",2010
482,34.6407826809173,"Zhong2025",2010
483,10.9442006906155,"Zhong2025",2010
484,4.58653448770444,"Zhong2025",2010
485,20.4696950000875,"Zhong2025",2010
486,54.8760883037861,"Zhong2025",2010
487,10.7456433909635,"Zhong2025",2010
488,11.8120422265469,"Zhong2025",2010
489,8.60180404137533,"Zhong2025",2010
490,21.6711763522854,"Zhong2025",2010
491,0.16503919790447,"Zhong2025",2010
492,0.405162872735018,"Zhong2025",2010
493,0.329101267910789,"Zhong2025",2010
494,5.66892625332032,"Zhong2025",2010
495,2.49072736456204,"Zhong2025",2010
496,0.363281307563056,"Zhong2025",2010
497,3.52166583039884,"Zhong2025",2010
498,1.39946293917057,"Zhong2025",2010
499,12.0971464885192,"Zhong2025",2010
500,0.7386765037036,"Zhong2025",2010
501,8.44033048965119,"Zhong2025",2010
502,2.22440559084513,"Zhong2025",2010
503,0.867282141455447,"Zhong2025",2010
504,1.16003902334189,"Zhong2025",2010
505,3.02113092930246,"Zhong2025",2010
506,1.21997096427027,"Zhong2025",2010
507,3.51765665379989,"Zhong2025",2010
508,0.00682003785528847,"Zhong2025",2010
509,1.83223616180476,"Zhong2025",2010
510,0.342356879460116,"Zhong2025",2010
511,0.051080399148521,"Zhong2025",2010
512,0.181209475960795,"Zhong2025",2010
513,0.247203166003054,"Zhong2025",2010
514,0.375339248636425,"Zhong2025",2010
515,3.69961460523827,"Zhong2025",2010
516,3.02779266372831,"Zhong2025",2010
517,2.43239534496984,"Zhong2025",2010
518,0.143903789744771,"Zhong2025",2010
519,2.25669353580789,"Zhong2025",2010
520,0.899446613250016,"Zhong2025",2010
521,0.250156658723867,"Zhong2025",2010
522,5.49462330147871,"Zhong2025",2010
523,10.2278332827281,"Zhong2025",2010
524,0.180617227041385,"Zhong2025",2010
525,0.226771933617643,"Zhong2025",2010
526,2.59021826494153,"Zhong2025",2010
527,2.72311034554503,"Zhong2025",2010
528,0.0856063746145846,"Zhong2025",2010
529,21.2923728238502,"Zhong2025",2010
530,9.81299030706657,"Zhong2025",2010
531,5.48626591416227,"Zhong2025",2010
532,1.48993004626852,"Zhong2025",2010
533,1.3189937606483,"Zhong2025",2010
534,2.55347414873391,"Zhong2025",2010
535,0.607468769815638,"Zhong2025",2010
536,2.94645443633496,"Zhong2025",2010
537,1.86974829227074,"Zhong2025",2010
538,1.8430264788666,"Zhong2025",2010
539,4.20803535408249,"Zhong2025",2010
540,5.56790401009636,"Zhong2025",2010
541,6.66057626662564,"Zhong2025",2010
542,1.45036015706397,"Zhong2025",2010
543,5.77404121396845,"Zhong2025",2010
544,2.58168443871585,"Zhong2025",2010
545,1.50999610430652,"Zhong2025",2010
546,2.30807946829518,"Zhong2025",2010
547,2.4721339722701,"Zhong2025",2010
548,2.31804346132273,"Zhong2025",2010
549,1.38826879817832,"Zhong2025",2010
550,1.61765408285614,"Zhong2025",2010
551,2.72675462103199,"Zhong2025",2010
552,1.53266370145842,"Zhong2025",2010
553,1.98983415924359,"Zhong2025",2010
554,2.14222116731009,"Zhong2025",2010
555,0.411578260896341,"Zhong2025",2010
556,1.17264431444589,"Zhong2025",2010
557,4.74017533933995,"Zhong2025",2010
558,6.51588290571333,"Zhong2025",2010
559,4.29076270584668,"Zhong2025",2010
560,2.2008172320202,"Zhong2025",2010
561,4.65001628606698,"Zhong2025",2010
562,15.9367544312459,"Zhong2025",2010
563,2.93637324065171,"Zhong2025",2010
564,1.96380452386671,"Zhong2025",2010
565,6.01988974315443,"Zhong2025",2010
566,1.24810438360311,"Zhong2025",2010
567,7.0970449375351,"Zhong2025",2010
568,0.588462216699862,"Zhong2025",2010
569,2.22376484219916,"Zhong2025",2010
570,0.288220061766265,"Zhong2025",2010
571,2.82318444907926,"Zhong2025",2010
572,1.23451858164168,"Zhong2025",2010
573,1.59949970381561,"Zhong2025",2010
574,1.19490340461174,"Zhong2025",2010
575,1.05119672615663,"Zhong2025",2010
576,3.62644903883288,"Zhong2025",2010
577,0.707599014155501,"Zhong2025",2010
578,2.31789873471531,"Zhong2025",2010
579,1.21177817267488,"Zhong2025",2010
580,3.79841538822608,"Zhong2025",2010
581,1.65735787929087,"Zhong2025",2010
582,0.477380098101726,"Zhong2025",2010
583,0.279979288641174,"Zhong2025",2010
584,1.07669834497855,"Zhong2025",2010
585,1.15570753182301,"Zhong2025",2010
586,1.10615174482163,"Zhong2025",2010
587,1.02267703670114,"Zhong2025",2010
588,0.165412259241425,"Zhong2025",2010
589,2.6996379518336,"Zhong2025",2010
590,1.43958294882399,"Zhong2025",2010
591,3.26060074993174,"Zhong2025",2010
592,0.490916347012748,"Zhong2025",2010
593,0.26941201187706,"Zhong2025",2010
594,7.57492246962823,"Zhong2025",2010
595,0.949743173629017,"Zhong2025",2010
596,0.217903748620301,"Zhong2025",2010
597,8.98578443331253,"Zhong2025",2010
598,1.23987272896687,"Zhong2025",2010
599,2.85213557449845,"Zhong2025",2010
600,1.43556084158759,"Zhong2025",2010
601,4.3544161371776,"Zhong2025",2010
602,1.95304619120718,"Zhong2025",2010
603,24.0128667117707,"Zhong2025",2010
604,3.01167728051123,"Zhong2025",2010
605,1.54304457665102,"Zhong2025",2010
606,4.80105365255325,"Zhong2025",2010
607,9.19559106219288,"Zhong2025",2010
608,18.885978658994,"Zhong2025",2010
609,3.63970326075609,"Zhong2025",2010
610,1.12472195253133,"Zhong2025",2010
611,1.99701753200565,"Zhong2025",2010
612,0.521477364915578,"Zhong2025",2010
613,2.91870299019513,"Zhong2025",2010
614,5.88893073114836,"Zhong2025",2010
615,0.576652362888925,"Zhong2025",2010
616,2.92941838046001,"Zhong2025",2010
617,4.84884983989532,"Zhong2025",2010
618,12.5122568970345,"Zhong2025",2010
619,0.32344373779235,"Zhong2025",2010
620,6.27970213950846,"Zhong2025",2010
621,2.48433764097646,"Zhong2025",2010
622,2.07178769698417,"Zhong2025",2010
623,6.45604967541547,"Zhong2025",2010
624,4.02185377746996,"Zhong2025",2010
625,0.369596376704673,"Zhong2025",2010
626,5.55943110132447,"Zhong2025",2010
627,7.59355839809692,"Zhong2025",2010
628,11.6499495108719,"Zhong2025",2010
629,43.8065432442559,"Zhong2025",2010
630,12.0432160418967,"Zhong2025",2010
631,0.728626303283262,"Zhong2025",2010
632,0.0423217132315814,"Zhong2025",2010
633,0.0352561608378746,"Zhong2025",2010
634,2.66398007007246,"Zhong2025",2010
635,0.214366246640303,"Zhong2025",2010
636,2.87771163214076,"Zhong2025",2010
637,0.235504632633706,"Zhong2025",2010
638,28.1973088309169,"Zhong2025",2010
639,2.07443281527488,"Zhong2025",2010
640,0.600198134456828,"Zhong2025",2010
641,2.04510305612667,"Zhong2025",2010
642,1.69586509786719,"Zhong2025",2010
643,1.4362031673303,"Zhong2025",2010
644,0.508106158514108,"Zhong2025",2010
645,1.51464345982719,"Zhong2025",2010
646,7.30665868871352,"Zhong2025",2010
647,0.797523960012656,"Zhong2025",2010
648,1.10352418408925,"Zhong2025",2010
649,6.9378291781132,"Zhong2025",2010
650,3.66146152604509,"Zhong2025",2010
651,0,"Zhong2025",2010
652,3.20806211827026,"Zhong2025",2010
653,1.47796100863609,"Zhong2025",2010
654,11.9109693397393,"Zhong2025",2010
655,0.134402808797109,"Zhong2025",2010
656,1.15083160399721,"Zhong2025",2010
657,5.7496840256565,"Zhong2025",2010
658,3.80624648959686,"Zhong2025",2010
659,6.0258270942352,"Zhong2025",2010
660,0,"Zhong2025",2010
661,9.36112663053697,"Zhong2025",2010
662,0.17113791439427,"Zhong2025",2010
663,2.52384693731243,"Zhong2025",2010
664,0.165115816252572,"Zhong2025",2010
665,0.771730462222179,"Zhong2025",2010
666,1.17017492443644,"Zhong2025",2010
667,0.0686393673087304,"Zhong2025",2010
668,3.05384353185457,"Zhong2025",2010
669,0.936193762211826,"Zhong2025",2010
670,0.136248241056943,"Zhong2025",2010
671,2.13697464757593,"Zhong2025",2010
672,15.6945630019265,"Zhong2025",2010
673,5.47850962274618,"Zhong2025",2010
674,1.01948968208445,"Zhong2025",2010
675,5.92802824549116,"Zhong2025",2010
676,2.60423613919152,"Zhong2025",2010
677,0.345359906476905,"Zhong2025",2010
678,1.13443764513014,"Zhong2025",2010
679,6.91849064272504,"Zhong2025",2010
680,5.14259021018827,"Zhong2025",2010
681,3.20069792361317,"Zhong2025",2010
682,0,"Zhong2025",2010
683,13.5845231107911,"Zhong2025",2010
684,0.765283105739084,"Zhong2025",2010
685,1.55026404331247,"Zhong2025",2010
686,8.06582043649171,"Zhong2025",2010
687,7.53933862143237,"Zhong2025",2010
688,1.06948541606898,"Zhong2025",2010
689,1.47865095415689,"Zhong2025",2010
690,3.28366618307096,"Zhong2025",2010
691,1.75373047462587,"Zhong2025",2010
692,18.5549164480633,"Zhong2025",2010
693,2.45449976078593,"Zhong2025",2010
694,7.23226382391793,"Zhong2025",2010
695,6.05648418394073,"Zhong2025",2010
696,0.324959792547684,"Zhong2025",2010
697,7.49669800718364,"Zhong2025",2010
698,0.738609508492088,"Zhong2025",2010
699,0.290227520911555,"Zhong2025",2010
700,2.94711995717759,"Zhong2025",2010
701,0.484234557313517,"Zhong2025",2010
702,4.19897449362105,"Zhong2025",2010
703,6.46515776410633,"Zhong2025",2010
704,16.7206609125795,"Zhong2025",2010
705,1.73265623902452,"Zhong2025",2010
706,33.8106920367382,"Zhong2025",2010
707,5.60069627314806,"Zhong2025",2010
708,7.40163783800034,"Zhong2025",2010
709,0.193172834903002,"Zhong2025",2010
710,5.49070367049163,"Zhong2025",2010
711,0.115492460787551,"Zhong2025",2010
712,8.80213952505514,"Zhong2025",2010
713,0.0536129621167978,"Zhong2025",2010
714,3.14615783422458,"Zhong2025",2010
715,0.347621652433712,"Zhong2025",2010
716,0,"Zhong2025",2010
717,2.06681526552925,"Zhong2025",2010
718,2.92474276786952,"Zhong2025",2010
719,2.32273041048147,"Zhong2025",2010
720,0.200206606705704,"Zhong2025",2010
721,2.39936155696901,"Zhong2025",2010
722,5.33189166608182,"Zhong2025",2010
723,11.9867902401555,"Zhong2025",2010
724,0.401720701093259,"Zhong2025",2010
725,5.59536617111277,"Zhong2025",2010
726,0.256445270621087,"Zhong2025",2010
727,0.624257046432019,"Zhong2025",2010
728,2.06765552309125,"Zhong2025",2010
729,0.634194100890489,"Zhong2025",2010
730,6.20649575924789,"Zhong2025",2010
731,0.592853035209928,"Zhong2025",2010
732,9.84769280183883,"Zhong2025",2010
733,1.29801045946869,"Zhong2025",2010
734,0.352316220290959,"Zhong2025",2010
735,0.0255279000340538,"Zhong2025",2010
736,2.21123814615347,"Zhong2025",2010
737,3.60771069134353,"Zhong2025",2010
738,5.98393691711128,"Zhong2025",2010
739,3.25732998135469,"Zhong2025",2010
740,10.9892590840658,"Zhong2025",2010
741,0.394598510521681,"Zhong2025",2010
742,3.33724727004089,"Zhong2025",2010
743,11.5129212591383,"Zhong2025",2010
744,1.18955571989755,"Zhong2025",2010
745,8.8521451105542,"Zhong2025",2010
746,2.65999392431516,"Zhong2025",2010
747,18.07117795336,"Zhong2025",2010
748,2.70747241519746,"Zhong2025",2010
749,0.580018565132234,"Zhong2025",2010
750,1.92822919526462,"Zhong2025",2010
751,1.51937200912033,"Zhong2025",2010
752,13.2047721373068,"Zhong2025",2010
753,0.618699645014623,"Zhong2025",2010
754,0.407441965464888,"Zhong2025",2010
755,4.98558600343287,"Zhong2025",2010
756,3.74458722792347,"Zhong2025",2010
757,0.189516917205765,"Zhong2025",2010
758,0.206053533010433,"Zhong2025",2010
759,0.303933472664005,"Zhong2025",2010
760,0.115419346176998,"Zhong2025",2010
761,12.9875560741799,"Zhong2025",2010
762,15.1370436239612,"Zhong2025",2010
763,13.4831166645837,"Zhong2025",2010
764,11.2256278494422,"Zhong2025",2010
765,3.18835259962114,"Zhong2025",2010
766,6.06118703633547,"Zhong2025",2010
767,13.9877169836135,"Zhong2025",2010
768,0.272569210564983,"Zhong2025",2010
769,16.1904711042132,"Zhong2025",2010
770,49.9229186318137,"Zhong2025",2010
771,0.611820198361977,"Zhong2025",2010
772,9.36172198841714,"Zhong2025",2010
773,1.24667535060511,"Zhong2025",2010
774,1.68456694373645,"Zhong2025",2010
775,9.65220478071998,"Zhong2025",2010
776,9.09059766028598,"Zhong2025",2010
777,6.22580606176385,"Zhong2025",2010
778,14.8027736407928,"Zhong2025",2010
779,54.0622733811201,"Zhong2025",2010
780,7.44331026873712,"Zhong2025",2010
781,19.2187573115031,"Zhong2025",2010
782,0,"Zhong2025",2010
783,30.3459209175337,"Zhong2025",2010
784,1.6950888219952,"Zhong2025",2010
785,3.49645126333945,"Zhong2025",2010
786,53.704168880687,"Zhong2025",2010
787,6.45357186607568,"Zhong2025",2010
788,0.174270874208391,"Zhong2025",2010
789,24.4116730800895,"Zhong2025",2010
790,0.855129844376019,"Zhong2025",2010
791,0.882902686965877,"Zhong2025",2010
792,13.8644291924649,"Zhong2025",2010
793,7.46511018185152,"Zhong2025",2010
794,5.86204660948577,"Zhong2025",2010
795,8.78873128742375,"Zhong2025",2010
796,5.44614406264558,"Zhong2025",2010
797,4.85871538200152,"Zhong2025",2010
798,8.51769628809459,"Zhong2025",2010
799,1.80644464502432,"Zhong2025",2010
800,0.139566291168423,"Zhong2025",2010
801,3.18277179430774,"Zhong2025",2010
802,1.17951466201109,"Zhong2025",2010
803,20.7449259668535,"Zhong2025",2010
804,17.4000325620174,"Zhong2025",2010
805,2.19290091917653,"Zhong2025",2010
806,0.845436754814513,"Zhong2025",2010
807,10.6386678042235,"Zhong2025",2010
808,5.33178143403493,"Zhong2025",2010
809,1.2361276416468,"Zhong2025",2010
810,44.2723778205189,"Zhong2025",2010
811,2.03183707062687,"Zhong2025",2010
812,0.216653893793009,"Zhong2025",2010
813,9.04792195353015,"Zhong2025",2010
814,12.7630353890933,"Zhong2025",2010
815,13.2135437985261,"Zhong2025",2010
816,3.55737789273262,"Zhong2025",2010
817,6.7068367767334,"Zhong2025",2010
818,1.63282278858657,"Zhong2025",2010
819,2.47688042649,"Zhong2025",2010
820,0,"Zhong2025",2010
821,8.50771956186037,"Zhong2025",2010
822,0.135540404618107,"Zhong2025",2010
823,3.55919985072325,"Zhong2025",2010
824,3.25327603748264,"Zhong2025",2010
825,1.6757885419088,"Zhong2025",2010
826,5.31384230635705,"Zhong2025",2010
827,2.78218916471894,"Zhong2025",2010
828,5.79298538708916,"Zhong2025",2010
829,9.47253451347351,"Zhong2025",2010
830,18.4621119463885,"Zhong2025",2010
831,19.707884849386,"Zhong2025",2010
832,1.94448197959707,"Zhong2025",2010
833,0.194457292361338,"Zhong2025",2010
834,9.5965642550635,"Zhong2025",2010
835,12.6570738090957,"Zhong2025",2010
836,9.42618845161613,"Zhong2025",2010
837,17.2424934667699,"Zhong2025",2010
838,7.80529282636502,"Zhong2025",2010
839,34.779365959814,"Zhong2025",2010
840,11.2429042343389,"Zhong2025",2010
841,10.572473200362,"Zhong2025",2010
842,4.06045341627999,"Zhong2025",2010
843,3.13157751709394,"Zhong2025",2010
844,8.79403643626155,"Zhong2025",2010
845,26.6014550064183,"Zhong2025",2010
846,4.03629400741274,"Zhong2025",2010
847,15.9121201833089,"Zhong2025",2010
848,37.7406827582688,"Zhong2025",2010
849,14.7750565740797,"Zhong2025",2010
850,2.93019290936404,"Zhong2025",2010
851,9.63704517024308,"Zhong2025",2010
852,41.8849164326986,"Zhong2025",2010
853,0.289630759017248,"Zhong2025",2010
854,0.467528619514574,"Zhong2025",2010
855,10.6073142730438,"Zhong2025",2010
856,13.9767566003181,"Zhong2025",2010
857,2.3880427205499,"Zhong2025",2010
858,2.22508871436633,"Zhong2025",2010
859,1.72265240998547,"Zhong2025",2010
860,5.5688887790662,"Zhong2025",2010
861,0.183472421718761,"Zhong2025",2010
862,5.821663223207,"Zhong2025",2010
863,13.1310947314412,"Zhong2025",2010
864,9.25403596301411,"Zhong2025",2010
865,0.142013361874968,"Zhong2025",2010
866,13.8576435800326,"Zhong2025",2010
867,19.7557234174013,"Zhong2025",2010
868,10.9422236012888,"Zhong2025",2010
869,12.5142604080907,"Zhong2025",2010
870,0.785363964731355,"Zhong2025",2010
871,0.20646931978785,"Zhong2025",2010
872,3.90957088463873,"Zhong2025",2010
873,0.149166682454055,"Zhong2025",2010
874,0.305265579875559,"Zhong2025",2010
875,0.30302587512594,"Zhong2025",2010
876,6.61844666532108,"Zhong2025",2010
877,0.35431634719696,"Zhong2025",2010
878,3.06756513760231,"Zhong2025",2010
879,3.92229275370959,"Zhong2025",2010
880,0.097729100216809,"Zhong2025",2010
881,0.106044687835882,"Zhong2025",2010
882,0.799205670251765,"Zhong2025",2010
883,1.56211856430508,"Zhong2025",2010
884,0.836332304482508,"Zhong2025",2010
885,1.03313690114969,"Zhong2025",2010
886,20.489428197013,"Zhong2025",2010
887,1.25635266380124,"Zhong2025",2010
888,0.6810475386591,"Zhong2025",2010
889,7.20337831648067,"Zhong2025",2010
890,5.69699857489221,"Zhong2025",2010
891,1.96434038618382,"Zhong2025",2010
892,6.47738756445494,"Zhong2025",2010
893,3.16770044014858,"Zhong2025",2010
894,0.735901658379281,"Zhong2025",2010
895,0.706937449524148,"Zhong2025",2010
896,12.5362241613454,"Zhong2025",2010
897,3.1445171091968,"Zhong2025",2010
898,0.431766861100316,"Zhong2025",2010
899,0.61455779862677,"Zhong2025",2010
900,0.149618182631538,"Zhong2025",2010
901,26.8685524848977,"Zhong2025",2010
902,0.163178014711488,"Zhong2025",2010
903,0.937740957657948,"Zhong2025",2010
904,0.32502935117427,"Zhong2025",2010
905,0.767560634334118,"Zhong2025",2010
906,1.52671832375168,"Zhong2025",2010
907,0.659566772749392,"Zhong2025",2010
908,0.510770915398613,"Zhong2025",2010
909,22.5657469095526,"Zhong2025",2010
910,15.019247673406,"Zhong2025",2010
911,7.50215148855259,"Zhong2025",2010
912,3.52696418245887,"Zhong2025",2010
913,5.22552265016067,"Zhong2025",2010
914,4.50492032176563,"Zhong2025",2010
915,0.743557103180591,"Zhong2025",2010
916,1.46202318556036,"Zhong2025",2010
917,0.000115162121324704,"Zhong2025",2010
918,0.852253117633087,"Zhong2025",2010
919,2.18970708635946,"Zhong2025",2010
920,1.05267818297032,"Zhong2025",2010
921,7.72989912796251,"Zhong2025",2010
922,2.34639765110517,"Zhong2025",2010
923,0.0903128950951786,"Zhong2025",2010
924,0.0174863790372286,"Zhong2025",2010
925,0.621737794260253,"Zhong2025",2010
926,0.266271931240864,"Zhong2025",2010
927,0.166420983540514,"Zhong2025",2010
928,0.126541578252401,"Zhong2025",2010
929,0.0620053549870475,"Zhong2025",2010
930,4.93299583376535,"Zhong2025",2010
931,0.755078137184822,"Zhong2025",2010
932,0.238720612141972,"Zhong2025",2010
933,0.0391785034111568,"Zhong2025",2010
934,0.291663112872836,"Zhong2025",2010
935,0.0782241462333368,"Zhong2025",2010
936,0.0124548601368185,"Zhong2025",2010
937,0.00493829438445415,"Zhong2025",2010
938,0.289956557338009,"Zhong2025",2010
939,11.2655771672866,"Zhong2025",2010
940,6.57758743538091,"Zhong2025",2010
941,1.58194882532125,"Zhong2025",2010
942,2.99896562922655,"Zhong2025",2010
943,0.938024287521839,"Zhong2025",2010
944,1.45943235856041,"Zhong2025",2010
945,0.515140330515288,"Zhong2025",2010
946,1.38306762003909,"Zhong2025",2010
947,0.529545945901397,"Zhong2025",2010
948,1.78870399142757,"Zhong2025",2010
949,8.74872973708694,"Zhong2025",2010
950,6.69456121789945,"Zhong2025",2010
951,1.31955830569573,"Zhong2025",2010
952,1.96209496907927,"Zhong2025",2010
953,6.36387328481321,"Zhong2025",2010
954,6.4255944667384,"Zhong2025",2010
955,0.576618372290223,"Zhong2025",2010
956,0.441015353550684,"Zhong2025",2010
957,0.688416247704899,"Zhong2025",2010
958,0.757208210951616,"Zhong2025",2010
959,0.954151716614068,"Zhong2025",2010
960,6.96750805789013,"Zhong2025",2010
961,3.49822508855177,"Zhong2025",2010
962,0.432046284240605,"Zhong2025",2010
963,4.69971644358198,"Zhong2025",2010
964,1.12979802729231,"Zhong2025",2010
965,11.6110777694987,"Zhong2025",2010
966,6.26142036507152,"Zhong2025",2010
967,5.10871973732509,"Zhong2025",2010
968,0.0964896543927562,"Zhong2025",2010
969,4.51482062319228,"Zhong2025",2010
970,0.407281509272142,"Zhong2025",2010
971,2.95507987728342,"Zhong2025",2010
972,0.77593813385102,"Zhong2025",2010
973,8.13838515022511,"Zhong2025",2010
974,2.95707227946194,"Zhong2025",2010
975,0.934184801194739,"Zhong2025",2010
976,0,"Zhong2025",2010
977,0.00684393933937374,"Zhong2025",2010
978,2.57601479625371,"Zhong2025",2010
979,17.7424999256523,"Zhong2025",2010
980,6.64431868645304,"Zhong2025",2010
981,11.071785434197,"Zhong2025",2010
982,2.12666838007019,"Zhong2025",2010
983,3.06065569215399,"Zhong2025",2010
984,2.87066997422112,"Zhong2025",2010
985,1.00653140022334,"Zhong2025",2010
986,0.149341512512225,"Zhong2025",2010
987,0.263649950882322,"Zhong2025",2010
988,0.220664604994896,"Zhong2025",2010
989,0.635143270134521,"Zhong2025",2010
990,2.27772339903263,"Zhong2025",2010
991,0,"Zhong2025",2010
992,2.6489976629907,"Zhong2025",2010
993,0.59531785452597,"Zhong2025",2010
994,0.469868879078487,"Zhong2025",2010
995,0.464057478063469,"Zhong2025",2010
996,2.8759644926215,"Zhong2025",2010
997,6.75996767565849,"Zhong2025",2010
998,0.490590384513732,"Zhong2025",2010
999,0.830408864234003,"Zhong2025",2010
1000,11.6121535916475,"Zhong2025",2010
1001,0,"Zhong2025",2010
1002,3.31162716135567,"Zhong2025",2010
1003,0.00587478687835706,"Zhong2025",2010
1004,2.5088674771175,"Zhong2025",2010
1005,0.398537582932157,"Zhong2025",2010
1006,0,"Zhong2025",2010
1007,0.799630011741501,"Zhong2025",2010
1008,10.5333651296449,"Zhong2025",2010
1009,0.821867887877601,"Zhong2025",2010
1010,0,"Zhong2025",2010
1011,0.448271944924879,"Zhong2025",2010
1012,2.74438329947886,"Zhong2025",2010
1013,1.26812750383773,"Zhong2025",2010
1014,1.82625918770819,"Zhong2025",2010
1015,0.939228563655897,"Zhong2025",2010
1016,4.02118005686386,"Zhong2025",2010
1017,1.39483772624734,"Zhong2025",2010
1018,0.584229386606535,"Zhong2025",2010
1019,0.3518672762279,"Zhong2025",2010
1020,0.205865082595153,"Zhong2025",2010
1021,0.0829758557909787,"Zhong2025",2010
1022,7.54528088972279,"Zhong2025",2010
1023,4.33649111007778,"Zhong2025",2010
1024,0,"Zhong2025",2010
1025,12.0970683740131,"Zhong2025",2010
1026,2.05401839868249,"Zhong2025",2010
1027,0.325929343323489,"Zhong2025",2010
1028,0.0196559288829723,"Zhong2025",2010
1029,0.856407653823306,"Zhong2025",2010
1030,0.861622083074851,"Zhong2025",2010
1031,0.0542275645418622,"Zhong2025",2010
1032,5.66037432713942,"Zhong2025",2010
1033,3.46447480356289,"Zhong2025",2010
1034,3.19913223274536,"Zhong2025",2010
1035,9.02035909368281,"Zhong2025",2010
1036,2.59187413058839,"Zhong2025",2010
1037,0.276351616805692,"Zhong2025",2010
1038,1.45403688542459,"Zhong2025",2010
1039,0.637039431210222,"Zhong2025",2010
1040,0,"Zhong2025",2010
1041,2.23561646785326,"Zhong2025",2010
1042,0.103944603294632,"Zhong2025",2010
1043,0,"Zhong2025",2010
1044,0.636952220300628,"Zhong2025",2010
1045,0,"Zhong2025",2010
1046,1.16202266129832,"Zhong2025",2010
1047,0.831954909080171,"Zhong2025",2010
1048,0.0367189269669563,"Zhong2025",2010
1049,0.0260315978675848,"Zhong2025",2010
1050,0.376909333249436,"Zhong2025",2010
1051,0.356237925442995,"Zhong2025",2010
1052,0.381847691472987,"Zhong2025",2010
1053,1.71219969485802,"Zhong2025",2010
1054,7.56037765741348,"Zhong2025",2010
1055,0.56906342344858,"Zhong2025",2010
1056,0.40211010930386,"Zhong2025",2010
1057,13.3013887683112,"Zhong2025",2010
1058,38.4687849561745,"Zhong2025",2010
1059,0.134991210437612,"Zhong2025",2010
1060,0.000400356894645553,"Zhong2025",2010
1061,10.7580381221778,"Zhong2025",2010
1062,39.5124360352028,"Zhong2025",2010
1063,11.4787159367621,"Zhong2025",2010
1064,0.329360789676698,"Zhong2025",2010
1065,3.94841496211809,"Zhong2025",2010
1066,1.18981637149909,"Zhong2025",2010
1067,1.37377538330326,"Zhong2025",2010
1068,2.12898391364758,"Zhong2025",2010
1069,0.187403613899804,"Zhong2025",2010
1070,2.21482999622127,"Zhong2025",2010
1071,8.86657392938296,"Zhong2025",2010
1072,1.69697705220687,"Zhong2025",2010
1073,0.683827329940371,"Zhong2025",2010
1074,6.59609271025439,"Zhong2025",2010
1075,1.52936769021083,"Zhong2025",2010
1076,1.48132879241048,"Zhong2025",2010
1077,0.273066059763515,"Zhong2025",2010
1078,19.1470468127209,"Zhong2025",2010
1079,3.85851259054364,"Zhong2025",2010
1080,22.1892353880639,"Zhong2025",2010
1081,7.48157323353546,"Zhong2025",2010
1082,7.35980871517939,"Zhong2025",2010
1083,1.32983730600504,"Zhong2025",2010
1084,8.83028775700286,"Zhong2025",2010
1085,5.57976146539542,"Zhong2025",2010
1086,6.30830168485543,"Zhong2025",2010
1087,8.57125640543653,"Zhong2025",2010
1088,22.1860502283528,"Zhong2025",2010
1089,0.206487766666754,"Zhong2025",2010
1090,0.740228391836736,"Zhong2025",2010
1091,2.35095812918396,"Zhong2025",2010
1092,5.83103277416191,"Zhong2025",2010
1093,8.81132585792101,"Zhong2025",2010
1094,0.273278877033778,"Zhong2025",2010
1095,4.11553702658489,"Zhong2025",2010
1096,15.8238594608647,"Zhong2025",2010
1097,0.0930161669800806,"Zhong2025",2010
1098,0.085467255642188,"Zhong2025",2010
1099,1.56988975367621,"Zhong2025",2010
1100,9.37305305073831,"Zhong2025",2010
1101,0.668147248771097,"Zhong2025",2010
1102,4.57236147140059,"Zhong2025",2010
1103,1.05669243030821,"Zhong2025",2010
1104,7.15211744052286,"Zhong2025",2010
1105,2.30013583081074,"Zhong2025",2010
1106,5.05474500634841,"Zhong2025",2010
1107,1.69631921233417,"Zhong2025",2010
1108,0.716778313614461,"Zhong2025",2010
1109,3.21740809674754,"Zhong2025",2010
1110,1.14268619705618,"Zhong2025",2010
1111,3.08390236486636,"Zhong2025",2010
1112,27.5319509047049,"Zhong2025",2010
1113,33.2455219671355,"Zhong2025",2010
1114,53.66760576339,"Zhong2025",2010
1115,28.3885297251272,"Zhong2025",2010
1116,40.2520103623382,"Zhong2025",2010
1117,18.4998789823972,"Zhong2025",2010
1118,28.967030132171,"Zhong2025",2010
1119,1.55122782121497,"Zhong2025",2010
1120,6.53400335295073,"Zhong2025",2010
1121,53.4394164085388,"Zhong2025",2010
1122,50.8559580351177,"Zhong2025",2010
1,1.53174735988454,"Zhong2025",2011
2,0.0790703546393801,"Zhong2025",2011
3,0.109974727503591,"Zhong2025",2011
4,0.375895227813001,"Zhong2025",2011
5,0.162140865968446,"Zhong2025",2011
6,0.110558664360952,"Zhong2025",2011
7,0,"Zhong2025",2011
8,0.0729953128783429,"Zhong2025",2011
9,0.0793491895266167,"Zhong2025",2011
10,0.0595133540664522,"Zhong2025",2011
11,0.0239487326534451,"Zhong2025",2011
12,0.0332914931771321,"Zhong2025",2011
13,0.00615298814224123,"Zhong2025",2011
14,0.0361993657031529,"Zhong2025",2011
15,0.40170778488924,"Zhong2025",2011
16,0.0628338633932334,"Zhong2025",2011
17,15.7353406839417,"Zhong2025",2011
18,0.340894894253823,"Zhong2025",2011
19,0.279731930099833,"Zhong2025",2011
20,0.18281969465574,"Zhong2025",2011
21,0.383425228901449,"Zhong2025",2011
22,1.73787953301341,"Zhong2025",2011
23,2.79216261147157,"Zhong2025",2011
24,2.16605936374114,"Zhong2025",2011
25,6.31751431820993,"Zhong2025",2011
26,5.40110614281475,"Zhong2025",2011
27,1.01944225546667,"Zhong2025",2011
28,14.5927542979174,"Zhong2025",2011
29,0.330336672391652,"Zhong2025",2011
30,0.36865102861695,"Zhong2025",2011
31,0.594372517005964,"Zhong2025",2011
32,0.0424185311439095,"Zhong2025",2011
33,0.360116232140816,"Zhong2025",2011
34,10.1796469970554,"Zhong2025",2011
35,1.06186828050721,"Zhong2025",2011
36,11.5328727670618,"Zhong2025",2011
37,0.0693275077116164,"Zhong2025",2011
38,0.621407163114106,"Zhong2025",2011
39,0.304400021332559,"Zhong2025",2011
40,13.7781328080516,"Zhong2025",2011
41,20.9456631479592,"Zhong2025",2011
42,0.532971111278278,"Zhong2025",2011
43,1.6707489219884,"Zhong2025",2011
44,0,"Zhong2025",2011
45,8.64490096897943,"Zhong2025",2011
46,0.00179998360397319,"Zhong2025",2011
47,1.58266889914109,"Zhong2025",2011
48,1.23904494790251,"Zhong2025",2011
49,2.05914339911446,"Zhong2025",2011
50,0.231681493391003,"Zhong2025",2011
51,8.35273673671677,"Zhong2025",2011
52,1.6900353137354,"Zhong2025",2011
53,1.6256672449164,"Zhong2025",2011
54,0.323392065823806,"Zhong2025",2011
55,0.0705068119073431,"Zhong2025",2011
56,0,"Zhong2025",2011
57,0.0051165417737739,"Zhong2025",2011
58,19.1650466237749,"Zhong2025",2011
59,39.3231898959885,"Zhong2025",2011
60,15.2221685031365,"Zhong2025",2011
61,6.77515178796602,"Zhong2025",2011
62,3.28465403145865,"Zhong2025",2011
63,6.0941341800544,"Zhong2025",2011
64,7.37780381695948,"Zhong2025",2011
65,8.89626812693889,"Zhong2025",2011
66,2.94522997998128,"Zhong2025",2011
67,26.8760965402844,"Zhong2025",2011
68,18.241236939685,"Zhong2025",2011
69,2.14180037222612,"Zhong2025",2011
70,1.20890105506612,"Zhong2025",2011
71,10.5679346226323,"Zhong2025",2011
72,3.3523240700985,"Zhong2025",2011
73,7.34310297299876,"Zhong2025",2011
74,6.36458561275141,"Zhong2025",2011
75,13.4639723598957,"Zhong2025",2011
76,14.0119622744047,"Zhong2025",2011
77,7.04770229675553,"Zhong2025",2011
78,18.1978114879531,"Zhong2025",2011
79,9.43851266336697,"Zhong2025",2011
80,10.9172488924575,"Zhong2025",2011
81,6.58392080351894,"Zhong2025",2011
82,10.814920329561,"Zhong2025",2011
83,10.5148952610239,"Zhong2025",2011
84,3.51283409204926,"Zhong2025",2011
85,6.47555929582606,"Zhong2025",2011
86,4.17172846191699,"Zhong2025",2011
87,6.47338124855164,"Zhong2025",2011
88,13.9883673667908,"Zhong2025",2011
89,2.47293023660533,"Zhong2025",2011
90,9.98518263792791,"Zhong2025",2011
91,8.88514443726567,"Zhong2025",2011
92,34.8329897768357,"Zhong2025",2011
93,9.14455906807382,"Zhong2025",2011
94,5.2165107159011,"Zhong2025",2011
95,14.8015266915006,"Zhong2025",2011
96,10.797046383147,"Zhong2025",2011
97,11.2452626440432,"Zhong2025",2011
98,1.52463624181653,"Zhong2025",2011
99,6.52587116260874,"Zhong2025",2011
100,1.21373179198263,"Zhong2025",2011
101,1.92362638253593,"Zhong2025",2011
102,2.67346679419279,"Zhong2025",2011
103,1.30632207400443,"Zhong2025",2011
104,5.19653541662476,"Zhong2025",2011
105,0.239035349139523,"Zhong2025",2011
106,2.49854418841289,"Zhong2025",2011
107,0.351043033987115,"Zhong2025",2011
108,0.548744373336122,"Zhong2025",2011
109,3.42954430163991,"Zhong2025",2011
110,0.375178687663866,"Zhong2025",2011
111,0.755131771921272,"Zhong2025",2011
112,0.0617413723771426,"Zhong2025",2011
113,0.0371428293026192,"Zhong2025",2011
114,6.35662339812233,"Zhong2025",2011
115,0.0342682126968626,"Zhong2025",2011
116,0.354691603178343,"Zhong2025",2011
117,0.934714351976063,"Zhong2025",2011
118,3.4804210698475,"Zhong2025",2011
119,0,"Zhong2025",2011
120,0.29773351733099,"Zhong2025",2011
121,0.826760965486916,"Zhong2025",2011
122,0,"Zhong2025",2011
123,7.13506488699247,"Zhong2025",2011
124,0.756252636858476,"Zhong2025",2011
125,2.70376270489707,"Zhong2025",2011
126,5.5566810104582,"Zhong2025",2011
127,1.20413557062798,"Zhong2025",2011
128,7.24093050880613,"Zhong2025",2011
129,4.80119261947962,"Zhong2025",2011
130,7.26376004675601,"Zhong2025",2011
131,12.8385111437006,"Zhong2025",2011
132,1.49470113845517,"Zhong2025",2011
133,1.80009401036847,"Zhong2025",2011
134,2.08471452063984,"Zhong2025",2011
135,0.765933311517669,"Zhong2025",2011
136,5.04575578722778,"Zhong2025",2011
137,7.98346260070801,"Zhong2025",2011
138,2.27144916613515,"Zhong2025",2011
139,2.24777451780487,"Zhong2025",2011
140,1.06693456392186,"Zhong2025",2011
141,2.69242312046781,"Zhong2025",2011
142,5.59868132138012,"Zhong2025",2011
143,0.48670243781805,"Zhong2025",2011
144,0.249127913368951,"Zhong2025",2011
145,5.98556016629665,"Zhong2025",2011
146,0.617239589796408,"Zhong2025",2011
147,2.64105513552639,"Zhong2025",2011
148,0,"Zhong2025",2011
149,2.18447401241002,"Zhong2025",2011
150,3.5789526259077,"Zhong2025",2011
151,1.03827146186024,"Zhong2025",2011
152,0.561225017019804,"Zhong2025",2011
153,3.61702713000025,"Zhong2025",2011
154,5.0812482958287,"Zhong2025",2011
155,2.46838034871073,"Zhong2025",2011
156,0,"Zhong2025",2011
157,7.88067697286606,"Zhong2025",2011
158,1.50757725019665,"Zhong2025",2011
159,2.22840557221709,"Zhong2025",2011
160,1.9014842203504,"Zhong2025",2011
161,0.727469086717175,"Zhong2025",2011
162,0,"Zhong2025",2011
163,0.0867165367117312,"Zhong2025",2011
164,0.138442072571475,"Zhong2025",2011
165,0.0402142758580163,"Zhong2025",2011
166,0.00599493116074285,"Zhong2025",2011
167,0.071579378569419,"Zhong2025",2011
168,0.009456228903805,"Zhong2025",2011
169,0,"Zhong2025",2011
170,0,"Zhong2025",2011
171,0,"Zhong2025",2011
172,0,"Zhong2025",2011
173,0.165390587863615,"Zhong2025",2011
174,0,"Zhong2025",2011
175,0,"Zhong2025",2011
176,0,"Zhong2025",2011
177,0.0380024435488742,"Zhong2025",2011
178,0,"Zhong2025",2011
179,0,"Zhong2025",2011
180,0.0195985237295927,"Zhong2025",2011
181,0.00220925439684856,"Zhong2025",2011
182,0,"Zhong2025",2011
183,0,"Zhong2025",2011
184,0,"Zhong2025",2011
185,0,"Zhong2025",2011
186,0.0206084787338447,"Zhong2025",2011
187,0.141383044782355,"Zhong2025",2011
188,0.00724357950930287,"Zhong2025",2011
189,0.00211071046661614,"Zhong2025",2011
190,6.81956533873212,"Zhong2025",2011
191,10.3593239899065,"Zhong2025",2011
192,0.141533921858886,"Zhong2025",2011
193,0,"Zhong2025",2011
194,0.778179524295539,"Zhong2025",2011
195,2.58507223072442,"Zhong2025",2011
196,0.249846968609551,"Zhong2025",2011
197,0.636403614156541,"Zhong2025",2011
198,1.54076203201676,"Zhong2025",2011
199,0.00535290244329779,"Zhong2025",2011
200,0.704065332665898,"Zhong2025",2011
201,0.0883024935174475,"Zhong2025",2011
202,0.399223410617064,"Zhong2025",2011
203,0.0582276341417733,"Zhong2025",2011
204,3.98822228634784,"Zhong2025",2011
205,0.395725290708552,"Zhong2025",2011
206,2.99036267515028,"Zhong2025",2011
207,0.0592055985221729,"Zhong2025",2011
208,0.11435738627562,"Zhong2025",2011
209,0.16769165915295,"Zhong2025",2011
210,0.000926619388930512,"Zhong2025",2011
211,0,"Zhong2025",2011
212,0,"Zhong2025",2011
213,0,"Zhong2025",2011
214,0,"Zhong2025",2011
215,0,"Zhong2025",2011
216,0,"Zhong2025",2011
217,0.00184955003516422,"Zhong2025",2011
218,0,"Zhong2025",2011
219,0,"Zhong2025",2011
220,0.0163904976091788,"Zhong2025",2011
221,0.0037141493891892,"Zhong2025",2011
222,0,"Zhong2025",2011
223,0,"Zhong2025",2011
224,0,"Zhong2025",2011
225,0.00282602873626016,"Zhong2025",2011
226,0.0715024857505974,"Zhong2025",2011
227,0.00975149176964468,"Zhong2025",2011
228,0.00951112700104599,"Zhong2025",2011
229,0.00460997218267797,"Zhong2025",2011
230,20.7804593874957,"Zhong2025",2011
231,2.79809245806867,"Zhong2025",2011
232,5.05464202983034,"Zhong2025",2011
233,0.269139433925857,"Zhong2025",2011
234,6.0589136740879,"Zhong2025",2011
235,11.2669087251027,"Zhong2025",2011
236,4.35757352257721,"Zhong2025",2011
237,5.33732130947292,"Zhong2025",2011
238,4.94826687865987,"Zhong2025",2011
239,3.83828274667779,"Zhong2025",2011
240,16.3445393830015,"Zhong2025",2011
241,8.96344713033256,"Zhong2025",2011
242,2.92489592609927,"Zhong2025",2011
243,10.2868778885251,"Zhong2025",2011
244,2.0385876812497,"Zhong2025",2011
245,10.4959807925754,"Zhong2025",2011
246,5.84685424283116,"Zhong2025",2011
247,0.82876704730652,"Zhong2025",2011
248,11.6137453680858,"Zhong2025",2011
249,8.66574668183046,"Zhong2025",2011
250,0.424358187901711,"Zhong2025",2011
251,1.8455488978268,"Zhong2025",2011
252,10.1067314769911,"Zhong2025",2011
253,1.36169768874134,"Zhong2025",2011
254,16.7413500446384,"Zhong2025",2011
255,2.94212513581963,"Zhong2025",2011
256,5.59308586141017,"Zhong2025",2011
257,33.6137239758561,"Zhong2025",2011
258,7.88359983577285,"Zhong2025",2011
259,16.871914271547,"Zhong2025",2011
260,30.0820807615916,"Zhong2025",2011
261,4.89598341206069,"Zhong2025",2011
262,12.9186625396256,"Zhong2025",2011
263,1.34948792357905,"Zhong2025",2011
264,16.2056870616001,"Zhong2025",2011
265,13.2853394641152,"Zhong2025",2011
266,1.75893714278936,"Zhong2025",2011
267,17.2783317999406,"Zhong2025",2011
268,4.73743443697442,"Zhong2025",2011
269,23.0903908315596,"Zhong2025",2011
270,4.75172083166338,"Zhong2025",2011
271,11.5684170722961,"Zhong2025",2011
272,8.01514977327687,"Zhong2025",2011
273,48.9965530501472,"Zhong2025",2011
274,8.03626256067062,"Zhong2025",2011
275,5.7423359194444,"Zhong2025",2011
276,16.4968976413502,"Zhong2025",2011
277,12.5461138120064,"Zhong2025",2011
278,0.58609784241613,"Zhong2025",2011
279,0.241180859378576,"Zhong2025",2011
280,10.0867063230482,"Zhong2025",2011
281,7.97377126454498,"Zhong2025",2011
282,5.51937354905623,"Zhong2025",2011
283,48.1979920725979,"Zhong2025",2011
284,6.41466920133066,"Zhong2025",2011
285,0.285995183181051,"Zhong2025",2011
286,0.412621374029045,"Zhong2025",2011
287,0.41947863095272,"Zhong2025",2011
288,0.979789390215043,"Zhong2025",2011
289,3.3998430876527,"Zhong2025",2011
290,40.2814299650253,"Zhong2025",2011
291,1.28850627668198,"Zhong2025",2011
292,18.3236854887366,"Zhong2025",2011
293,5.05156945660074,"Zhong2025",2011
294,0.638238871470094,"Zhong2025",2011
295,0.489235188369639,"Zhong2025",2011
296,0.269006264837165,"Zhong2025",2011
297,2.47268247769376,"Zhong2025",2011
298,0.785914716422058,"Zhong2025",2011
299,2.23103961250445,"Zhong2025",2011
300,15.372073319379,"Zhong2025",2011
301,3.94665202870965,"Zhong2025",2011
302,1.02799174442805,"Zhong2025",2011
303,21.5828556961483,"Zhong2025",2011
304,1.37725255832049,"Zhong2025",2011
305,0,"Zhong2025",2011
306,2.83493222583956,"Zhong2025",2011
307,1.09359155433662,"Zhong2025",2011
308,2.05083169239034,"Zhong2025",2011
309,1.07967761832793,"Zhong2025",2011
310,2.68326193088642,"Zhong2025",2011
311,0.670578666588562,"Zhong2025",2011
312,6.85678552657366,"Zhong2025",2011
313,0.779929632249751,"Zhong2025",2011
314,5.42257417503522,"Zhong2025",2011
315,0.445717888801342,"Zhong2025",2011
316,0.0743225252538814,"Zhong2025",2011
317,1.36281911669346,"Zhong2025",2011
318,0.971371171953341,"Zhong2025",2011
319,6.97190926349003,"Zhong2025",2011
320,4.10526976460218,"Zhong2025",2011
321,0.698070939892132,"Zhong2025",2011
322,5.80231325286177,"Zhong2025",2011
323,6.9150615325475,"Zhong2025",2011
324,1.4078609747145,"Zhong2025",2011
325,0.587957321450473,"Zhong2025",2011
326,17.9673036269927,"Zhong2025",2011
327,3.90546633207697,"Zhong2025",2011
328,3.27755284068486,"Zhong2025",2011
329,9.12335012824211,"Zhong2025",2011
330,1.20889691812824,"Zhong2025",2011
331,8.29126276415255,"Zhong2025",2011
332,44.7294457674027,"Zhong2025",2011
333,3.66328296065331,"Zhong2025",2011
334,0.632769136635286,"Zhong2025",2011
335,6.80385288623083,"Zhong2025",2011
336,9.94729605907669,"Zhong2025",2011
337,48.3410724099003,"Zhong2025",2011
338,4.34710360642947,"Zhong2025",2011
339,2.19164908416922,"Zhong2025",2011
340,4.61889237316063,"Zhong2025",2011
341,11.3746339489395,"Zhong2025",2011
342,1.80734813098194,"Zhong2025",2011
343,1.59356669422186,"Zhong2025",2011
344,2.1760127007202,"Zhong2025",2011
345,9.5831437373269,"Zhong2025",2011
346,4.85179671826353,"Zhong2025",2011
347,4.64781752740494,"Zhong2025",2011
348,0.601623017417692,"Zhong2025",2011
349,0.736918549153069,"Zhong2025",2011
350,1.0048231659802,"Zhong2025",2011
351,20.7547567469733,"Zhong2025",2011
352,0.209090851140364,"Zhong2025",2011
353,9.5170114338398,"Zhong2025",2011
354,1.56714901049732,"Zhong2025",2011
355,4.47607617249455,"Zhong2025",2011
356,0.782041317568546,"Zhong2025",2011
357,11.6751290125827,"Zhong2025",2011
358,0.560917149351703,"Zhong2025",2011
359,1.64499724257502,"Zhong2025",2011
360,1.19203965916402,"Zhong2025",2011
361,13.0415761212268,"Zhong2025",2011
362,0.579660331761396,"Zhong2025",2011
363,1.95369988638218,"Zhong2025",2011
364,0.565549708439173,"Zhong2025",2011
365,2.6251219182321,"Zhong2025",2011
366,0.361095610204884,"Zhong2025",2011
367,48.6739783195349,"Zhong2025",2011
368,17.7431762802926,"Zhong2025",2011
369,0.641707802234694,"Zhong2025",2011
370,5.23618891842954,"Zhong2025",2011
371,3.15330250892054,"Zhong2025",2011
372,1.01433686499084,"Zhong2025",2011
373,7.01282290516323,"Zhong2025",2011
374,0.152622791059916,"Zhong2025",2011
375,13.7880565293374,"Zhong2025",2011
376,4.29206025203069,"Zhong2025",2011
377,0.574719829813081,"Zhong2025",2011
378,0.567527006208756,"Zhong2025",2011
379,0.727480328190113,"Zhong2025",2011
380,0.137530346886654,"Zhong2025",2011
381,10.3912193983793,"Zhong2025",2011
382,25.7403100708784,"Zhong2025",2011
383,0.818716961237383,"Zhong2025",2011
384,1.57324860538154,"Zhong2025",2011
385,12.5473245362836,"Zhong2025",2011
386,9.78470030479264,"Zhong2025",2011
387,30.8974941600646,"Zhong2025",2011
388,4.90216181893772,"Zhong2025",2011
389,3.28497103821664,"Zhong2025",2011
390,62.8499296188354,"Zhong2025",2011
391,5.20088860771013,"Zhong2025",2011
392,11.3201428006503,"Zhong2025",2011
393,7.48506536343031,"Zhong2025",2011
394,30.8962927683731,"Zhong2025",2011
395,4.33782817571173,"Zhong2025",2011
396,2.98041252464777,"Zhong2025",2011
397,2.42018869538188,"Zhong2025",2011
398,37.8689917217601,"Zhong2025",2011
399,0.134157886150954,"Zhong2025",2011
400,0.258157707478278,"Zhong2025",2011
401,0.0905197609264452,"Zhong2025",2011
402,0.242692090459333,"Zhong2025",2011
403,0,"Zhong2025",2011
404,0,"Zhong2025",2011
405,6.86527998366925,"Zhong2025",2011
406,0.0195118204400509,"Zhong2025",2011
407,0.525281416011035,"Zhong2025",2011
408,0.179255597030415,"Zhong2025",2011
409,0,"Zhong2025",2011
410,0.0782919567230061,"Zhong2025",2011
411,0,"Zhong2025",2011
412,0.094010228933172,"Zhong2025",2011
413,0,"Zhong2025",2011
414,0,"Zhong2025",2011
415,0.128297848286187,"Zhong2025",2011
416,0,"Zhong2025",2011
417,0.347371207854965,"Zhong2025",2011
418,0.398664860590267,"Zhong2025",2011
419,0.122701006222035,"Zhong2025",2011
420,0,"Zhong2025",2011
421,0.214549532854387,"Zhong2025",2011
422,0,"Zhong2025",2011
423,0,"Zhong2025",2011
424,0,"Zhong2025",2011
425,0,"Zhong2025",2011
426,0.089985508100811,"Zhong2025",2011
427,0,"Zhong2025",2011
428,0,"Zhong2025",2011
429,0.332142043548326,"Zhong2025",2011
430,0.175930579464466,"Zhong2025",2011
431,0,"Zhong2025",2011
432,0,"Zhong2025",2011
433,0.218704960519904,"Zhong2025",2011
434,0.0272560347584716,"Zhong2025",2011
435,1.38834678646057,"Zhong2025",2011
436,0.578037875701491,"Zhong2025",2011
437,3.81336673298174,"Zhong2025",2011
438,0.614402142444556,"Zhong2025",2011
439,1.0603177454491,"Zhong2025",2011
440,0.471075899382299,"Zhong2025",2011
441,14.8439284057125,"Zhong2025",2011
442,1.03844867354302,"Zhong2025",2011
443,5.08508629009105,"Zhong2025",2011
444,5.20267346404647,"Zhong2025",2011
445,7.49080397831766,"Zhong2025",2011
446,2.59046475293194,"Zhong2025",2011
447,4.32581798164211,"Zhong2025",2011
448,1.44346630739804,"Zhong2025",2011
449,5.08525929855126,"Zhong2025",2011
450,2.02386548653382,"Zhong2025",2011
451,2.08923649653533,"Zhong2025",2011
452,1.06908676344559,"Zhong2025",2011
453,0.451681129301155,"Zhong2025",2011
454,7.34839308545703,"Zhong2025",2011
455,4.77406354100388,"Zhong2025",2011
456,9.27636501717974,"Zhong2025",2011
457,9.04426081597525,"Zhong2025",2011
458,2.42666921903202,"Zhong2025",2011
459,3.38773177147006,"Zhong2025",2011
460,1.10063826460269,"Zhong2025",2011
461,4.88106369424676,"Zhong2025",2011
462,9.15368608070602,"Zhong2025",2011
463,0.942388539121801,"Zhong2025",2011
464,2.2762608829741,"Zhong2025",2011
465,0.989391846577462,"Zhong2025",2011
466,0.475273815031179,"Zhong2025",2011
467,57.9057542986986,"Zhong2025",2011
468,23.5942859831657,"Zhong2025",2011
469,9.964272823575,"Zhong2025",2011
470,7.38175852286319,"Zhong2025",2011
471,34.0546422231765,"Zhong2025",2011
472,7.91610403924855,"Zhong2025",2011
473,7.19566326388934,"Zhong2025",2011
474,35.7755758303862,"Zhong2025",2011
475,3.41222289757697,"Zhong2025",2011
476,13.5201492942109,"Zhong2025",2011
477,2.02435276151023,"Zhong2025",2011
478,16.0164462175125,"Zhong2025",2011
479,7.10050298941081,"Zhong2025",2011
480,40.2788094584147,"Zhong2025",2011
481,4.18752944435503,"Zhong2025",2011
482,34.7002492255353,"Zhong2025",2011
483,11.00645022598,"Zhong2025",2011
484,4.62163896908363,"Zhong2025",2011
485,20.5624816628063,"Zhong2025",2011
486,55.3134525885949,"Zhong2025",2011
487,10.7481565214694,"Zhong2025",2011
488,11.9150004020104,"Zhong2025",2011
489,8.61976659570176,"Zhong2025",2011
490,22.3669741388277,"Zhong2025",2011
491,0.165822877132137,"Zhong2025",2011
492,0.36786740053422,"Zhong2025",2011
493,0.248420407083422,"Zhong2025",2011
494,5.55174331772074,"Zhong2025",2011
495,2.44633983887161,"Zhong2025",2011
496,0.285814820678994,"Zhong2025",2011
497,3.52878974323123,"Zhong2025",2011
498,1.44615875099056,"Zhong2025",2011
499,12.0265345774694,"Zhong2025",2011
500,0.589804185240008,"Zhong2025",2011
501,8.70133980551919,"Zhong2025",2011
502,2.2296542528887,"Zhong2025",2011
503,0.837312661002055,"Zhong2025",2011
504,1.15495932900054,"Zhong2025",2011
505,3.05835751491569,"Zhong2025",2011
506,1.14184362885191,"Zhong2025",2011
507,3.61716793537608,"Zhong2025",2011
508,0.00731676268047309,"Zhong2025",2011
509,1.75002089557563,"Zhong2025",2011
510,0.322680159811359,"Zhong2025",2011
511,0.0564003748536245,"Zhong2025",2011
512,0.135952939674313,"Zhong2025",2011
513,0.240721050321747,"Zhong2025",2011
514,0.362734900358273,"Zhong2025",2011
515,3.01102798310823,"Zhong2025",2011
516,2.92606636577032,"Zhong2025",2011
517,2.47426397151921,"Zhong2025",2011
518,0.0833136283937978,"Zhong2025",2011
519,2.27470838162012,"Zhong2025",2011
520,0.776400749516374,"Zhong2025",2011
521,0.257991019153485,"Zhong2025",2011
522,5.36395061831119,"Zhong2025",2011
523,10.5967799110647,"Zhong2025",2011
524,0.19027443990862,"Zhong2025",2011
525,0.204553260183991,"Zhong2025",2011
526,2.51068630858813,"Zhong2025",2011
527,2.63850445469672,"Zhong2025",2011
528,0.102436043745206,"Zhong2025",2011
529,21.9566784705201,"Zhong2025",2011
530,10.1301489840099,"Zhong2025",2011
531,5.29091753196475,"Zhong2025",2011
532,1.34083486039628,"Zhong2025",2011
533,1.38145694803628,"Zhong2025",2011
534,2.53918276338402,"Zhong2025",2011
535,0.592446951117934,"Zhong2025",2011
536,3.01693103000791,"Zhong2025",2011
537,1.9053638851322,"Zhong2025",2011
538,1.83645537534518,"Zhong2025",2011
539,4.33360813876089,"Zhong2025",2011
540,5.51658174114084,"Zhong2025",2011
541,6.1892972071714,"Zhong2025",2011
542,1.46129496319555,"Zhong2025",2011
543,6.19342103005013,"Zhong2025",2011
544,2.90248624130777,"Zhong2025",2011
545,1.49516517958454,"Zhong2025",2011
546,2.29544514420154,"Zhong2025",2011
547,2.42661580479289,"Zhong2025",2011
548,2.45335157750986,"Zhong2025",2011
549,1.41344932849995,"Zhong2025",2011
550,1.61792274888473,"Zhong2025",2011
551,2.8057465887281,"Zhong2025",2011
552,1.63144373469984,"Zhong2025",2011
553,2.29489506845652,"Zhong2025",2011
554,2.19360522107738,"Zhong2025",2011
555,0.511124470792476,"Zhong2025",2011
556,1.10251104475396,"Zhong2025",2011
557,4.79646156829245,"Zhong2025",2011
558,6.98939036728489,"Zhong2025",2011
559,4.17477422405685,"Zhong2025",2011
560,2.18540326296352,"Zhong2025",2011
561,5.22662015171546,"Zhong2025",2011
562,16.0506159329902,"Zhong2025",2011
563,3.86034826234587,"Zhong2025",2011
564,2.20980463682891,"Zhong2025",2011
565,6.26642657194635,"Zhong2025",2011
566,1.22686339574767,"Zhong2025",2011
567,7.08514999182507,"Zhong2025",2011
568,0.591772041012971,"Zhong2025",2011
569,2.34238988129805,"Zhong2025",2011
570,0.2841427041563,"Zhong2025",2011
571,2.83636636621518,"Zhong2025",2011
572,1.20003062989348,"Zhong2025",2011
573,1.5885364537348,"Zhong2025",2011
574,1.18644501562113,"Zhong2025",2011
575,1.12053275774805,"Zhong2025",2011
576,3.80563284229407,"Zhong2025",2011
577,0.659627926025073,"Zhong2025",2011
578,2.3150565547853,"Zhong2025",2011
579,1.18554444060145,"Zhong2025",2011
580,3.80615943541165,"Zhong2025",2011
581,1.60137332842774,"Zhong2025",2011
582,0.5322773593338,"Zhong2025",2011
583,0.288836909426471,"Zhong2025",2011
584,1.05438271568574,"Zhong2025",2011
585,1.17507278562633,"Zhong2025",2011
586,1.0954731707099,"Zhong2025",2011
587,0.984391794117457,"Zhong2025",2011
588,0.15387323970261,"Zhong2025",2011
589,2.65501613056709,"Zhong2025",2011
590,1.44404159981919,"Zhong2025",2011
591,3.31684580296407,"Zhong2025",2011
592,0.548765252304914,"Zhong2025",2011
593,0.270950294796449,"Zhong2025",2011
594,7.56168864659872,"Zhong2025",2011
595,0.896380413758199,"Zhong2025",2011
596,0.185424140783304,"Zhong2025",2011
597,9.03317006160857,"Zhong2025",2011
598,1.26101749650193,"Zhong2025",2011
599,2.94982497080376,"Zhong2025",2011
600,1.44045706905888,"Zhong2025",2011
601,4.42494774575015,"Zhong2025",2011
602,1.91968798441389,"Zhong2025",2011
603,24.1462514032064,"Zhong2025",2011
604,2.80353697491627,"Zhong2025",2011
605,1.41832341104065,"Zhong2025",2011
606,4.7290057338131,"Zhong2025",2011
607,9.32022058148018,"Zhong2025",2011
608,19.222385764122,"Zhong2025",2011
609,3.60121722536526,"Zhong2025",2011
610,1.26140425104256,"Zhong2025",2011
611,2.24289219343033,"Zhong2025",2011
612,0.377462615128024,"Zhong2025",2011
613,2.40020515807567,"Zhong2025",2011
614,5.90311344946238,"Zhong2025",2011
615,0.472731786264282,"Zhong2025",2011
616,3.08246791270394,"Zhong2025",2011
617,4.84171955911038,"Zhong2025",2011
618,12.5017993426781,"Zhong2025",2011
619,0.343776648641315,"Zhong2025",2011
620,6.23797147063403,"Zhong2025",2011
621,2.45335833219556,"Zhong2025",2011
622,2.07800943059204,"Zhong2025",2011
623,6.18893880871044,"Zhong2025",2011
624,4.01307199824892,"Zhong2025",2011
625,0.345402016801139,"Zhong2025",2011
626,5.34128529466116,"Zhong2025",2011
627,7.61721389244615,"Zhong2025",2011
628,11.6541279008526,"Zhong2025",2011
629,43.8065432442559,"Zhong2025",2011
630,12.0595964763476,"Zhong2025",2011
631,0.68054355351718,"Zhong2025",2011
632,0.0381192706749927,"Zhong2025",2011
633,0.0399644558533142,"Zhong2025",2011
634,2.4800778147798,"Zhong2025",2011
635,0.221710504038215,"Zhong2025",2011
636,2.79543236784406,"Zhong2025",2011
637,0.246284866791882,"Zhong2025",2011
638,29.2875759042799,"Zhong2025",2011
639,1.84500373623544,"Zhong2025",2011
640,0.611660316014852,"Zhong2025",2011
641,1.81970252760061,"Zhong2025",2011
642,1.666321005369,"Zhong2025",2011
643,1.57043019581645,"Zhong2025",2011
644,0.525072999635623,"Zhong2025",2011
645,1.47879429038975,"Zhong2025",2011
646,7.42218040017521,"Zhong2025",2011
647,0.80084585169187,"Zhong2025",2011
648,0.990112664005837,"Zhong2025",2011
649,7.35707456790484,"Zhong2025",2011
650,3.45751585287076,"Zhong2025",2011
651,0,"Zhong2025",2011
652,3.44741274967142,"Zhong2025",2011
653,1.2800296516254,"Zhong2025",2011
654,12.2586088033243,"Zhong2025",2011
655,0.142986920996979,"Zhong2025",2011
656,0.904965022366918,"Zhong2025",2011
657,5.91341354936924,"Zhong2025",2011
658,3.52480329945683,"Zhong2025",2011
659,6.06115840327043,"Zhong2025",2011
660,0,"Zhong2025",2011
661,12.1345440226216,"Zhong2025",2011
662,0.24037464965305,"Zhong2025",2011
663,2.42366374979417,"Zhong2025",2011
664,0.165115816252572,"Zhong2025",2011
665,0.718492754756711,"Zhong2025",2011
666,1.1226618374067,"Zhong2025",2011
667,0.141975927112539,"Zhong2025",2011
668,3.39374997579796,"Zhong2025",2011
669,0.739521392605491,"Zhong2025",2011
670,0.17990713864918,"Zhong2025",2011
671,2.2722225601423,"Zhong2025",2011
672,16.3670415267614,"Zhong2025",2011
673,4.97940646832989,"Zhong2025",2011
674,1.1313420947251,"Zhong2025",2011
675,5.95455393877152,"Zhong2025",2011
676,3.23475256775107,"Zhong2025",2011
677,0.41600959116839,"Zhong2025",2011
678,0.9154933989048,"Zhong2025",2011
679,7.08583130947379,"Zhong2025",2011
680,5.3580893610799,"Zhong2025",2011
681,3.17143106529312,"Zhong2025",2011
682,0.159136222818409,"Zhong2025",2011
683,13.5876080876102,"Zhong2025",2011
684,0.703918538779851,"Zhong2025",2011
685,1.48392744909666,"Zhong2025",2011
686,8.03540409881654,"Zhong2025",2011
687,7.56151370283054,"Zhong2025",2011
688,1.04458064002835,"Zhong2025",2011
689,1.69319969946236,"Zhong2025",2011
690,3.10343148741009,"Zhong2025",2011
691,1.7541006902388,"Zhong2025",2011
692,18.4557563596302,"Zhong2025",2011
693,2.26235638315288,"Zhong2025",2011
694,7.34763916560582,"Zhong2025",2011
695,5.91432286910713,"Zhong2025",2011
696,0.307494185513992,"Zhong2025",2011
697,7.64558301269448,"Zhong2025",2011
698,0.635165885090828,"Zhong2025",2011
699,0.108211854406233,"Zhong2025",2011
700,2.90732780783265,"Zhong2025",2011
701,0.495651182774797,"Zhong2025",2011
702,4.69810194770495,"Zhong2025",2011
703,6.29589635875109,"Zhong2025",2011
704,16.7206609125795,"Zhong2025",2011
705,1.69332179294835,"Zhong2025",2011
706,33.9739691468536,"Zhong2025",2011
707,5.1418737183641,"Zhong2025",2011
708,7.64715272661239,"Zhong2025",2011
709,0.159182528138161,"Zhong2025",2011
710,4.82863789398066,"Zhong2025",2011
711,0,"Zhong2025",2011
712,8.83053377183079,"Zhong2025",2011
713,0.109936485778202,"Zhong2025",2011
714,3.23545982088985,"Zhong2025",2011
715,0.322146679421238,"Zhong2025",2011
716,0.313284724547718,"Zhong2025",2011
717,2.0672375538103,"Zhong2025",2011
718,2.8514691725599,"Zhong2025",2011
719,2.34552200841222,"Zhong2025",2011
720,0.156752290492746,"Zhong2025",2011
721,2.41356031712718,"Zhong2025",2011
722,5.52921286047521,"Zhong2025",2011
723,12.2058138090665,"Zhong2025",2011
724,0.44644715293594,"Zhong2025",2011
725,5.47981774393055,"Zhong2025",2011
726,0.386003171454579,"Zhong2025",2011
727,0.76968750539594,"Zhong2025",2011
728,1.51087495680861,"Zhong2025",2011
729,0.584278810805487,"Zhong2025",2011
730,5.98441129492622,"Zhong2025",2011
731,0.665508470797582,"Zhong2025",2011
732,9.92291245503085,"Zhong2025",2011
733,1.58572121865955,"Zhong2025",2011
734,0.720892223462995,"Zhong2025",2011
735,0.48058590462262,"Zhong2025",2011
736,2.25751949645697,"Zhong2025",2011
737,3.4216304392321,"Zhong2025",2011
738,5.97871161229908,"Zhong2025",2011
739,3.1933038059548,"Zhong2025",2011
740,12.6454149007797,"Zhong2025",2011
741,0.405196900682167,"Zhong2025",2011
742,3.40576431226324,"Zhong2025",2011
743,11.3225025229984,"Zhong2025",2011
744,1.51698776498974,"Zhong2025",2011
745,8.60793991291777,"Zhong2025",2011
746,2.46339937265103,"Zhong2025",2011
747,18.1355560847691,"Zhong2025",2011
748,2.56779295308072,"Zhong2025",2011
749,0.579782503681551,"Zhong2025",2011
750,1.9662862391096,"Zhong2025",2011
751,1.46939740587819,"Zhong2025",2011
752,14.8866935549556,"Zhong2025",2011
753,0.571650444088916,"Zhong2025",2011
754,0.416109302948261,"Zhong2025",2011
755,4.16986454087634,"Zhong2025",2011
756,3.4819067792837,"Zhong2025",2011
757,0,"Zhong2025",2011
758,0.195929495523402,"Zhong2025",2011
759,0.381957001166959,"Zhong2025",2011
760,0.101606126863587,"Zhong2025",2011
761,12.9875560741799,"Zhong2025",2011
762,15.168846954671,"Zhong2025",2011
763,13.4831166645837,"Zhong2025",2011
764,10.7632218509128,"Zhong2025",2011
765,2.25266805903471,"Zhong2025",2011
766,5.88278403878212,"Zhong2025",2011
767,13.9877169836135,"Zhong2025",2011
768,0.220895329999063,"Zhong2025",2011
769,16.1904711042132,"Zhong2025",2011
770,49.9887833335183,"Zhong2025",2011
771,0.686512498408377,"Zhong2025",2011
772,9.38125230919602,"Zhong2025",2011
773,1.27003129440756,"Zhong2025",2011
774,1.26470454622739,"Zhong2025",2011
775,9.94715461211327,"Zhong2025",2011
776,9.20050598102968,"Zhong2025",2011
777,5.86873142502256,"Zhong2025",2011
778,14.8544017804498,"Zhong2025",2011
779,54.0622733811201,"Zhong2025",2011
780,7.00027796651783,"Zhong2025",2011
781,19.2187573115031,"Zhong2025",2011
782,0,"Zhong2025",2011
783,30.378135059561,"Zhong2025",2011
784,1.51392831636458,"Zhong2025",2011
785,3.04643539611657,"Zhong2025",2011
786,53.704168880687,"Zhong2025",2011
787,6.54837068839066,"Zhong2025",2011
788,0.101985966414213,"Zhong2025",2011
789,24.7473788150521,"Zhong2025",2011
790,0.874703068299826,"Zhong2025",2011
791,0.718029416712194,"Zhong2025",2011
792,13.8644291924649,"Zhong2025",2011
793,7.73551100956069,"Zhong2025",2011
794,5.80541524285406,"Zhong2025",2011
795,8.89714818115813,"Zhong2025",2011
796,4.12729845971477,"Zhong2025",2011
797,4.60095557186113,"Zhong2025",2011
798,8.51769628809459,"Zhong2025",2011
799,1.96372086215957,"Zhong2025",2011
800,0.125972962333775,"Zhong2025",2011
801,2.33930791007712,"Zhong2025",2011
802,1.0492815871054,"Zhong2025",2011
803,20.7159258987593,"Zhong2025",2011
804,17.4000325620174,"Zhong2025",2011
805,2.14311555405996,"Zhong2025",2011
806,0.882596377214855,"Zhong2025",2011
807,10.6386678042235,"Zhong2025",2011
808,4.90107599087059,"Zhong2025",2011
809,1.00460196965758,"Zhong2025",2011
810,44.2723778205189,"Zhong2025",2011
811,1.88385800405272,"Zhong2025",2011
812,0.284594591750775,"Zhong2025",2011
813,8.82789580575351,"Zhong2025",2011
814,12.8160466781029,"Zhong2025",2011
815,13.2263180832068,"Zhong2025",2011
816,3.58395438740651,"Zhong2025",2011
817,6.75435679117839,"Zhong2025",2011
818,1.19976367995084,"Zhong2025",2011
819,2.5392540202126,"Zhong2025",2011
820,0,"Zhong2025",2011
821,8.43683408724295,"Zhong2025",2011
822,0.227562403749518,"Zhong2025",2011
823,3.85049715617099,"Zhong2025",2011
824,3.44316932776609,"Zhong2025",2011
825,1.45160426781969,"Zhong2025",2011
826,5.31384230635705,"Zhong2025",2011
827,2.75584807828681,"Zhong2025",2011
828,5.67678483227411,"Zhong2025",2011
829,9.47253451347351,"Zhong2025",2011
830,19.3502045878658,"Zhong2025",2011
831,19.707884849386,"Zhong2025",2011
832,1.70810428739955,"Zhong2025",2011
833,0.197986026328118,"Zhong2025",2011
834,9.60480384599595,"Zhong2025",2011
835,12.6570738090957,"Zhong2025",2011
836,9.30555620605451,"Zhong2025",2011
837,17.2424934667699,"Zhong2025",2011
838,7.70970192639267,"Zhong2025",2011
839,35.1137115995763,"Zhong2025",2011
840,11.2429042343389,"Zhong2025",2011
841,10.530180170712,"Zhong2025",2011
842,3.94702195974719,"Zhong2025",2011
843,2.93927361294115,"Zhong2025",2011
844,8.82079546830871,"Zhong2025",2011
845,26.6014550064183,"Zhong2025",2011
846,4.12801713022081,"Zhong2025",2011
847,15.9121201833089,"Zhong2025",2011
848,37.7406827582688,"Zhong2025",2011
849,14.7750565740797,"Zhong2025",2011
850,2.8250988279951,"Zhong2025",2011
851,9.49233583175382,"Zhong2025",2011
852,42.6411708323161,"Zhong2025",2011
853,0.284397782169675,"Zhong2025",2011
854,0.484849158883516,"Zhong2025",2011
855,10.6073142730438,"Zhong2025",2011
856,14.2671539441303,"Zhong2025",2011
857,2.33346142926637,"Zhong2025",2011
858,2.21917085289912,"Zhong2025",2011
859,1.72401552546867,"Zhong2025",2011
860,5.20492379168329,"Zhong2025",2011
861,0.285529184096958,"Zhong2025",2011
862,5.50635166666355,"Zhong2025",2011
863,13.1772448513784,"Zhong2025",2011
864,9.25403596301411,"Zhong2025",2011
865,0.121772001728415,"Zhong2025",2011
866,13.8576435800326,"Zhong2025",2011
867,20.0944080239534,"Zhong2025",2011
868,10.9422236012888,"Zhong2025",2011
869,12.2166691438866,"Zhong2025",2011
870,0.721578217352178,"Zhong2025",2011
871,0.20823103652811,"Zhong2025",2011
872,3.88566740869817,"Zhong2025",2011
873,0.157782911574631,"Zhong2025",2011
874,0.380120060046514,"Zhong2025",2011
875,0.322668957234575,"Zhong2025",2011
876,6.0283584944691,"Zhong2025",2011
877,0.205374453216791,"Zhong2025",2011
878,2.6774025782252,"Zhong2025",2011
879,4.03237893373499,"Zhong2025",2011
880,0.065868584753631,"Zhong2025",2011
881,0.0842356244601043,"Zhong2025",2011
882,0.655575558441606,"Zhong2025",2011
883,1.63263580614652,"Zhong2025",2011
884,0.966140430363245,"Zhong2025",2011
885,0.735663002212496,"Zhong2025",2011
886,20.3836581747841,"Zhong2025",2011
887,1.09671578099651,"Zhong2025",2011
888,0.91482221300868,"Zhong2025",2011
889,6.87746624781086,"Zhong2025",2011
890,6.01531413684762,"Zhong2025",2011
891,1.59694076000645,"Zhong2025",2011
892,5.96563582724713,"Zhong2025",2011
893,2.70275772569908,"Zhong2025",2011
894,0.728742163292777,"Zhong2025",2011
895,0.493448672269479,"Zhong2025",2011
896,12.5439839987919,"Zhong2025",2011
897,2.98289173386621,"Zhong2025",2011
898,0.586262352123457,"Zhong2025",2011
899,0.892128832046109,"Zhong2025",2011
900,0.144925250588533,"Zhong2025",2011
901,26.6197952435474,"Zhong2025",2011
902,0.163547172684626,"Zhong2025",2011
903,0.843603938159467,"Zhong2025",2011
904,0.31182488579362,"Zhong2025",2011
905,0.682683458358813,"Zhong2025",2011
906,1.58502559770565,"Zhong2025",2011
907,0.765236300671884,"Zhong2025",2011
908,0.538033181054388,"Zhong2025",2011
909,22.5902129281848,"Zhong2025",2011
910,15.2800845935281,"Zhong2025",2011
911,8.0704830661917,"Zhong2025",2011
912,4.25795886853174,"Zhong2025",2011
913,5.84615718161633,"Zhong2025",2011
914,5.07510573429134,"Zhong2025",2011
915,0.769352024597396,"Zhong2025",2011
916,1.72531891667254,"Zhong2025",2011
917,0.00409889524352962,"Zhong2025",2011
918,0.833849430943428,"Zhong2025",2011
919,1.76629524583307,"Zhong2025",2011
920,1.07453403383786,"Zhong2025",2011
921,7.48539743292562,"Zhong2025",2011
922,2.57164086020803,"Zhong2025",2011
923,0.0866873040920127,"Zhong2025",2011
924,0.0145837275542836,"Zhong2025",2011
925,0.398405128725238,"Zhong2025",2011
926,0.273258218641884,"Zhong2025",2011
927,0.236931936822314,"Zhong2025",2011
928,0.106766655722879,"Zhong2025",2011
929,0.0610121369756198,"Zhong2025",2011
930,5.06807788904911,"Zhong2025",2011
931,1.21402679596958,"Zhong2025",2011
932,0.227082860115144,"Zhong2025",2011
933,0,"Zhong2025",2011
934,0.30163721759396,"Zhong2025",2011
935,0.0720254996050112,"Zhong2025",2011
936,0.0101530030199145,"Zhong2025",2011
937,0.00436165477048209,"Zhong2025",2011
938,0.448230568034014,"Zhong2025",2011
939,11.1871240680597,"Zhong2025",2011
940,6.9295140073283,"Zhong2025",2011
941,1.07524160637089,"Zhong2025",2011
942,2.75017133943237,"Zhong2025",2011
943,0.622179740051429,"Zhong2025",2011
944,0.930706794737711,"Zhong2025",2011
945,0.427163663344947,"Zhong2025",2011
946,1.31177574254438,"Zhong2025",2011
947,0.425936069048888,"Zhong2025",2011
948,1.49648138275652,"Zhong2025",2011
949,8.89855964720954,"Zhong2025",2011
950,6.58525648878008,"Zhong2025",2011
951,0.393121310853384,"Zhong2025",2011
952,1.73321425041534,"Zhong2025",2011
953,5.78509211462212,"Zhong2025",2011
954,6.40480102773643,"Zhong2025",2011
955,0.430959109600189,"Zhong2025",2011
956,0.349644139955168,"Zhong2025",2011
957,0.616640741446556,"Zhong2025",2011
958,0.309425997195972,"Zhong2025",2011
959,0.582879088162924,"Zhong2025",2011
960,7.06882616429739,"Zhong2025",2011
961,3.08238899958161,"Zhong2025",2011
962,0.43652718975538,"Zhong2025",2011
963,3.53470330702749,"Zhong2025",2011
964,0.982046749572939,"Zhong2025",2011
965,11.4560551706636,"Zhong2025",2011
966,6.00637853675692,"Zhong2025",2011
967,3.57222870871963,"Zhong2025",2011
968,0.0864339667157485,"Zhong2025",2011
969,4.04427492904321,"Zhong2025",2011
970,0.351440922307651,"Zhong2025",2011
971,2.54638609233649,"Zhong2025",2011
972,0.733693174984626,"Zhong2025",2011
973,8.08972398439449,"Zhong2025",2011
974,2.25969092356382,"Zhong2025",2011
975,0.357905438392474,"Zhong2025",2011
976,0,"Zhong2025",2011
977,0,"Zhong2025",2011
978,2.52823236603394,"Zhong2025",2011
979,17.743181394071,"Zhong2025",2011
980,6.68154908899687,"Zhong2025",2011
981,12.0565252313218,"Zhong2025",2011
982,3.01171238612067,"Zhong2025",2011
983,3.42017082133166,"Zhong2025",2011
984,3.81563483526309,"Zhong2025",2011
985,1.27113169808497,"Zhong2025",2011
986,0.0986766957331204,"Zhong2025",2011
987,0.0325327528673306,"Zhong2025",2011
988,0.2362381308801,"Zhong2025",2011
989,0.66240233241388,"Zhong2025",2011
990,2.50201600651715,"Zhong2025",2011
991,0,"Zhong2025",2011
992,2.16044345907137,"Zhong2025",2011
993,0.596225196037506,"Zhong2025",2011
994,0.509397959076492,"Zhong2025",2011
995,1.08833650579747,"Zhong2025",2011
996,3.17773638839909,"Zhong2025",2011
997,7.15986574036479,"Zhong2025",2011
998,0.543033048720253,"Zhong2025",2011
999,0.722798285795556,"Zhong2025",2011
1000,11.8514145208036,"Zhong2025",2011
1001,0.1270558995793,"Zhong2025",2011
1002,3.17256563975487,"Zhong2025",2011
1003,0.0149176891238706,"Zhong2025",2011
1004,3.08281161119095,"Zhong2025",2011
1005,0.440407610525646,"Zhong2025",2011
1006,0,"Zhong2025",2011
1007,0.853426110873204,"Zhong2025",2011
1008,11.220696483718,"Zhong2025",2011
1009,0.715033894024764,"Zhong2025",2011
1010,0,"Zhong2025",2011
1011,0.586526419375635,"Zhong2025",2011
1012,2.85295090279733,"Zhong2025",2011
1013,1.83292243568336,"Zhong2025",2011
1014,1.77568942125706,"Zhong2025",2011
1015,1.04326427797067,"Zhong2025",2011
1016,4.20725026877167,"Zhong2025",2011
1017,1.59826437954906,"Zhong2025",2011
1018,0.490158231533674,"Zhong2025",2011
1019,0.363215092558946,"Zhong2025",2011
1020,0.197560807590402,"Zhong2025",2011
1021,0.038388723295007,"Zhong2025",2011
1022,7.98735082701721,"Zhong2025",2011
1023,4.4794612433453,"Zhong2025",2011
1024,0,"Zhong2025",2011
1025,12.1211473576981,"Zhong2025",2011
1026,2.21371033648408,"Zhong2025",2011
1027,0.402288547513937,"Zhong2025",2011
1028,0.240372568526596,"Zhong2025",2011
1029,1.68752472618848,"Zhong2025",2011
1030,0.799868575223284,"Zhong2025",2011
1031,0.128458818760501,"Zhong2025",2011
1032,5.77944218028675,"Zhong2025",2011
1033,2.94562418784125,"Zhong2025",2011
1034,3.22759990490876,"Zhong2025",2011
1035,9.31194756323831,"Zhong2025",2011
1036,3.24672301753627,"Zhong2025",2011
1037,0.213241675632911,"Zhong2025",2011
1038,1.57516386798586,"Zhong2025",2011
1039,0.816518131926142,"Zhong2025",2011
1040,0,"Zhong2025",2011
1041,2.55407967108595,"Zhong2025",2011
1042,0.073900289594121,"Zhong2025",2011
1043,0.0758731698519305,"Zhong2025",2011
1044,0.819563013574586,"Zhong2025",2011
1045,0,"Zhong2025",2011
1046,1.31417735474996,"Zhong2025",2011
1047,0.83263238844148,"Zhong2025",2011
1048,0.0789806420923533,"Zhong2025",2011
1049,0.0237131943568797,"Zhong2025",2011
1050,0.400305410031791,"Zhong2025",2011
1051,0.377218489985596,"Zhong2025",2011
1052,0.982206542517098,"Zhong2025",2011
1053,1.76200313231146,"Zhong2025",2011
1054,7.56037765741348,"Zhong2025",2011
1055,0.60245431654738,"Zhong2025",2011
1056,0.402440769518627,"Zhong2025",2011
1057,14.0679313731514,"Zhong2025",2011
1058,38.6395523213895,"Zhong2025",2011
1059,0.186230820741946,"Zhong2025",2011
1060,0.00235417628517518,"Zhong2025",2011
1061,10.8836716382357,"Zhong2025",2011
1062,39.6037967670255,"Zhong2025",2011
1063,11.6222964686244,"Zhong2025",2011
1064,0.272286971973685,"Zhong2025",2011
1065,3.75599479704348,"Zhong2025",2011
1066,1.07843986420852,"Zhong2025",2011
1067,1.32113335917168,"Zhong2025",2011
1068,2.06353735171436,"Zhong2025",2011
1069,0.178635940736347,"Zhong2025",2011
1070,2.1078898678499,"Zhong2025",2011
1071,8.75853485813172,"Zhong2025",2011
1072,1.4404578393611,"Zhong2025",2011
1073,0.685448988534152,"Zhong2025",2011
1074,6.50971407422646,"Zhong2025",2011
1075,1.52894463461286,"Zhong2025",2011
1076,1.17570150316319,"Zhong2025",2011
1077,0.253244638150176,"Zhong2025",2011
1078,19.409985305952,"Zhong2025",2011
1079,3.86999679761561,"Zhong2025",2011
1080,22.6486085910423,"Zhong2025",2011
1081,7.31249586609904,"Zhong2025",2011
1082,7.37217398476262,"Zhong2025",2011
1083,1.2245574262516,"Zhong2025",2011
1084,8.33616024909312,"Zhong2025",2011
1085,5.29419426925158,"Zhong2025",2011
1086,6.0127610735128,"Zhong2025",2011
1087,8.24204394270003,"Zhong2025",2011
1088,22.2938523652419,"Zhong2025",2011
1089,0.171100716028808,"Zhong2025",2011
1090,0.697721837365713,"Zhong2025",2011
1091,2.15721972472077,"Zhong2025",2011
1092,5.80318713752212,"Zhong2025",2011
1093,8.0771596755169,"Zhong2025",2011
1094,0.281313770138011,"Zhong2025",2011
1095,4.1927704412486,"Zhong2025",2011
1096,15.9315047769142,"Zhong2025",2011
1097,0.0749789278639626,"Zhong2025",2011
1098,0.104593534614395,"Zhong2025",2011
1099,1.51501788418465,"Zhong2025",2011
1100,9.4696691201465,"Zhong2025",2011
1101,0.645152094787712,"Zhong2025",2011
1102,4.73658744995098,"Zhong2025",2011
1103,1.01903070529553,"Zhong2025",2011
1104,7.33990024717361,"Zhong2025",2011
1105,2.65372354939105,"Zhong2025",2011
1106,4.29434958852828,"Zhong2025",2011
1107,1.48893017093169,"Zhong2025",2011
1108,0.681665383136357,"Zhong2025",2011
1109,3.22550787295451,"Zhong2025",2011
1110,1.11701601290949,"Zhong2025",2011
1111,3.06601389410806,"Zhong2025",2011
1112,27.7242022302416,"Zhong2025",2011
1113,33.2674502367949,"Zhong2025",2011
1114,54.1119132268996,"Zhong2025",2011
1115,28.3885297251272,"Zhong2025",2011
1116,40.2520103623382,"Zhong2025",2011
1117,18.6196596475748,"Zhong2025",2011
1118,28.8677752369111,"Zhong2025",2011
1119,1.28510131805458,"Zhong2025",2011
1120,6.25747189946986,"Zhong2025",2011
1121,54.6710925102234,"Zhong2025",2011
1122,51.0243238147936,"Zhong2025",2011
1,1.54946874731218,"Zhong2025",2012
2,0.105427193282931,"Zhong2025",2012
3,0.129906512604938,"Zhong2025",2012
4,0.399501115186461,"Zhong2025",2012
5,0.187828843923296,"Zhong2025",2012
6,0.134379266726267,"Zhong2025",2012
7,0.0204014255070847,"Zhong2025",2012
8,0.124146182090044,"Zhong2025",2012
9,0.0945206448443983,"Zhong2025",2012
10,0.0437977179844854,"Zhong2025",2012
11,0.0294250956238132,"Zhong2025",2012
12,0.0366233965857035,"Zhong2025",2012
13,0.00709378253920767,"Zhong2025",2012
14,0.0704415407204172,"Zhong2025",2012
15,0.404423774600449,"Zhong2025",2012
16,0.0681547934504023,"Zhong2025",2012
17,16.2507741306572,"Zhong2025",2012
18,0.401277786421199,"Zhong2025",2012
19,0.173301392705134,"Zhong2025",2012
20,0.216350424823489,"Zhong2025",2012
21,0.41276682052417,"Zhong2025",2012
22,1.94783497605117,"Zhong2025",2012
23,3.07492602620436,"Zhong2025",2012
24,2.06743538128014,"Zhong2025",2012
25,7.03189930648556,"Zhong2025",2012
26,5.70322869876018,"Zhong2025",2012
27,1.68311097864377,"Zhong2025",2012
28,14.7144319373782,"Zhong2025",2012
29,0.306885330929579,"Zhong2025",2012
30,0.649374618104504,"Zhong2025",2012
31,0.547135654599829,"Zhong2025",2012
32,0,"Zhong2025",2012
33,0.383201151726371,"Zhong2025",2012
34,10.2549404847781,"Zhong2025",2012
35,1.00256655171988,"Zhong2025",2012
36,11.5328727670618,"Zhong2025",2012
37,0.103300019724863,"Zhong2025",2012
38,0.592201317908942,"Zhong2025",2012
39,0.703579798436503,"Zhong2025",2012
40,13.573683131996,"Zhong2025",2012
41,20.9562854849059,"Zhong2025",2012
42,0.512711785429501,"Zhong2025",2012
43,1.41658720683826,"Zhong2025",2012
44,0,"Zhong2025",2012
45,8.89242156169641,"Zhong2025",2012
46,0.0153829409895676,"Zhong2025",2012
47,1.54750538132146,"Zhong2025",2012
48,1.17033189855834,"Zhong2025",2012
49,2.16421135804318,"Zhong2025",2012
50,0,"Zhong2025",2012
51,8.08592922523342,"Zhong2025",2012
52,2.19215914848604,"Zhong2025",2012
53,1.61218811335253,"Zhong2025",2012
54,0.294506689703277,"Zhong2025",2012
55,0.0831506242213696,"Zhong2025",2012
56,0,"Zhong2025",2012
57,0,"Zhong2025",2012
58,19.5568899767739,"Zhong2025",2012
59,39.5246356140854,"Zhong2025",2012
60,15.2221685360218,"Zhong2025",2012
61,6.79930815372116,"Zhong2025",2012
62,3.35485956560036,"Zhong2025",2012
63,6.12310700313601,"Zhong2025",2012
64,7.58968285246244,"Zhong2025",2012
65,8.39969339685799,"Zhong2025",2012
66,3.03222928308535,"Zhong2025",2012
67,27.199602448053,"Zhong2025",2012
68,18.2627539179707,"Zhong2025",2012
69,2.73503441729893,"Zhong2025",2012
70,1.29873466425886,"Zhong2025",2012
71,10.8966863850949,"Zhong2025",2012
72,3.41727542687147,"Zhong2025",2012
73,7.35163965175313,"Zhong2025",2012
74,6.57763872417585,"Zhong2025",2012
75,13.5217706793371,"Zhong2025",2012
76,14.0119622010451,"Zhong2025",2012
77,7.18470751805739,"Zhong2025",2012
78,18.3472045628219,"Zhong2025",2012
79,9.45678997905024,"Zhong2025",2012
80,11.0845800589209,"Zhong2025",2012
81,6.65976234263867,"Zhong2025",2012
82,10.7458543196625,"Zhong2025",2012
83,10.3929117526169,"Zhong2025",2012
84,3.55815165832165,"Zhong2025",2012
85,6.84672056400888,"Zhong2025",2012
86,4.47939487763121,"Zhong2025",2012
87,6.57385390926546,"Zhong2025",2012
88,13.9883674144745,"Zhong2025",2012
89,2.4509161454274,"Zhong2025",2012
90,10.0197215200472,"Zhong2025",2012
91,8.92480708632553,"Zhong2025",2012
92,35.6296772916778,"Zhong2025",2012
93,9.08184374642622,"Zhong2025",2012
94,5.00987677852013,"Zhong2025",2012
95,14.7586198707265,"Zhong2025",2012
96,10.9426862913483,"Zhong2025",2012
97,11.6505703292213,"Zhong2025",2012
98,1.6559125748034,"Zhong2025",2012
99,6.72777563547148,"Zhong2025",2012
100,1.20530253872258,"Zhong2025",2012
101,2.49958141972517,"Zhong2025",2012
102,3.82338124261621,"Zhong2025",2012
103,1.30341417239365,"Zhong2025",2012
104,5.44167746065391,"Zhong2025",2012
105,0.265799111819073,"Zhong2025",2012
106,2.75511171109038,"Zhong2025",2012
107,0.517945633475053,"Zhong2025",2012
108,0.631980104775696,"Zhong2025",2012
109,3.68394111968343,"Zhong2025",2012
110,0.496793376460257,"Zhong2025",2012
111,0.987026679270658,"Zhong2025",2012
112,0.0700770443532982,"Zhong2025",2012
113,0.0396300636487762,"Zhong2025",2012
114,7.09119091988319,"Zhong2025",2012
115,1.2423220487341,"Zhong2025",2012
116,0.713528362223665,"Zhong2025",2012
117,0.936247156324183,"Zhong2025",2012
118,3.75981177302158,"Zhong2025",2012
119,0.822205764986575,"Zhong2025",2012
120,1.05675775456863,"Zhong2025",2012
121,0.921254083048552,"Zhong2025",2012
122,0.102899585705224,"Zhong2025",2012
123,8.14864762292435,"Zhong2025",2012
124,0.865236961390534,"Zhong2025",2012
125,3.48295655122568,"Zhong2025",2012
126,6.51779143942727,"Zhong2025",2012
127,1.24312503850441,"Zhong2025",2012
128,7.52682331456731,"Zhong2025",2012
129,6.2802708699153,"Zhong2025",2012
130,8.33934315722039,"Zhong2025",2012
131,13.6027564275063,"Zhong2025",2012
132,2.88585925801364,"Zhong2025",2012
133,4.28156480673821,"Zhong2025",2012
134,2.99559339218669,"Zhong2025",2012
135,1.10251285071059,"Zhong2025",2012
136,5.84626264326156,"Zhong2025",2012
137,9.41339380264282,"Zhong2025",2012
138,2.63030830949831,"Zhong2025",2012
139,3.07862400593328,"Zhong2025",2012
140,1.42417877321666,"Zhong2025",2012
141,3.27474266577006,"Zhong2025",2012
142,6.60078367618406,"Zhong2025",2012
143,1.14880964577198,"Zhong2025",2012
144,0.337763754873101,"Zhong2025",2012
145,6.92006348800328,"Zhong2025",2012
146,1.86676377196099,"Zhong2025",2012
147,4.6958786932943,"Zhong2025",2012
148,0,"Zhong2025",2012
149,2.4312002359114,"Zhong2025",2012
150,4.76113866918303,"Zhong2025",2012
151,1.6770037383607,"Zhong2025",2012
152,0.61875002388505,"Zhong2025",2012
153,4.55743051846763,"Zhong2025",2012
154,5.4135968434376,"Zhong2025",2012
155,3.06782721401739,"Zhong2025",2012
156,0.130116824992001,"Zhong2025",2012
157,8.95387122829755,"Zhong2025",2012
158,2.78947077674024,"Zhong2025",2012
159,4.74209865156947,"Zhong2025",2012
160,2.0536734219482,"Zhong2025",2012
161,0.986419775760947,"Zhong2025",2012
162,0.0777605987263067,"Zhong2025",2012
163,0.122866903487899,"Zhong2025",2012
164,0.349066026882775,"Zhong2025",2012
165,0.120012843905548,"Zhong2025",2012
166,0.00721771384025624,"Zhong2025",2012
167,0.0733876392428337,"Zhong2025",2012
168,0.00582052184962656,"Zhong2025",2012
169,2.35968593190655e-05,"Zhong2025",2012
170,0,"Zhong2025",2012
171,0,"Zhong2025",2012
172,0,"Zhong2025",2012
173,0.168263726687912,"Zhong2025",2012
174,0,"Zhong2025",2012
175,0,"Zhong2025",2012
176,0.00502592054492529,"Zhong2025",2012
177,0.0408134055584674,"Zhong2025",2012
178,0,"Zhong2025",2012
179,0,"Zhong2025",2012
180,0.0193025720538726,"Zhong2025",2012
181,0.00336975282065786,"Zhong2025",2012
182,0,"Zhong2025",2012
183,0,"Zhong2025",2012
184,0,"Zhong2025",2012
185,0,"Zhong2025",2012
186,0.0243597312234743,"Zhong2025",2012
187,0.151442523357397,"Zhong2025",2012
188,0.00908401402742405,"Zhong2025",2012
189,0.00236316811895203,"Zhong2025",2012
190,6.49632136113513,"Zhong2025",2012
191,10.6547104068625,"Zhong2025",2012
192,0,"Zhong2025",2012
193,0,"Zhong2025",2012
194,0.872647302307943,"Zhong2025",2012
195,2.52045617284695,"Zhong2025",2012
196,0.289719955758834,"Zhong2025",2012
197,0.469763721104848,"Zhong2025",2012
198,1.68080100136623,"Zhong2025",2012
199,0.125226661794544,"Zhong2025",2012
200,0.646696731550244,"Zhong2025",2012
201,0,"Zhong2025",2012
202,0.464022607893158,"Zhong2025",2012
203,0.0648320366462972,"Zhong2025",2012
204,3.87941371281434,"Zhong2025",2012
205,0.458993378718353,"Zhong2025",2012
206,2.38299561886719,"Zhong2025",2012
207,0.127898527100673,"Zhong2025",2012
208,0.127152811614269,"Zhong2025",2012
209,0.165793703016244,"Zhong2025",2012
210,0.0011918512742288,"Zhong2025",2012
211,0,"Zhong2025",2012
212,0,"Zhong2025",2012
213,0,"Zhong2025",2012
214,0,"Zhong2025",2012
215,0,"Zhong2025",2012
216,0,"Zhong2025",2012
217,0.00277563290532671,"Zhong2025",2012
218,0,"Zhong2025",2012
219,0,"Zhong2025",2012
220,0.0184088193624859,"Zhong2025",2012
221,0.0122045259175221,"Zhong2025",2012
222,0,"Zhong2025",2012
223,0,"Zhong2025",2012
224,0,"Zhong2025",2012
225,0,"Zhong2025",2012
226,0.0727811242647063,"Zhong2025",2012
227,0.011786382538617,"Zhong2025",2012
228,0.0105463407865017,"Zhong2025",2012
229,0.00527934136004772,"Zhong2025",2012
230,20.9286353651658,"Zhong2025",2012
231,2.6430501044991,"Zhong2025",2012
232,5.21251343679371,"Zhong2025",2012
233,0.346924918017122,"Zhong2025",2012
234,5.46521897457148,"Zhong2025",2012
235,11.4353292650647,"Zhong2025",2012
236,4.5125141009563,"Zhong2025",2012
237,4.89564783598787,"Zhong2025",2012
238,5.06718855867612,"Zhong2025",2012
239,3.85442328570286,"Zhong2025",2012
240,16.3445393830015,"Zhong2025",2012
241,8.96344713033256,"Zhong2025",2012
242,2.99018067819998,"Zhong2025",2012
243,10.0657399350977,"Zhong2025",2012
244,1.95422964775745,"Zhong2025",2012
245,10.4959807803488,"Zhong2025",2012
246,5.80335705123238,"Zhong2025",2012
247,0.886434081997373,"Zhong2025",2012
248,11.5974357053638,"Zhong2025",2012
249,8.66574670987971,"Zhong2025",2012
250,0.374290340271948,"Zhong2025",2012
251,1.82780002925572,"Zhong2025",2012
252,10.106731466625,"Zhong2025",2012
253,1.0257242410222,"Zhong2025",2012
254,16.7413500608024,"Zhong2025",2012
255,2.73965009872035,"Zhong2025",2012
256,5.61081889543582,"Zhong2025",2012
257,33.6445428995582,"Zhong2025",2012
258,7.97057804950448,"Zhong2025",2012
259,16.7541200379614,"Zhong2025",2012
260,30.0854896306992,"Zhong2025",2012
261,4.80079113860284,"Zhong2025",2012
262,12.918662552285,"Zhong2025",2012
263,1.35177972553436,"Zhong2025",2012
264,16.3527895004853,"Zhong2025",2012
265,13.290664431415,"Zhong2025",2012
266,1.56751213323038,"Zhong2025",2012
267,17.2837513876962,"Zhong2025",2012
268,4.67279526142502,"Zhong2025",2012
269,23.4404159322077,"Zhong2025",2012
270,4.69424359231226,"Zhong2025",2012
271,11.6155510402861,"Zhong2025",2012
272,8.18112322941739,"Zhong2025",2012
273,49.3985571861267,"Zhong2025",2012
274,8.35947821700127,"Zhong2025",2012
275,6.11207505184965,"Zhong2025",2012
276,16.4968976413502,"Zhong2025",2012
277,12.5461138058931,"Zhong2025",2012
278,0.618486653873618,"Zhong2025",2012
279,0.239348751756889,"Zhong2025",2012
280,10.1239136235467,"Zhong2025",2012
281,7.92556521187738,"Zhong2025",2012
282,5.62280582736182,"Zhong2025",2012
283,48.218481683611,"Zhong2025",2012
284,6.4327143107442,"Zhong2025",2012
285,0.490034163414222,"Zhong2025",2012
286,0.489910756710917,"Zhong2025",2012
287,0.489099208606394,"Zhong2025",2012
288,1.04244780373306,"Zhong2025",2012
289,3.37496090579468,"Zhong2025",2012
290,40.2814299589509,"Zhong2025",2012
291,1.27457560022777,"Zhong2025",2012
292,18.3639812613001,"Zhong2025",2012
293,5.11640968256527,"Zhong2025",2012
294,0.672110148210777,"Zhong2025",2012
295,0.414073341478943,"Zhong2025",2012
296,0.263016028063638,"Zhong2025",2012
297,2.51486474665665,"Zhong2025",2012
298,0.80075387211154,"Zhong2025",2012
299,1.75384276679584,"Zhong2025",2012
300,15.3720732969396,"Zhong2025",2012
301,3.82926932680157,"Zhong2025",2012
302,1.00029873731894,"Zhong2025",2012
303,21.5828556325701,"Zhong2025",2012
304,1.38333518209233,"Zhong2025",2012
305,0.0384699792122117,"Zhong2025",2012
306,2.70807739135095,"Zhong2025",2012
307,1.20488309849579,"Zhong2025",2012
308,2.4407618777819,"Zhong2025",2012
309,1.0929055977262,"Zhong2025",2012
310,2.71400380423412,"Zhong2025",2012
311,0.719110509030457,"Zhong2025",2012
312,6.91453986899306,"Zhong2025",2012
313,0.790674041330692,"Zhong2025",2012
314,5.20059357498731,"Zhong2025",2012
315,0.40405645021067,"Zhong2025",2012
316,0.0958011099680363,"Zhong2025",2012
317,1.39929031243172,"Zhong2025",2012
318,1.34112192940621,"Zhong2025",2012
319,7.49094721184881,"Zhong2025",2012
320,4.03944272089004,"Zhong2025",2012
321,0.759069882271754,"Zhong2025",2012
322,5.57134342618146,"Zhong2025",2012
323,6.41729422386815,"Zhong2025",2012
324,1.43765536481746,"Zhong2025",2012
325,0.600106234222159,"Zhong2025",2012
326,17.8827422576004,"Zhong2025",2012
327,3.76369192072701,"Zhong2025",2012
328,3.31846128956024,"Zhong2025",2012
329,9.16428934829762,"Zhong2025",2012
330,1.25196065460191,"Zhong2025",2012
331,8.48776643445922,"Zhong2025",2012
332,44.7294458150864,"Zhong2025",2012
333,3.3456650785104,"Zhong2025",2012
334,0.679662466470581,"Zhong2025",2012
335,6.29234620192683,"Zhong2025",2012
336,10.0942755580498,"Zhong2025",2012
337,48.6048353536805,"Zhong2025",2012
338,4.05189632307235,"Zhong2025",2012
339,2.08619973407749,"Zhong2025",2012
340,4.4992469844874,"Zhong2025",2012
341,11.5418516074618,"Zhong2025",2012
342,1.79666950260111,"Zhong2025",2012
343,1.61850390909834,"Zhong2025",2012
344,2.38579691310597,"Zhong2025",2012
345,9.51762143209677,"Zhong2025",2012
346,4.78402577867452,"Zhong2025",2012
347,4.2374027555037,"Zhong2025",2012
348,0.609781420915469,"Zhong2025",2012
349,0.750849273773129,"Zhong2025",2012
350,0.886719808450262,"Zhong2025",2012
351,20.7547567061016,"Zhong2025",2012
352,0.340613841261875,"Zhong2025",2012
353,9.38314640412077,"Zhong2025",2012
354,1.49153450416439,"Zhong2025",2012
355,4.58895919104313,"Zhong2025",2012
356,0.837949538329268,"Zhong2025",2012
357,11.5188622714087,"Zhong2025",2012
358,0.709462810089398,"Zhong2025",2012
359,1.64725381347825,"Zhong2025",2012
360,1.29715321775595,"Zhong2025",2012
361,13.069924823491,"Zhong2025",2012
362,0.622455676411471,"Zhong2025",2012
363,2.01015547696456,"Zhong2025",2012
364,0.582516687784155,"Zhong2025",2012
365,2.36178224285851,"Zhong2025",2012
366,0.389950846044821,"Zhong2025",2012
367,48.8898943020747,"Zhong2025",2012
368,17.7431762468954,"Zhong2025",2012
369,0.666132241632484,"Zhong2025",2012
370,5.56982499824462,"Zhong2025",2012
371,3.26591733250715,"Zhong2025",2012
372,1.12462314770993,"Zhong2025",2012
373,6.79306895834835,"Zhong2025",2012
374,0.14978960334995,"Zhong2025",2012
375,13.4877990811703,"Zhong2025",2012
376,4.44176056512192,"Zhong2025",2012
377,0.668544932892255,"Zhong2025",2012
378,0.545941169733568,"Zhong2025",2012
379,0.641744511201978,"Zhong2025",2012
380,0.126683864476425,"Zhong2025",2012
381,10.3279426127672,"Zhong2025",2012
382,25.7415865316229,"Zhong2025",2012
383,0.89607224834646,"Zhong2025",2012
384,1.39404051248794,"Zhong2025",2012
385,12.106565376659,"Zhong2025",2012
386,9.88231854062331,"Zhong2025",2012
387,30.6676726234811,"Zhong2025",2012
388,4.70488083726404,"Zhong2025",2012
389,3.29440494747389,"Zhong2025",2012
390,62.8499296188354,"Zhong2025",2012
391,4.90268704815516,"Zhong2025",2012
392,11.2153968710052,"Zhong2025",2012
393,7.54754039914244,"Zhong2025",2012
394,31.1859961141107,"Zhong2025",2012
395,4.46762054910262,"Zhong2025",2012
396,2.90361076819838,"Zhong2025",2012
397,2.41667211885944,"Zhong2025",2012
398,38.3167790282856,"Zhong2025",2012
399,0.135478422684586,"Zhong2025",2012
400,0.259861972247263,"Zhong2025",2012
401,0.145828520428093,"Zhong2025",2012
402,0.237809271019878,"Zhong2025",2012
403,0,"Zhong2025",2012
404,0,"Zhong2025",2012
405,6.72372911000358,"Zhong2025",2012
406,0.0229322706063574,"Zhong2025",2012
407,0.562492011391501,"Zhong2025",2012
408,0.189375252416905,"Zhong2025",2012
409,0,"Zhong2025",2012
410,0.167065072362206,"Zhong2025",2012
411,0,"Zhong2025",2012
412,0.0967627216051234,"Zhong2025",2012
413,0,"Zhong2025",2012
414,0,"Zhong2025",2012
415,0.128229500910263,"Zhong2025",2012
416,0,"Zhong2025",2012
417,0.30984987298196,"Zhong2025",2012
418,0.346528551205691,"Zhong2025",2012
419,0.171007857811756,"Zhong2025",2012
420,0,"Zhong2025",2012
421,0.210749701926541,"Zhong2025",2012
422,0,"Zhong2025",2012
423,0,"Zhong2025",2012
424,0,"Zhong2025",2012
425,0,"Zhong2025",2012
426,0.121705842977134,"Zhong2025",2012
427,0.00943783747427391,"Zhong2025",2012
428,0,"Zhong2025",2012
429,0.333668262209921,"Zhong2025",2012
430,0.20930712920809,"Zhong2025",2012
431,0.00880174120477319,"Zhong2025",2012
432,0,"Zhong2025",2012
433,0.218704959848859,"Zhong2025",2012
434,0.0355455313141238,"Zhong2025",2012
435,1.53145276650947,"Zhong2025",2012
436,0.511075099022407,"Zhong2025",2012
437,3.76104339379197,"Zhong2025",2012
438,0.641068207543007,"Zhong2025",2012
439,1.16077151359243,"Zhong2025",2012
440,0.472345226196368,"Zhong2025",2012
441,14.8163507690855,"Zhong2025",2012
442,1.97417712844583,"Zhong2025",2012
443,5.01681241768568,"Zhong2025",2012
444,5.45428219533753,"Zhong2025",2012
445,7.39919884738169,"Zhong2025",2012
446,2.62644494658621,"Zhong2025",2012
447,4.34579577324159,"Zhong2025",2012
448,0.880892397354547,"Zhong2025",2012
449,5.35892981706244,"Zhong2025",2012
450,1.55973337550995,"Zhong2025",2012
451,2.07152030651749,"Zhong2025",2012
452,0.992020631796673,"Zhong2025",2012
453,0.258992645035096,"Zhong2025",2012
454,7.47675758884067,"Zhong2025",2012
455,4.60946565302751,"Zhong2025",2012
456,9.61047189235687,"Zhong2025",2012
457,9.24589371048089,"Zhong2025",2012
458,2.37565535388976,"Zhong2025",2012
459,3.22336389879136,"Zhong2025",2012
460,1.01394946409599,"Zhong2025",2012
461,4.66530124945887,"Zhong2025",2012
462,9.52372677983909,"Zhong2025",2012
463,1.06119448517632,"Zhong2025",2012
464,2.33874110960135,"Zhong2025",2012
465,1.03722043121046,"Zhong2025",2012
466,0.455830523774234,"Zhong2025",2012
467,57.9191307788942,"Zhong2025",2012
468,23.5942859540459,"Zhong2025",2012
469,11.3467866170974,"Zhong2025",2012
470,7.83697171674834,"Zhong2025",2012
471,34.1146957306635,"Zhong2025",2012
472,7.91253073444295,"Zhong2025",2012
473,7.62502562400574,"Zhong2025",2012
474,35.7755758303862,"Zhong2025",2012
475,4.16428337800906,"Zhong2025",2012
476,13.57435585528,"Zhong2025",2012
477,2.3621384564808,"Zhong2025",2012
478,16.0164462175125,"Zhong2025",2012
479,7.57699709618253,"Zhong2025",2012
480,40.3793953704834,"Zhong2025",2012
481,4.57210435125372,"Zhong2025",2012
482,34.7451628218306,"Zhong2025",2012
483,11.1927196559613,"Zhong2025",2012
484,5.91862323858465,"Zhong2025",2012
485,20.5624816628063,"Zhong2025",2012
486,55.3134525299072,"Zhong2025",2012
487,11.6138691008091,"Zhong2025",2012
488,11.9150004044557,"Zhong2025",2012
489,9.04888516177352,"Zhong2025",2012
490,23.1230431184882,"Zhong2025",2012
491,0.187146421219501,"Zhong2025",2012
492,0.415683315343785,"Zhong2025",2012
493,0.304896936935867,"Zhong2025",2012
494,5.98169856702655,"Zhong2025",2012
495,3.06038724864171,"Zhong2025",2012
496,0.296768810290957,"Zhong2025",2012
497,4.00842181288008,"Zhong2025",2012
498,1.76829617192415,"Zhong2025",2012
499,11.9868122392024,"Zhong2025",2012
500,0.737449990712378,"Zhong2025",2012
501,8.65536964496413,"Zhong2025",2012
502,2.49976808536504,"Zhong2025",2012
503,0.922920377692777,"Zhong2025",2012
504,1.17790236953256,"Zhong2025",2012
505,3.844388511128,"Zhong2025",2012
506,1.23302985536684,"Zhong2025",2012
507,3.94405034504529,"Zhong2025",2012
508,0,"Zhong2025",2012
509,1.78608980516194,"Zhong2025",2012
510,0.378117441202965,"Zhong2025",2012
511,0.0872097297903159,"Zhong2025",2012
512,0.159470792800949,"Zhong2025",2012
513,0.553743260946376,"Zhong2025",2012
514,0.426975824470138,"Zhong2025",2012
515,3.02915919000326,"Zhong2025",2012
516,3.65253088357435,"Zhong2025",2012
517,2.64482200501641,"Zhong2025",2012
518,0.130746151452135,"Zhong2025",2012
519,2.32093170959138,"Zhong2025",2012
520,0.776400748285134,"Zhong2025",2012
521,0.275665073283759,"Zhong2025",2012
522,6.04056807973767,"Zhong2025",2012
523,10.6191729358369,"Zhong2025",2012
524,0.214408335835632,"Zhong2025",2012
525,0.214259654875858,"Zhong2025",2012
526,2.61795781722458,"Zhong2025",2012
527,3.04340851437794,"Zhong2025",2012
528,0.202960409309117,"Zhong2025",2012
529,21.976825711934,"Zhong2025",2012
530,10.249756376727,"Zhong2025",2012
531,5.61211357114686,"Zhong2025",2012
532,1.48530507484009,"Zhong2025",2012
533,1.43953206556788,"Zhong2025",2012
534,2.83783249516124,"Zhong2025",2012
535,0.65903371379643,"Zhong2025",2012
536,3.27913957654324,"Zhong2025",2012
537,2.03505419623741,"Zhong2025",2012
538,2.03089208520784,"Zhong2025",2012
539,4.98196442694658,"Zhong2025",2012
540,5.81311540159072,"Zhong2025",2012
541,6.23975676675386,"Zhong2025",2012
542,1.80886201797103,"Zhong2025",2012
543,6.51962840616554,"Zhong2025",2012
544,3.21526360317861,"Zhong2025",2012
545,1.56571118767419,"Zhong2025",2012
546,2.3358398293951,"Zhong2025",2012
547,2.67952275557985,"Zhong2025",2012
548,2.69919502891748,"Zhong2025",2012
549,1.55540369195234,"Zhong2025",2012
550,1.80542204607091,"Zhong2025",2012
551,2.92994358278292,"Zhong2025",2012
552,2.04326996589433,"Zhong2025",2012
553,3.42280231936634,"Zhong2025",2012
554,2.27433687119495,"Zhong2025",2012
555,0.587607084098126,"Zhong2025",2012
556,1.51370917910848,"Zhong2025",2012
557,5.08614211638579,"Zhong2025",2012
558,7.61647003261504,"Zhong2025",2012
559,4.81872434843154,"Zhong2025",2012
560,2.44140548678115,"Zhong2025",2012
561,6.11351168899422,"Zhong2025",2012
562,16.6386869552636,"Zhong2025",2012
563,4.10304755422765,"Zhong2025",2012
564,2.36248483979388,"Zhong2025",2012
565,6.46440450173113,"Zhong2025",2012
566,1.29201346892208,"Zhong2025",2012
567,7.52837812636404,"Zhong2025",2012
568,0.697830710676686,"Zhong2025",2012
569,2.57916473334888,"Zhong2025",2012
570,0.300464499264174,"Zhong2025",2012
571,3.02727253398939,"Zhong2025",2012
572,1.27574832289606,"Zhong2025",2012
573,1.78732311191586,"Zhong2025",2012
574,1.51482872861849,"Zhong2025",2012
575,1.41406486912064,"Zhong2025",2012
576,4.23143482418457,"Zhong2025",2012
577,0.685970618663852,"Zhong2025",2012
578,2.41336517705887,"Zhong2025",2012
579,1.34513495912118,"Zhong2025",2012
580,4.09196353167134,"Zhong2025",2012
581,1.74161123309148,"Zhong2025",2012
582,0.715637073602586,"Zhong2025",2012
583,0.322612781814263,"Zhong2025",2012
584,1.14282668255833,"Zhong2025",2012
585,1.22253110975767,"Zhong2025",2012
586,1.21660143181216,"Zhong2025",2012
587,1.05942966594555,"Zhong2025",2012
588,0.189724797970335,"Zhong2025",2012
589,2.9422969346794,"Zhong2025",2012
590,1.55467857439071,"Zhong2025",2012
591,3.41159898362358,"Zhong2025",2012
592,0.641321963130287,"Zhong2025",2012
593,0.412056696493752,"Zhong2025",2012
594,7.59720322432261,"Zhong2025",2012
595,0.966123250302439,"Zhong2025",2012
596,0.269140533275625,"Zhong2025",2012
597,9.25998414964454,"Zhong2025",2012
598,1.24638274646715,"Zhong2025",2012
599,3.11537904637848,"Zhong2025",2012
600,1.52340677899351,"Zhong2025",2012
601,4.4205147383246,"Zhong2025",2012
602,2.05396285499629,"Zhong2025",2012
603,24.1878104727844,"Zhong2025",2012
604,2.86559641643677,"Zhong2025",2012
605,1.42202833888321,"Zhong2025",2012
606,5.04412524049713,"Zhong2025",2012
607,9.45567733019225,"Zhong2025",2012
608,19.2177548964818,"Zhong2025",2012
609,3.96953039333738,"Zhong2025",2012
610,1.36863652725468,"Zhong2025",2012
611,2.36679990883551,"Zhong2025",2012
612,0.381353133668502,"Zhong2025",2012
613,2.28677424175509,"Zhong2025",2012
614,6.46114096167785,"Zhong2025",2012
615,0.526650919759237,"Zhong2025",2012
616,3.62435301906261,"Zhong2025",2012
617,5.45257201778662,"Zhong2025",2012
618,12.5964989704261,"Zhong2025",2012
619,0.453504542342735,"Zhong2025",2012
620,6.26662821588028,"Zhong2025",2012
621,2.30124155891438,"Zhong2025",2012
622,2.1431355664837,"Zhong2025",2012
623,6.18682043080056,"Zhong2025",2012
624,4.09766410432175,"Zhong2025",2012
625,0.421962653308486,"Zhong2025",2012
626,5.35754914195492,"Zhong2025",2012
627,7.99143737670428,"Zhong2025",2012
628,12.0926709238216,"Zhong2025",2012
629,43.8065432442559,"Zhong2025",2012
630,12.0595964763476,"Zhong2025",2012
631,0.676164481448714,"Zhong2025",2012
632,0.0439202213117741,"Zhong2025",2012
633,0.0493581294230947,"Zhong2025",2012
634,2.40620594096968,"Zhong2025",2012
635,0.225674253441692,"Zhong2025",2012
636,2.83046839897753,"Zhong2025",2012
637,0.27350744298472,"Zhong2025",2012
638,29.3222821168602,"Zhong2025",2012
639,1.83643738084262,"Zhong2025",2012
640,0.651533642739211,"Zhong2025",2012
641,2.36677431810188,"Zhong2025",2012
642,1.95909896883897,"Zhong2025",2012
643,1.29385839189802,"Zhong2025",2012
644,1.6512439680951,"Zhong2025",2012
645,1.48864687955187,"Zhong2025",2012
646,7.42218040017521,"Zhong2025",2012
647,0.924855660360593,"Zhong2025",2012
648,0.977062842362568,"Zhong2025",2012
649,18.0818553704482,"Zhong2025",2012
650,4.32986068973939,"Zhong2025",2012
651,0,"Zhong2025",2012
652,3.78793801413174,"Zhong2025",2012
653,1.33086872931243,"Zhong2025",2012
654,12.2552322998279,"Zhong2025",2012
655,0.17980166008188,"Zhong2025",2012
656,0.942292748275631,"Zhong2025",2012
657,5.84088246664911,"Zhong2025",2012
658,3.53875200748444,"Zhong2025",2012
659,6.25527713205907,"Zhong2025",2012
660,0,"Zhong2025",2012
661,19.231414979504,"Zhong2025",2012
662,0.206975855258389,"Zhong2025",2012
663,2.62568509007494,"Zhong2025",2012
664,0.172377736440727,"Zhong2025",2012
665,0.687422049686659,"Zhong2025",2012
666,1.22566623594545,"Zhong2025",2012
667,0.191303737500211,"Zhong2025",2012
668,3.70654635473718,"Zhong2025",2012
669,0.723159395640862,"Zhong2025",2012
670,0.244703405747737,"Zhong2025",2012
671,2.78006010891715,"Zhong2025",2012
672,16.3685456517019,"Zhong2025",2012
673,4.97940646063897,"Zhong2025",2012
674,1.14025422949596,"Zhong2025",2012
675,6.09216591210238,"Zhong2025",2012
676,3.14383266606028,"Zhong2025",2012
677,0.319097189675525,"Zhong2025",2012
678,0.95627705918418,"Zhong2025",2012
679,7.12312752701515,"Zhong2025",2012
680,5.34432769098947,"Zhong2025",2012
681,3.13850501215174,"Zhong2025",2012
682,0.352387779486251,"Zhong2025",2012
683,13.8002752352354,"Zhong2025",2012
684,0.703918539284472,"Zhong2025",2012
685,1.78514063276657,"Zhong2025",2012
686,8.61036128269737,"Zhong2025",2012
687,8.69168517609005,"Zhong2025",2012
688,1.51743673917878,"Zhong2025",2012
689,1.9645430864484,"Zhong2025",2012
690,3.0299495933348,"Zhong2025",2012
691,1.97301168135988,"Zhong2025",2012
692,18.4557563331392,"Zhong2025",2012
693,2.31875174736174,"Zhong2025",2012
694,7.39031786237444,"Zhong2025",2012
695,5.76175796190898,"Zhong2025",2012
696,0.409868257849113,"Zhong2025",2012
697,8.03523276569812,"Zhong2025",2012
698,0.569343327628493,"Zhong2025",2012
699,0.0484047695839157,"Zhong2025",2012
700,2.92430592664966,"Zhong2025",2012
701,0.507905324925901,"Zhong2025",2012
702,4.71769281995037,"Zhong2025",2012
703,6.30221600155244,"Zhong2025",2012
704,16.8226215839386,"Zhong2025",2012
705,1.76131792397335,"Zhong2025",2012
706,36.2595342417232,"Zhong2025",2012
707,4.18332657433348,"Zhong2025",2012
708,7.68072098789234,"Zhong2025",2012
709,0.183152196872979,"Zhong2025",2012
710,5.180987385928,"Zhong2025",2012
711,0,"Zhong2025",2012
712,8.86023899139343,"Zhong2025",2012
713,0.118978735669093,"Zhong2025",2012
714,3.52212937685048,"Zhong2025",2012
715,0.436596743783422,"Zhong2025",2012
716,0.439729419839318,"Zhong2025",2012
717,2.49800666142977,"Zhong2025",2012
718,2.84025443277576,"Zhong2025",2012
719,2.87720233962693,"Zhong2025",2012
720,0.216892564660507,"Zhong2025",2012
721,2.6676886786062,"Zhong2025",2012
722,5.70191457551537,"Zhong2025",2012
723,12.2780830217364,"Zhong2025",2012
724,0.411485837076021,"Zhong2025",2012
725,5.329518088634,"Zhong2025",2012
726,0.417498695477088,"Zhong2025",2012
727,0.949977634847164,"Zhong2025",2012
728,1.82802262285141,"Zhong2025",2012
729,0.662225545912945,"Zhong2025",2012
730,6.35877973932615,"Zhong2025",2012
731,0.620397652340371,"Zhong2025",2012
732,10.2086642626969,"Zhong2025",2012
733,2.2977797716948,"Zhong2025",2012
734,0.891028527480861,"Zhong2025",2012
735,0.826274984101341,"Zhong2025",2012
736,2.31331030409487,"Zhong2025",2012
737,3.75056925559329,"Zhong2025",2012
738,6.52824593544006,"Zhong2025",2012
739,3.32268248990622,"Zhong2025",2012
740,12.6454148928324,"Zhong2025",2012
741,0.473480444360486,"Zhong2025",2012
742,3.80113447809761,"Zhong2025",2012
743,11.2635865688324,"Zhong2025",2012
744,1.59777032872578,"Zhong2025",2012
745,8.63663919238334,"Zhong2025",2012
746,2.3909326625558,"Zhong2025",2012
747,18.1619577213209,"Zhong2025",2012
748,2.99534461833537,"Zhong2025",2012
749,1.13295451507561,"Zhong2025",2012
750,2.18441937128187,"Zhong2025",2012
751,1.46718565748867,"Zhong2025",2012
752,15.2110255988869,"Zhong2025",2012
753,0.705800915819754,"Zhong2025",2012
754,1.19443761120582,"Zhong2025",2012
755,3.86390642752481,"Zhong2025",2012
756,3.40433198037059,"Zhong2025",2012
757,0,"Zhong2025",2012
758,0.186743332118917,"Zhong2025",2012
759,0.444745534373027,"Zhong2025",2012
760,0.112710474427075,"Zhong2025",2012
761,12.9875560741799,"Zhong2025",2012
762,15.2107471680456,"Zhong2025",2012
763,13.4831166645837,"Zhong2025",2012
764,10.7632218543808,"Zhong2025",2012
765,1.98795801190105,"Zhong2025",2012
766,5.7296235486865,"Zhong2025",2012
767,14.0679278600784,"Zhong2025",2012
768,0.230764952473527,"Zhong2025",2012
769,16.1904711042132,"Zhong2025",2012
770,50.8208080638539,"Zhong2025",2012
771,1.03424134108596,"Zhong2025",2012
772,9.36703748784513,"Zhong2025",2012
773,1.49627047177321,"Zhong2025",2012
774,0.735461079777934,"Zhong2025",2012
775,9.89212614679948,"Zhong2025",2012
776,9.06743128287017,"Zhong2025",2012
777,5.7873021219044,"Zhong2025",2012
778,15.1340367825518,"Zhong2025",2012
779,54.6676558801683,"Zhong2025",2012
780,6.82986923795322,"Zhong2025",2012
781,19.2187573115031,"Zhong2025",2012
782,0.0150186459933008,"Zhong2025",2012
783,30.4092316712652,"Zhong2025",2012
784,1.45294235407077,"Zhong2025",2012
785,2.57487403460536,"Zhong2025",2012
786,54.2603479273179,"Zhong2025",2012
787,6.65398495848549,"Zhong2025",2012
788,0,"Zhong2025",2012
789,24.9745629776356,"Zhong2025",2012
790,0.959364746407275,"Zhong2025",2012
791,0.705259386578511,"Zhong2025",2012
792,13.9007639025078,"Zhong2025",2012
793,8.14384653286801,"Zhong2025",2012
794,5.69018087609807,"Zhong2025",2012
795,8.66018955175337,"Zhong2025",2012
796,3.08964817682091,"Zhong2025",2012
797,4.30426151260956,"Zhong2025",2012
798,8.5428917799423,"Zhong2025",2012
799,2.19974556234505,"Zhong2025",2012
800,0.192093676290855,"Zhong2025",2012
801,1.44866585744188,"Zhong2025",2012
802,1.01628715770031,"Zhong2025",2012
803,20.6917761301649,"Zhong2025",2012
804,17.4125779032707,"Zhong2025",2012
805,2.24669234920752,"Zhong2025",2012
806,0.918851916434291,"Zhong2025",2012
807,10.6386677983366,"Zhong2025",2012
808,5.1255269970512,"Zhong2025",2012
809,1.10583916790157,"Zhong2025",2012
810,44.2984977970278,"Zhong2025",2012
811,2.00562487223319,"Zhong2025",2012
812,0.247312473579944,"Zhong2025",2012
813,8.79011368957059,"Zhong2025",2012
814,12.9207557944151,"Zhong2025",2012
815,13.7803832113743,"Zhong2025",2012
816,3.73668911457062,"Zhong2025",2012
817,6.51136472125848,"Zhong2025",2012
818,1.01396521760358,"Zhong2025",2012
819,3.08281461064881,"Zhong2025",2012
820,0,"Zhong2025",2012
821,8.29131034822077,"Zhong2025",2012
822,0.160969640119311,"Zhong2025",2012
823,3.51473465335453,"Zhong2025",2012
824,3.44200247953097,"Zhong2025",2012
825,1.18145006926109,"Zhong2025",2012
826,5.46784541955484,"Zhong2025",2012
827,2.76785788853487,"Zhong2025",2012
828,5.90585565555554,"Zhong2025",2012
829,9.48375480358417,"Zhong2025",2012
830,19.4053556724831,"Zhong2025",2012
831,19.7078848798224,"Zhong2025",2012
832,1.6659705007807,"Zhong2025",2012
833,0.24579393980933,"Zhong2025",2012
834,9.48490719189719,"Zhong2025",2012
835,12.6570738090957,"Zhong2025",2012
836,9.25115992656859,"Zhong2025",2012
837,17.2424934499404,"Zhong2025",2012
838,7.81792421166,"Zhong2025",2012
839,35.1468698372275,"Zhong2025",2012
840,11.304759664969,"Zhong2025",2012
841,9.83808531386413,"Zhong2025",2012
842,3.48375045769528,"Zhong2025",2012
843,3.44923539993721,"Zhong2025",2012
844,9.24983524011843,"Zhong2025",2012
845,26.6374969784218,"Zhong2025",2012
846,4.94354876498126,"Zhong2025",2012
847,15.9121202539515,"Zhong2025",2012
848,38.3684326859771,"Zhong2025",2012
849,14.7750565740797,"Zhong2025",2012
850,3.02513003965904,"Zhong2025",2012
851,9.2506242225116,"Zhong2025",2012
852,43.4032509613037,"Zhong2025",2012
853,0.345057231717204,"Zhong2025",2012
854,0.263335378636626,"Zhong2025",2012
855,10.6073142730438,"Zhong2025",2012
856,14.4556274645858,"Zhong2025",2012
857,2.13121851806727,"Zhong2025",2012
858,2.55732873512298,"Zhong2025",2012
859,1.63412447035999,"Zhong2025",2012
860,4.50776357315991,"Zhong2025",2012
861,0.235780917962984,"Zhong2025",2012
862,5.50593176671912,"Zhong2025",2012
863,13.0952238274269,"Zhong2025",2012
864,9.25403595857842,"Zhong2025",2012
865,0.147973713401705,"Zhong2025",2012
866,13.8576435961966,"Zhong2025",2012
867,20.1595568714663,"Zhong2025",2012
868,10.9508288666442,"Zhong2025",2012
869,12.2094191472553,"Zhong2025",2012
870,0.757934611717097,"Zhong2025",2012
871,0.1899809071029,"Zhong2025",2012
872,3.84428977867516,"Zhong2025",2012
873,0.1595839888511,"Zhong2025",2012
874,0.398050452681879,"Zhong2025",2012
875,0.334262638595672,"Zhong2025",2012
876,6.02835850281375,"Zhong2025",2012
877,0.191439031508931,"Zhong2025",2012
878,2.80802508382444,"Zhong2025",2012
879,4.42775025637907,"Zhong2025",2012
880,0.180536091894625,"Zhong2025",2012
881,0.10609499117293,"Zhong2025",2012
882,0.783838103051213,"Zhong2025",2012
883,1.72744262353814,"Zhong2025",2012
884,0.965046797101634,"Zhong2025",2012
885,0.700778929143964,"Zhong2025",2012
886,20.3918061562158,"Zhong2025",2012
887,1.19054207832663,"Zhong2025",2012
888,1.1121394623363,"Zhong2025",2012
889,6.84287627024776,"Zhong2025",2012
890,5.98863416588496,"Zhong2025",2012
891,1.54196943559127,"Zhong2025",2012
892,5.96563586687788,"Zhong2025",2012
893,2.72206468066132,"Zhong2025",2012
894,0.699072708851283,"Zhong2025",2012
895,0.489342132925561,"Zhong2025",2012
896,12.5107145050476,"Zhong2025",2012
897,2.95881322711978,"Zhong2025",2012
898,0.377616784351733,"Zhong2025",2012
899,0.743427839716757,"Zhong2025",2012
900,0.208697686129633,"Zhong2025",2012
901,26.4757634220701,"Zhong2025",2012
902,0.176632418841251,"Zhong2025",2012
903,0.897331561182738,"Zhong2025",2012
904,0.334628218112504,"Zhong2025",2012
905,0.678087654243677,"Zhong2025",2012
906,1.39328364786246,"Zhong2025",2012
907,0.875329760040719,"Zhong2025",2012
908,0.569580230084659,"Zhong2025",2012
909,22.5584080894322,"Zhong2025",2012
910,15.3327401402276,"Zhong2025",2012
911,9.87362903299889,"Zhong2025",2012
912,3.25644732876338,"Zhong2025",2012
913,3.05227788110203,"Zhong2025",2012
914,5.81426417114579,"Zhong2025",2012
915,0.887423158725225,"Zhong2025",2012
916,1.27427143621819,"Zhong2025",2012
917,0.0105083532502939,"Zhong2025",2012
918,0.992194938613925,"Zhong2025",2012
919,1.96698885092434,"Zhong2025",2012
920,1.26283149697186,"Zhong2025",2012
921,7.75034187050042,"Zhong2025",2012
922,3.21269849921976,"Zhong2025",2012
923,0.0885293492282954,"Zhong2025",2012
924,0.0209793682361758,"Zhong2025",2012
925,0.400235461900423,"Zhong2025",2012
926,0.303678686540293,"Zhong2025",2012
927,0.223096189459132,"Zhong2025",2012
928,0.117506233620823,"Zhong2025",2012
929,0.0709509628718527,"Zhong2025",2012
930,4.95580219153141,"Zhong2025",2012
931,1.26219939540548,"Zhong2025",2012
932,0.255685454499276,"Zhong2025",2012
933,0,"Zhong2025",2012
934,0.319933609982659,"Zhong2025",2012
935,0.0879385961376426,"Zhong2025",2012
936,0.0331510521351907,"Zhong2025",2012
937,0.00610840622020586,"Zhong2025",2012
938,0.598162049689784,"Zhong2025",2012
939,11.1015321881604,"Zhong2025",2012
940,7.0072733237067,"Zhong2025",2012
941,1.15577325002736,"Zhong2025",2012
942,2.91717213451317,"Zhong2025",2012
943,0.704451988682151,"Zhong2025",2012
944,0.937003019420066,"Zhong2025",2012
945,0.445336830681215,"Zhong2025",2012
946,1.43559247247418,"Zhong2025",2012
947,0.557144999926817,"Zhong2025",2012
948,1.53351653893902,"Zhong2025",2012
949,8.83634007944902,"Zhong2025",2012
950,6.73454860762544,"Zhong2025",2012
951,0.360175766827748,"Zhong2025",2012
952,1.80252552734651,"Zhong2025",2012
953,5.77977267698539,"Zhong2025",2012
954,6.46700775809586,"Zhong2025",2012
955,0.42205467390916,"Zhong2025",2012
956,0.346283208499345,"Zhong2025",2012
957,0.743707450817554,"Zhong2025",2012
958,0.366160444789049,"Zhong2025",2012
959,0.575118576203495,"Zhong2025",2012
960,7.18380381937659,"Zhong2025",2012
961,3.04503631526017,"Zhong2025",2012
962,0.507868160739438,"Zhong2025",2012
963,3.36326770837674,"Zhong2025",2012
964,1.03820866551938,"Zhong2025",2012
965,12.0786957119039,"Zhong2025",2012
966,5.70531938676049,"Zhong2025",2012
967,3.46672534978533,"Zhong2025",2012
968,0.0805033575564336,"Zhong2025",2012
969,4.20774743203305,"Zhong2025",2012
970,0.375641324417891,"Zhong2025",2012
971,2.61675703091091,"Zhong2025",2012
972,0.807040635495246,"Zhong2025",2012
973,8.06735724449585,"Zhong2025",2012
974,2.07548121810222,"Zhong2025",2012
975,0.368069739333776,"Zhong2025",2012
976,0,"Zhong2025",2012
977,0,"Zhong2025",2012
978,2.52883085231791,"Zhong2025",2012
979,17.743181394071,"Zhong2025",2012
980,6.84794645199643,"Zhong2025",2012
981,12.3065187633778,"Zhong2025",2012
982,4.00672990561428,"Zhong2025",2012
983,3.9525469328989,"Zhong2025",2012
984,3.94171371923553,"Zhong2025",2012
985,1.55984971886394,"Zhong2025",2012
986,0.0797979628096206,"Zhong2025",2012
987,0.0325327528673306,"Zhong2025",2012
988,0.284153003530862,"Zhong2025",2012
989,0.715814975542356,"Zhong2025",2012
990,2.23322630611095,"Zhong2025",2012
991,0.00817222792007353,"Zhong2025",2012
992,2.74587767588103,"Zhong2025",2012
993,0.629254810719707,"Zhong2025",2012
994,0.548109359414884,"Zhong2025",2012
995,0.924901465543463,"Zhong2025",2012
996,3.09616459154494,"Zhong2025",2012
997,6.99860758428719,"Zhong2025",2012
998,0.560596717157654,"Zhong2025",2012
999,1.44085833898956,"Zhong2025",2012
1000,11.906157892583,"Zhong2025",2012
1001,0.17703365628293,"Zhong2025",2012
1002,3.17913157446885,"Zhong2025",2012
1003,0,"Zhong2025",2012
1004,3.07230824283657,"Zhong2025",2012
1005,0.461428604708306,"Zhong2025",2012
1006,0,"Zhong2025",2012
1007,0.826055834397518,"Zhong2025",2012
1008,11.0288898038091,"Zhong2025",2012
1009,1.00710592128611,"Zhong2025",2012
1010,0.00878093976574952,"Zhong2025",2012
1011,0.647491299750982,"Zhong2025",2012
1012,2.92792838838017,"Zhong2025",2012
1013,1.55793322723578,"Zhong2025",2012
1014,1.81386549373888,"Zhong2025",2012
1015,1.34557524136239,"Zhong2025",2012
1016,4.18707477663142,"Zhong2025",2012
1017,1.59156948021,"Zhong2025",2012
1018,0.420789595606715,"Zhong2025",2012
1019,0.405872258160795,"Zhong2025",2012
1020,0.25647186110252,"Zhong2025",2012
1021,0.0767780544373813,"Zhong2025",2012
1022,7.82138037404415,"Zhong2025",2012
1023,4.49924480918924,"Zhong2025",2012
1024,0,"Zhong2025",2012
1025,12.3017222316101,"Zhong2025",2012
1026,2.05271973563888,"Zhong2025",2012
1027,0.386992312217596,"Zhong2025",2012
1028,0.343585070912485,"Zhong2025",2012
1029,1.88004654098602,"Zhong2025",2012
1030,0.830055207256262,"Zhong2025",2012
1031,0.138920175114552,"Zhong2025",2012
1032,6.20252565904097,"Zhong2025",2012
1033,2.96921716150591,"Zhong2025",2012
1034,3.10482506918443,"Zhong2025",2012
1035,9.28355587574474,"Zhong2025",2012
1036,3.44981295937546,"Zhong2025",2012
1037,0.25139068461326,"Zhong2025",2012
1038,1.64552557024205,"Zhong2025",2012
1039,1.29536797820494,"Zhong2025",2012
1040,0,"Zhong2025",2012
1041,2.36061555802358,"Zhong2025",2012
1042,0.0739002895369324,"Zhong2025",2012
1043,0.326334968366121,"Zhong2025",2012
1044,0.820084324819498,"Zhong2025",2012
1045,0,"Zhong2025",2012
1046,1.24745415915281,"Zhong2025",2012
1047,0.855553403860307,"Zhong2025",2012
1048,0.0566693252631437,"Zhong2025",2012
1049,0.0694860251571013,"Zhong2025",2012
1050,0.315321617407931,"Zhong2025",2012
1051,0.533620504577175,"Zhong2025",2012
1052,1.39765873100136,"Zhong2025",2012
1053,2.00312105854127,"Zhong2025",2012
1054,7.69294896069914,"Zhong2025",2012
1055,0.707084360610506,"Zhong2025",2012
1056,0.743363481886843,"Zhong2025",2012
1057,14.5168993851731,"Zhong2025",2012
1058,38.6432207054067,"Zhong2025",2012
1059,0.298722982662402,"Zhong2025",2012
1060,0.0583500376221939,"Zhong2025",2012
1061,11.0087270800723,"Zhong2025",2012
1062,40.0287280867739,"Zhong2025",2012
1063,11.65359651407,"Zhong2025",2012
1064,0.351149983618122,"Zhong2025",2012
1065,3.5343018376105,"Zhong2025",2012
1066,1.13975958444414,"Zhong2025",2012
1067,1.34897837734433,"Zhong2025",2012
1068,2.03331979550825,"Zhong2025",2012
1069,0.19694116983702,"Zhong2025",2012
1070,2.21815151623937,"Zhong2025",2012
1071,8.29389127953152,"Zhong2025",2012
1072,1.42596055927967,"Zhong2025",2012
1073,0.794157802275064,"Zhong2025",2012
1074,6.30998145820898,"Zhong2025",2012
1075,1.71370281794693,"Zhong2025",2012
1076,1.13402447750896,"Zhong2025",2012
1077,0.23233186926427,"Zhong2025",2012
1078,19.464547474488,"Zhong2025",2012
1079,3.43941008946984,"Zhong2025",2012
1080,22.6585800507489,"Zhong2025",2012
1081,7.74289417956594,"Zhong2025",2012
1082,7.21247278448348,"Zhong2025",2012
1083,1.5412585417691,"Zhong2025",2012
1084,8.10811548013436,"Zhong2025",2012
1085,5.26780567057431,"Zhong2025",2012
1086,5.79272220642137,"Zhong2025",2012
1087,7.89164311847546,"Zhong2025",2012
1088,22.3293653186762,"Zhong2025",2012
1089,0.225592365803756,"Zhong2025",2012
1090,0.705257312135172,"Zhong2025",2012
1091,2.42087576486148,"Zhong2025",2012
1092,5.39669930284292,"Zhong2025",2012
1093,7.41384640281943,"Zhong2025",2012
1094,0.313306321924405,"Zhong2025",2012
1095,4.37566531098953,"Zhong2025",2012
1096,16.0771277823973,"Zhong2025",2012
1097,0.0483194111741652,"Zhong2025",2012
1098,0.15445613572741,"Zhong2025",2012
1099,1.41041744010641,"Zhong2025",2012
1100,9.56106372679224,"Zhong2025",2012
1101,0.659739866504088,"Zhong2025",2012
1102,4.7944614234994,"Zhong2025",2012
1103,0.93983573171891,"Zhong2025",2012
1104,6.8037501452732,"Zhong2025",2012
1105,2.6306493033749,"Zhong2025",2012
1106,3.27531265682674,"Zhong2025",2012
1107,1.50457096271988,"Zhong2025",2012
1108,0.738816580661621,"Zhong2025",2012
1109,3.47663812611127,"Zhong2025",2012
1110,1.26082222355436,"Zhong2025",2012
1111,3.31079498006848,"Zhong2025",2012
1112,28.2981116012291,"Zhong2025",2012
1113,33.6202468177182,"Zhong2025",2012
1114,54.1119131814866,"Zhong2025",2012
1115,28.3885297356071,"Zhong2025",2012
1116,40.7839024045826,"Zhong2025",2012
1117,18.6196596035591,"Zhong2025",2012
1118,28.8677752934175,"Zhong2025",2012
1119,1.38402746485716,"Zhong2025",2012
1120,5.98474362834728,"Zhong2025",2012
1121,54.6710925102234,"Zhong2025",2012
1122,51.0243236642135,"Zhong2025",2012
1,1.62716048870197,"Zhong2025",2013
2,0.132251277251204,"Zhong2025",2013
3,0.169498418324867,"Zhong2025",2013
4,0.397463634183052,"Zhong2025",2013
5,0.182267237752329,"Zhong2025",2013
6,0.124140720709928,"Zhong2025",2013
7,0.0473670375727214,"Zhong2025",2013
8,0.0625571665567819,"Zhong2025",2013
9,0.0964828183101005,"Zhong2025",2013
10,0.0505840330354629,"Zhong2025",2013
11,0.0304146220470996,"Zhong2025",2013
12,0.040313087824542,"Zhong2025",2013
13,0.00775293108013643,"Zhong2025",2013
14,0.207391874305576,"Zhong2025",2013
15,0.467026240301664,"Zhong2025",2013
16,0.0769549730716867,"Zhong2025",2013
17,16.2896710723444,"Zhong2025",2013
18,0.401277786421199,"Zhong2025",2013
19,0.17255924123865,"Zhong2025",2013
20,0.260494931397261,"Zhong2025",2013
21,0.399207634258778,"Zhong2025",2013
22,2.13380596725186,"Zhong2025",2013
23,2.94196622504488,"Zhong2025",2013
24,1.72109589707899,"Zhong2025",2013
25,7.55206181122822,"Zhong2025",2013
26,6.61502881583415,"Zhong2025",2013
27,1.83407992225582,"Zhong2025",2013
28,14.8731504525288,"Zhong2025",2013
29,0.322174543642314,"Zhong2025",2013
30,1.19589874651735,"Zhong2025",2013
31,0.50154054232619,"Zhong2025",2013
32,0,"Zhong2025",2013
33,0.368127871505499,"Zhong2025",2013
34,10.7836433715627,"Zhong2025",2013
35,0.920998242306994,"Zhong2025",2013
36,11.5328727670618,"Zhong2025",2013
37,0.158741134324398,"Zhong2025",2013
38,0.603886695185443,"Zhong2025",2013
39,0.675743180054376,"Zhong2025",2013
40,12.908698411678,"Zhong2025",2013
41,20.9562854849059,"Zhong2025",2013
42,0.511960112495096,"Zhong2025",2013
43,1.25378757778035,"Zhong2025",2013
44,0,"Zhong2025",2013
45,8.77973430058849,"Zhong2025",2013
46,0.0361910343170166,"Zhong2025",2013
47,1.55016450287581,"Zhong2025",2013
48,1.19806776086563,"Zhong2025",2013
49,2.28134769694066,"Zhong2025",2013
50,0,"Zhong2025",2013
51,8.00875184553917,"Zhong2025",2013
52,4.09834404551035,"Zhong2025",2013
53,1.65619336905063,"Zhong2025",2013
54,0.299857125877294,"Zhong2025",2013
55,0.0866250109997622,"Zhong2025",2013
56,0,"Zhong2025",2013
57,0,"Zhong2025",2013
58,19.8399883792514,"Zhong2025",2013
59,39.532471339723,"Zhong2025",2013
60,15.2809000261899,"Zhong2025",2013
61,6.38098488285252,"Zhong2025",2013
62,1.90430110975316,"Zhong2025",2013
63,6.19488329298337,"Zhong2025",2013
64,7.60762973096456,"Zhong2025",2013
65,7.7914469649247,"Zhong2025",2013
66,3.00406232632728,"Zhong2025",2013
67,27.199602448053,"Zhong2025",2013
68,17.8471843832322,"Zhong2025",2013
69,1.79271435011178,"Zhong2025",2013
70,1.45423607524898,"Zhong2025",2013
71,11.5419624800354,"Zhong2025",2013
72,3.33471209629689,"Zhong2025",2013
73,7.87790197808508,"Zhong2025",2013
74,6.63569428601378,"Zhong2025",2013
75,13.4427501279203,"Zhong2025",2013
76,14.0119622010451,"Zhong2025",2013
77,3.74550091625953,"Zhong2025",2013
78,18.6365193218574,"Zhong2025",2013
79,9.78272039347118,"Zhong2025",2013
80,10.9034467396671,"Zhong2025",2013
81,6.73953059264229,"Zhong2025",2013
82,10.2802311332706,"Zhong2025",2013
83,10.3526232971473,"Zhong2025",2013
84,3.57162133030356,"Zhong2025",2013
85,6.08353233477601,"Zhong2025",2013
86,4.17763430874713,"Zhong2025",2013
87,6.66221424368953,"Zhong2025",2013
88,13.9883674144745,"Zhong2025",2013
89,2.43928382378774,"Zhong2025",2013
90,10.0377222830508,"Zhong2025",2013
91,8.94648399478511,"Zhong2025",2013
92,35.644864378857,"Zhong2025",2013
93,8.93524637603791,"Zhong2025",2013
94,4.70149705084309,"Zhong2025",2013
95,14.6811277657513,"Zhong2025",2013
96,10.9210967376547,"Zhong2025",2013
97,11.6835416589369,"Zhong2025",2013
98,1.66109504310912,"Zhong2025",2013
99,7.19087991798066,"Zhong2025",2013
100,1.30125377133103,"Zhong2025",2013
101,2.84914324895608,"Zhong2025",2013
102,3.62164126961109,"Zhong2025",2013
103,1.15016113872417,"Zhong2025",2013
104,5.31927273298303,"Zhong2025",2013
105,0.275937270711769,"Zhong2025",2013
106,2.79043919916953,"Zhong2025",2013
107,0.485711028725751,"Zhong2025",2013
108,0.395670102531468,"Zhong2025",2013
109,4.01902274512804,"Zhong2025",2013
110,0.283546681624255,"Zhong2025",2013
111,1.32393596152146,"Zhong2025",2013
112,0.074939953673727,"Zhong2025",2013
113,0.0352515136217572,"Zhong2025",2013
114,6.753378447092,"Zhong2025",2013
115,1.23600979575089,"Zhong2025",2013
116,0.664345067591613,"Zhong2025",2013
117,0.953068581059939,"Zhong2025",2013
118,3.60667716595142,"Zhong2025",2013
119,0.592286619357765,"Zhong2025",2013
120,1.22632163658477,"Zhong2025",2013
121,0.830179214588166,"Zhong2025",2013
122,0.0773807332342398,"Zhong2025",2013
123,7.56341392054524,"Zhong2025",2013
124,0.803292202809014,"Zhong2025",2013
125,3.59921964610957,"Zhong2025",2013
126,6.23222760226991,"Zhong2025",2013
127,1.240739974488,"Zhong2025",2013
128,7.57119970276913,"Zhong2025",2013
129,6.27928221531403,"Zhong2025",2013
130,7.71983414634745,"Zhong2025",2013
131,13.6027564275063,"Zhong2025",2013
132,2.7555046280055,"Zhong2025",2013
133,4.15735183415874,"Zhong2025",2013
134,2.99824065797859,"Zhong2025",2013
135,0.995564349540713,"Zhong2025",2013
136,5.91199051293116,"Zhong2025",2013
137,9.67475231170654,"Zhong2025",2013
138,2.8338124336245,"Zhong2025",2013
139,3.11050211945091,"Zhong2025",2013
140,1.22656162117119,"Zhong2025",2013
141,3.30892543261871,"Zhong2025",2013
142,6.49328069896406,"Zhong2025",2013
143,0.883042453885078,"Zhong2025",2013
144,0.30712359396325,"Zhong2025",2013
145,6.50358121772297,"Zhong2025",2013
146,1.95268807474237,"Zhong2025",2013
147,4.34101537385277,"Zhong2025",2013
148,0.0264148319608906,"Zhong2025",2013
149,2.39867289235956,"Zhong2025",2013
150,4.63469564373894,"Zhong2025",2013
151,1.51538221413111,"Zhong2025",2013
152,0.610975091152145,"Zhong2025",2013
153,4.57784106011341,"Zhong2025",2013
154,5.24860784327611,"Zhong2025",2013
155,2.73976237450011,"Zhong2025",2013
156,0.09977957746014,"Zhong2025",2013
157,7.69722413619359,"Zhong2025",2013
158,2.77030004762551,"Zhong2025",2013
159,3.78490413331437,"Zhong2025",2013
160,2.06659834417189,"Zhong2025",2013
161,0.978857630216926,"Zhong2025",2013
162,0.0292460774337969,"Zhong2025",2013
163,0.114297825931631,"Zhong2025",2013
164,0.403476261436709,"Zhong2025",2013
165,0.0974981141162901,"Zhong2025",2013
166,0.00721771384025624,"Zhong2025",2013
167,0.0809166462239458,"Zhong2025",2013
168,0.0214315254923914,"Zhong2025",2013
169,0.0170501261028938,"Zhong2025",2013
170,0,"Zhong2025",2013
171,0,"Zhong2025",2013
172,0,"Zhong2025",2013
173,0.175598590435258,"Zhong2025",2013
174,0.0466433927160474,"Zhong2025",2013
175,0,"Zhong2025",2013
176,0.00502592054492529,"Zhong2025",2013
177,0.0419018871616713,"Zhong2025",2013
178,0,"Zhong2025",2013
179,0,"Zhong2025",2013
180,0.0196460906833944,"Zhong2025",2013
181,0.000952016672410011,"Zhong2025",2013
182,0,"Zhong2025",2013
183,0,"Zhong2025",2013
184,0,"Zhong2025",2013
185,0,"Zhong2025",2013
186,0.0291705905559247,"Zhong2025",2013
187,0.163302415335265,"Zhong2025",2013
188,0.00974844437529111,"Zhong2025",2013
189,0.0028707172510135,"Zhong2025",2013
190,6.34416321589202,"Zhong2025",2013
191,9.14513855302245,"Zhong2025",2013
192,0,"Zhong2025",2013
193,0,"Zhong2025",2013
194,0.908972504965147,"Zhong2025",2013
195,2.12283830284107,"Zhong2025",2013
196,0.424908054214932,"Zhong2025",2013
197,0.583307266008072,"Zhong2025",2013
198,1.68108168410236,"Zhong2025",2013
199,0.12745060173341,"Zhong2025",2013
200,0.624395573763861,"Zhong2025",2013
201,0,"Zhong2025",2013
202,0.812905857782861,"Zhong2025",2013
203,0.0567184497179619,"Zhong2025",2013
204,4.11239834290692,"Zhong2025",2013
205,0.499269964041479,"Zhong2025",2013
206,2.36223489021158,"Zhong2025",2013
207,0.117886266933393,"Zhong2025",2013
208,0.146249654660046,"Zhong2025",2013
209,0.148092600245825,"Zhong2025",2013
210,0.00120645550236861,"Zhong2025",2013
211,0,"Zhong2025",2013
212,0,"Zhong2025",2013
213,0,"Zhong2025",2013
214,0,"Zhong2025",2013
215,0,"Zhong2025",2013
216,0,"Zhong2025",2013
217,0.00293002363852803,"Zhong2025",2013
218,0,"Zhong2025",2013
219,0,"Zhong2025",2013
220,0.0169524692636679,"Zhong2025",2013
221,0.0122045259175221,"Zhong2025",2013
222,0,"Zhong2025",2013
223,0,"Zhong2025",2013
224,0,"Zhong2025",2013
225,0,"Zhong2025",2013
226,0.0778107253459445,"Zhong2025",2013
227,0.0129392694456052,"Zhong2025",2013
228,0.0139087637187287,"Zhong2025",2013
229,0.00836667406668159,"Zhong2025",2013
230,20.8714466189462,"Zhong2025",2013
231,2.17750310760835,"Zhong2025",2013
232,4.591027459937,"Zhong2025",2013
233,0.352106882899682,"Zhong2025",2013
234,5.14230045331152,"Zhong2025",2013
235,10.8733289440473,"Zhong2025",2013
236,4.53699880684368,"Zhong2025",2013
237,3.44326142766463,"Zhong2025",2013
238,4.93575149420007,"Zhong2025",2013
239,2.86027029763082,"Zhong2025",2013
240,16.3445393830015,"Zhong2025",2013
241,7.68649059379379,"Zhong2025",2013
242,2.6272841766011,"Zhong2025",2013
243,8.86285843230351,"Zhong2025",2013
244,1.89685055063087,"Zhong2025",2013
245,8.38721997093441,"Zhong2025",2013
246,5.89285725831846,"Zhong2025",2013
247,0.813905704736367,"Zhong2025",2013
248,10.7625156852882,"Zhong2025",2013
249,5.04266663158641,"Zhong2025",2013
250,0.370293182186173,"Zhong2025",2013
251,1.72721221909146,"Zhong2025",2013
252,7.51937842937996,"Zhong2025",2013
253,1.10641436206798,"Zhong2025",2013
254,16.7413500608024,"Zhong2025",2013
255,2.41925014812513,"Zhong2025",2013
256,5.03904283443965,"Zhong2025",2013
257,33.6445428995582,"Zhong2025",2013
258,7.64282742211985,"Zhong2025",2013
259,16.4911714094777,"Zhong2025",2013
260,30.095197468996,"Zhong2025",2013
261,4.5165961365546,"Zhong2025",2013
262,12.918662552285,"Zhong2025",2013
263,1.23662462458014,"Zhong2025",2013
264,15.7066256170687,"Zhong2025",2013
265,11.5888854505264,"Zhong2025",2013
266,1.58737954193583,"Zhong2025",2013
267,17.1271418204883,"Zhong2025",2013
268,4.50038532543315,"Zhong2025",2013
269,23.4379584759333,"Zhong2025",2013
270,4.49383832869991,"Zhong2025",2013
271,10.1199228082384,"Zhong2025",2013
272,7.23556571715373,"Zhong2025",2013
273,49.3985571861267,"Zhong2025",2013
274,7.62399288218155,"Zhong2025",2013
275,4.92808066262412,"Zhong2025",2013
276,16.4968976413502,"Zhong2025",2013
277,12.5349611502427,"Zhong2025",2013
278,0.592217348717015,"Zhong2025",2013
279,0.267942736643571,"Zhong2025",2013
280,9.60466191193153,"Zhong2025",2013
281,7.9333052768118,"Zhong2025",2013
282,4.80177463616918,"Zhong2025",2013
283,48.218481683611,"Zhong2025",2013
284,6.11217823754246,"Zhong2025",2013
285,0.893394908007367,"Zhong2025",2013
286,0.450669635379066,"Zhong2025",2013
287,0.424576844487645,"Zhong2025",2013
288,0.880966207674353,"Zhong2025",2013
289,2.58724756977366,"Zhong2025",2013
290,40.2814299589509,"Zhong2025",2013
291,1.32406306746266,"Zhong2025",2013
292,18.4453165741972,"Zhong2025",2013
293,5.09838699683165,"Zhong2025",2013
294,0.660169156006305,"Zhong2025",2013
295,0.391006714549148,"Zhong2025",2013
296,0.236934233365819,"Zhong2025",2013
297,2.42851224200179,"Zhong2025",2013
298,0.689235064658593,"Zhong2025",2013
299,1.73403784465723,"Zhong2025",2013
300,15.3720732969396,"Zhong2025",2013
301,3.33187444982962,"Zhong2025",2013
302,0.969869225226595,"Zhong2025",2013
303,21.5934869872199,"Zhong2025",2013
304,1.51542057495132,"Zhong2025",2013
305,0.0485623768343331,"Zhong2025",2013
306,2.67107547831584,"Zhong2025",2013
307,1.20598539040939,"Zhong2025",2013
308,2.43210209949914,"Zhong2025",2013
309,0.887789211944517,"Zhong2025",2013
310,2.75286724934748,"Zhong2025",2013
311,0.676814788004232,"Zhong2025",2013
312,6.71895123219738,"Zhong2025",2013
313,0.569483791779937,"Zhong2025",2013
314,4.60221065031087,"Zhong2025",2013
315,0.470583920275634,"Zhong2025",2013
316,0.19915482800704,"Zhong2025",2013
317,1.36529773590125,"Zhong2025",2013
318,1.84649378971289,"Zhong2025",2013
319,7.23626150810879,"Zhong2025",2013
320,3.29084393531084,"Zhong2025",2013
321,0.77770988759181,"Zhong2025",2013
322,4.74631780630575,"Zhong2025",2013
323,5.91859501895911,"Zhong2025",2013
324,1.43376031333485,"Zhong2025",2013
325,0.548578437537408,"Zhong2025",2013
326,17.9365471668458,"Zhong2025",2013
327,4.15949121312202,"Zhong2025",2013
328,2.97057729750121,"Zhong2025",2013
329,9.27574968240359,"Zhong2025",2013
330,1.33184901391617,"Zhong2025",2013
331,8.27303485445747,"Zhong2025",2013
332,44.7294458150864,"Zhong2025",2013
333,3.18412332171075,"Zhong2025",2013
334,0.703025651456876,"Zhong2025",2013
335,6.17261448667112,"Zhong2025",2013
336,9.87247039672966,"Zhong2025",2013
337,48.6048353536805,"Zhong2025",2013
338,3.87363509372826,"Zhong2025",2013
339,2.19882876896939,"Zhong2025",2013
340,4.47299051820301,"Zhong2025",2013
341,10.5312169219057,"Zhong2025",2013
342,1.82600999023406,"Zhong2025",2013
343,1.6381866041782,"Zhong2025",2013
344,2.13530720955437,"Zhong2025",2013
345,9.47546112155605,"Zhong2025",2013
346,4.85593664129197,"Zhong2025",2013
347,4.10238416440258,"Zhong2025",2013
348,0.591094492826807,"Zhong2025",2013
349,0.67733390736041,"Zhong2025",2013
350,0.741985765063738,"Zhong2025",2013
351,20.7723380225045,"Zhong2025",2013
352,0.214015867293737,"Zhong2025",2013
353,9.06140752539772,"Zhong2025",2013
354,1.41887914252695,"Zhong2025",2013
355,4.12252782782729,"Zhong2025",2013
356,0.761418506476538,"Zhong2025",2013
357,10.6283003397785,"Zhong2025",2013
358,0.823737288474416,"Zhong2025",2013
359,1.51902391987275,"Zhong2025",2013
360,1.42975106002004,"Zhong2025",2013
361,12.6327668774918,"Zhong2025",2013
362,0.591535913344059,"Zhong2025",2013
363,1.97332970453017,"Zhong2025",2013
364,0.525858589222074,"Zhong2025",2013
365,2.27849360951146,"Zhong2025",2013
366,0.557227592741717,"Zhong2025",2013
367,48.8898943020747,"Zhong2025",2013
368,17.7746125325155,"Zhong2025",2013
369,0.651387679402986,"Zhong2025",2013
370,5.21828857623283,"Zhong2025",2013
371,3.3702505536948,"Zhong2025",2013
372,1.09944444720475,"Zhong2025",2013
373,6.31075082366404,"Zhong2025",2013
374,0.111782700943401,"Zhong2025",2013
375,12.5474437473402,"Zhong2025",2013
376,4.23860568164123,"Zhong2025",2013
377,0.607645708821857,"Zhong2025",2013
378,0.460129327856988,"Zhong2025",2013
379,0.640305712729871,"Zhong2025",2013
380,0.126804384276537,"Zhong2025",2013
381,10.2618103154004,"Zhong2025",2013
382,25.7415865316229,"Zhong2025",2013
383,0.869641713119675,"Zhong2025",2013
384,1.06201741269425,"Zhong2025",2013
385,12.2004479400983,"Zhong2025",2013
386,10.1755337415819,"Zhong2025",2013
387,30.6676726234811,"Zhong2025",2013
388,4.72434550567278,"Zhong2025",2013
389,2.9168860472384,"Zhong2025",2013
390,62.8499296188354,"Zhong2025",2013
391,4.27576839261585,"Zhong2025",2013
392,11.2403198354993,"Zhong2025",2013
393,7.1169989892592,"Zhong2025",2013
394,31.1859961141107,"Zhong2025",2013
395,3.72948543845661,"Zhong2025",2013
396,3.19155613413336,"Zhong2025",2013
397,2.56717742923909,"Zhong2025",2013
398,38.3167790282856,"Zhong2025",2013
399,0.123250472335064,"Zhong2025",2013
400,0.20179067867801,"Zhong2025",2013
401,0.235207692635782,"Zhong2025",2013
402,0.205853947526731,"Zhong2025",2013
403,0,"Zhong2025",2013
404,0,"Zhong2025",2013
405,6.712105198444,"Zhong2025",2013
406,0.0222653141446874,"Zhong2025",2013
407,0.569418820186408,"Zhong2025",2013
408,0.15244866433389,"Zhong2025",2013
409,0,"Zhong2025",2013
410,0.225326793327321,"Zhong2025",2013
411,0,"Zhong2025",2013
412,0.022781920649032,"Zhong2025",2013
413,0.00473986669501692,"Zhong2025",2013
414,0,"Zhong2025",2013
415,0.151822040795832,"Zhong2025",2013
416,0,"Zhong2025",2013
417,0.384153336066414,"Zhong2025",2013
418,0.363853882349696,"Zhong2025",2013
419,0.157946599419412,"Zhong2025",2013
420,0,"Zhong2025",2013
421,0.0944545989994352,"Zhong2025",2013
422,0.0122744055588002,"Zhong2025",2013
423,0.023616139453204,"Zhong2025",2013
424,0,"Zhong2025",2013
425,0,"Zhong2025",2013
426,0.174021434382916,"Zhong2025",2013
427,0.0275729397782172,"Zhong2025",2013
428,0,"Zhong2025",2013
429,0.423909108869598,"Zhong2025",2013
430,0.197004972464768,"Zhong2025",2013
431,0.0667151853515347,"Zhong2025",2013
432,0.013136255054752,"Zhong2025",2013
433,0.243282170435845,"Zhong2025",2013
434,0.0355455313141238,"Zhong2025",2013
435,1.81692658259467,"Zhong2025",2013
436,0.536557891626858,"Zhong2025",2013
437,3.62869341414889,"Zhong2025",2013
438,0.640755887071881,"Zhong2025",2013
439,1.18753349212282,"Zhong2025",2013
440,0.464955100182848,"Zhong2025",2013
441,14.779844447306,"Zhong2025",2013
442,1.68534536610444,"Zhong2025",2013
443,4.69389586456592,"Zhong2025",2013
444,5.34984689775668,"Zhong2025",2013
445,6.63081050440669,"Zhong2025",2013
446,2.64426251646459,"Zhong2025",2013
447,4.26394711864912,"Zhong2025",2013
448,0.809288262004557,"Zhong2025",2013
449,5.3616965474956,"Zhong2025",2013
450,1.3352665630607,"Zhong2025",2013
451,2.0062183341155,"Zhong2025",2013
452,0.911713087621873,"Zhong2025",2013
453,0.238052497763153,"Zhong2025",2013
454,6.98249434833489,"Zhong2025",2013
455,4.42388440351263,"Zhong2025",2013
456,9.57213977453384,"Zhong2025",2013
457,9.1195644404949,"Zhong2025",2013
458,2.46698835091887,"Zhong2025",2013
459,2.79235192939655,"Zhong2025",2013
460,1.11416972972085,"Zhong2025",2013
461,4.48681428957257,"Zhong2025",2013
462,9.59047234469447,"Zhong2025",2013
463,1.05311702706889,"Zhong2025",2013
464,2.25017027754703,"Zhong2025",2013
465,0.992100830339647,"Zhong2025",2013
466,0.430729397708149,"Zhong2025",2013
467,57.9231260695109,"Zhong2025",2013
468,23.5942859540459,"Zhong2025",2013
469,11.952261088008,"Zhong2025",2013
470,7.54564384867748,"Zhong2025",2013
471,34.3653591973441,"Zhong2025",2013
472,7.93462216451031,"Zhong2025",2013
473,7.4315993911121,"Zhong2025",2013
474,35.7755758303862,"Zhong2025",2013
475,5.9334621240088,"Zhong2025",2013
476,13.0175395186762,"Zhong2025",2013
477,2.56025521888975,"Zhong2025",2013
478,15.901865207232,"Zhong2025",2013
479,7.24975012109628,"Zhong2025",2013
480,40.3793953704834,"Zhong2025",2013
481,5.2906758015322,"Zhong2025",2013
482,34.7563580655037,"Zhong2025",2013
483,10.622145272492,"Zhong2025",2013
484,6.51511755202276,"Zhong2025",2013
485,20.4405510337914,"Zhong2025",2013
486,55.3134525299072,"Zhong2025",2013
487,11.7288698554039,"Zhong2025",2013
488,12.0094511129917,"Zhong2025",2013
489,9.01434918493032,"Zhong2025",2013
490,23.2125257694532,"Zhong2025",2013
491,0.118248510070561,"Zhong2025",2013
492,0.472958983332844,"Zhong2025",2013
493,0.302867792876353,"Zhong2025",2013
494,6.67267298811907,"Zhong2025",2013
495,3.35232760258944,"Zhong2025",2013
496,0.341112183797372,"Zhong2025",2013
497,3.95572554180485,"Zhong2025",2013
498,1.88572028122163,"Zhong2025",2013
499,12.1186168294484,"Zhong2025",2013
500,0.944761564672287,"Zhong2025",2013
501,8.67083635205751,"Zhong2025",2013
502,2.7372110018546,"Zhong2025",2013
503,0.817032077238146,"Zhong2025",2013
504,1.34101177941531,"Zhong2025",2013
505,4.43860764761445,"Zhong2025",2013
506,1.40162403154937,"Zhong2025",2013
507,4.05630228851457,"Zhong2025",2013
508,0,"Zhong2025",2013
509,1.93085408868366,"Zhong2025",2013
510,0.441662793167792,"Zhong2025",2013
511,0.0524656213471527,"Zhong2025",2013
512,0.179757105532999,"Zhong2025",2013
513,0.531528100448569,"Zhong2025",2013
514,0.457466592207984,"Zhong2025",2013
515,4.81831727887309,"Zhong2025",2013
516,6.46207668686455,"Zhong2025",2013
517,2.68591956170229,"Zhong2025",2013
518,0.143973489623034,"Zhong2025",2013
519,2.46859943091474,"Zhong2025",2013
520,0.912775573658094,"Zhong2025",2013
521,0.290112983336715,"Zhong2025",2013
522,5.89611481973973,"Zhong2025",2013
523,10.6679159585684,"Zhong2025",2013
524,0.224577583210882,"Zhong2025",2013
525,0.239995736414502,"Zhong2025",2013
526,3.4353589557185,"Zhong2025",2013
527,3.09901012828447,"Zhong2025",2013
528,0.16135508198475,"Zhong2025",2013
529,21.9583485152351,"Zhong2025",2013
530,10.7912833745318,"Zhong2025",2013
531,7.3835394320053,"Zhong2025",2013
532,1.5737792771483,"Zhong2025",2013
533,1.45888758152963,"Zhong2025",2013
534,2.72231994158788,"Zhong2025",2013
535,0.621276198575921,"Zhong2025",2013
536,3.27913050071467,"Zhong2025",2013
537,2.12816838763358,"Zhong2025",2013
538,1.99725048261066,"Zhong2025",2013
539,5.03996026568113,"Zhong2025",2013
540,5.83329633779298,"Zhong2025",2013
541,5.51474905164936,"Zhong2025",2013
542,2.13311253514491,"Zhong2025",2013
543,6.9963817569541,"Zhong2025",2013
544,3.08521358214625,"Zhong2025",2013
545,1.67668750940438,"Zhong2025",2013
546,2.41098776374079,"Zhong2025",2013
547,2.9659673028959,"Zhong2025",2013
548,2.73587326955819,"Zhong2025",2013
549,1.68280487762531,"Zhong2025",2013
550,1.69210527562736,"Zhong2025",2013
551,2.89797763808266,"Zhong2025",2013
552,2.07528097168759,"Zhong2025",2013
553,3.60110194905644,"Zhong2025",2013
554,2.33026287155045,"Zhong2025",2013
555,0.609858860057902,"Zhong2025",2013
556,2.04161378736311,"Zhong2025",2013
557,5.26678526919153,"Zhong2025",2013
558,7.93041674581856,"Zhong2025",2013
559,4.86669678592847,"Zhong2025",2013
560,2.22138476268447,"Zhong2025",2013
561,6.25922527340594,"Zhong2025",2013
562,16.6529014042488,"Zhong2025",2013
563,4.29928598754309,"Zhong2025",2013
564,2.22042199285855,"Zhong2025",2013
565,6.47641408779799,"Zhong2025",2013
566,1.27513287643333,"Zhong2025",2013
567,7.72371102082654,"Zhong2025",2013
568,0.75878014353514,"Zhong2025",2013
569,2.62311759616257,"Zhong2025",2013
570,0.315814761334186,"Zhong2025",2013
571,3.13674486793115,"Zhong2025",2013
572,1.3129876074153,"Zhong2025",2013
573,1.59336494365869,"Zhong2025",2013
574,1.54265220626684,"Zhong2025",2013
575,1.41604502779748,"Zhong2025",2013
576,4.36503929796539,"Zhong2025",2013
577,0.647028185749128,"Zhong2025",2013
578,2.37532281781695,"Zhong2025",2013
579,1.38637579333885,"Zhong2025",2013
580,4.15608401689342,"Zhong2025",2013
581,1.78910361643405,"Zhong2025",2013
582,0.77529598912433,"Zhong2025",2013
583,0.298135929220056,"Zhong2025",2013
584,1.26372607213299,"Zhong2025",2013
585,1.29771143031429,"Zhong2025",2013
586,1.41486836433265,"Zhong2025",2013
587,1.34839343247143,"Zhong2025",2013
588,0.224050553259015,"Zhong2025",2013
589,3.89664486038257,"Zhong2025",2013
590,1.42715270386442,"Zhong2025",2013
591,3.34530762708698,"Zhong2025",2013
592,0.653985228391077,"Zhong2025",2013
593,0.446648548070628,"Zhong2025",2013
594,7.81344860059541,"Zhong2025",2013
595,0.99848519486752,"Zhong2025",2013
596,0.248656918012359,"Zhong2025",2013
597,9.29022168677629,"Zhong2025",2013
598,1.23561985864886,"Zhong2025",2013
599,3.28031961683344,"Zhong2025",2013
600,1.57751375551433,"Zhong2025",2013
601,4.53094162987057,"Zhong2025",2013
602,1.99637149407932,"Zhong2025",2013
603,24.1892811832757,"Zhong2025",2013
604,2.9723555649162,"Zhong2025",2013
605,1.36565694768039,"Zhong2025",2013
606,5.04996017097301,"Zhong2025",2013
607,9.36357097632787,"Zhong2025",2013
608,19.2338102817535,"Zhong2025",2013
609,3.93265934160043,"Zhong2025",2013
610,1.06600577877968,"Zhong2025",2013
611,2.30112937710792,"Zhong2025",2013
612,0.330809216403092,"Zhong2025",2013
613,2.42086951551491,"Zhong2025",2013
614,6.51484833427087,"Zhong2025",2013
615,0.558001202306061,"Zhong2025",2013
616,3.89824381657994,"Zhong2025",2013
617,5.74358638120896,"Zhong2025",2013
618,12.4722782506474,"Zhong2025",2013
619,0.488769409644532,"Zhong2025",2013
620,6.2558938281184,"Zhong2025",2013
621,2.23821173948875,"Zhong2025",2013
622,2.06159697377065,"Zhong2025",2013
623,6.39894143159947,"Zhong2025",2013
624,3.87711355973189,"Zhong2025",2013
625,0.417671048408374,"Zhong2025",2013
626,5.51376899242401,"Zhong2025",2013
627,8.02967557212701,"Zhong2025",2013
628,12.3955395962493,"Zhong2025",2013
629,43.8065432442559,"Zhong2025",2013
630,13.1443392712137,"Zhong2025",2013
631,0.695317125755931,"Zhong2025",2013
632,0.0551900380742184,"Zhong2025",2013
633,0.0473205259816559,"Zhong2025",2013
634,2.27923320490773,"Zhong2025",2013
635,0.275864128464579,"Zhong2025",2013
636,2.81625354071115,"Zhong2025",2013
637,0.299136067536734,"Zhong2025",2013
638,29.3669381178916,"Zhong2025",2013
639,2.33196978943963,"Zhong2025",2013
640,0.599921294016724,"Zhong2025",2013
641,2.41680389696298,"Zhong2025",2013
642,2.08265576879548,"Zhong2025",2013
643,1.28905213068402,"Zhong2025",2013
644,2.22670994716741,"Zhong2025",2013
645,1.34897899488288,"Zhong2025",2013
646,7.42253874797447,"Zhong2025",2013
647,0.976029713451862,"Zhong2025",2013
648,1.07292779171918,"Zhong2025",2013
649,18.4058747108166,"Zhong2025",2013
650,4.56206332455263,"Zhong2025",2013
651,0,"Zhong2025",2013
652,4.18474956186137,"Zhong2025",2013
653,1.44741688967323,"Zhong2025",2013
654,12.3056198427582,"Zhong2025",2013
655,0.204165987071249,"Zhong2025",2013
656,1.29786343005636,"Zhong2025",2013
657,6.05271130575324,"Zhong2025",2013
658,3.83999723882104,"Zhong2025",2013
659,6.18479372338428,"Zhong2025",2013
660,0,"Zhong2025",2013
661,21.0257053836699,"Zhong2025",2013
662,0.168208922169872,"Zhong2025",2013
663,2.66276405478517,"Zhong2025",2013
664,0.10247597524098,"Zhong2025",2013
665,0.822986879147762,"Zhong2025",2013
666,1.2643157916217,"Zhong2025",2013
667,0.0517243760641803,"Zhong2025",2013
668,4.13270422658435,"Zhong2025",2013
669,0.653861406857574,"Zhong2025",2013
670,0.269289923924925,"Zhong2025",2013
671,2.67862234682224,"Zhong2025",2013
672,16.4882950103576,"Zhong2025",2013
673,5.10000293437512,"Zhong2025",2013
674,1.19698028617564,"Zhong2025",2013
675,6.20780145390225,"Zhong2025",2013
676,3.26044489354605,"Zhong2025",2013
677,0.319097189675525,"Zhong2025",2013
678,1.09905079600436,"Zhong2025",2013
679,7.23138017432634,"Zhong2025",2013
680,5.47933981307717,"Zhong2025",2013
681,3.29000014332788,"Zhong2025",2013
682,0.244241079658662,"Zhong2025",2013
683,13.8703936211157,"Zhong2025",2013
684,0.781057711082151,"Zhong2025",2013
685,1.67595569626109,"Zhong2025",2013
686,8.66852679544766,"Zhong2025",2013
687,9.0988848572192,"Zhong2025",2013
688,2.05729577544591,"Zhong2025",2013
689,2.53528251764223,"Zhong2025",2013
690,3.13184624211175,"Zhong2025",2013
691,2.01077392847898,"Zhong2025",2013
692,18.394481976827,"Zhong2025",2013
693,2.47197003153941,"Zhong2025",2013
694,7.42426031657628,"Zhong2025",2013
695,5.87945749710004,"Zhong2025",2013
696,0.186339617423389,"Zhong2025",2013
697,8.25087818377336,"Zhong2025",2013
698,0.533936380471602,"Zhong2025",2013
699,0.211346522860584,"Zhong2025",2013
700,2.95681396264721,"Zhong2025",2013
701,0.626313315484467,"Zhong2025",2013
702,4.89328545245571,"Zhong2025",2013
703,6.26702220500796,"Zhong2025",2013
704,16.6721198065528,"Zhong2025",2013
705,1.96366149117721,"Zhong2025",2013
706,36.2888297721988,"Zhong2025",2013
707,3.87717893293926,"Zhong2025",2013
708,7.92649543474591,"Zhong2025",2013
709,0.195928124893457,"Zhong2025",2013
710,6.03876836112582,"Zhong2025",2013
711,0.0444634690286427,"Zhong2025",2013
712,9.08666329569767,"Zhong2025",2013
713,0.0953517005750627,"Zhong2025",2013
714,3.7734628410601,"Zhong2025",2013
715,0.492219194626847,"Zhong2025",2013
716,0.223901720048599,"Zhong2025",2013
717,2.50936366714422,"Zhong2025",2013
718,2.84145333505038,"Zhong2025",2013
719,2.87172523149428,"Zhong2025",2013
720,0.117861673095976,"Zhong2025",2013
721,2.58644245236109,"Zhong2025",2013
722,5.77737610583956,"Zhong2025",2013
723,12.2485649146118,"Zhong2025",2013
724,0.156201307151629,"Zhong2025",2013
725,4.97100447271203,"Zhong2025",2013
726,0.476693574324039,"Zhong2025",2013
727,0.854753161622928,"Zhong2025",2013
728,2.10219292797506,"Zhong2025",2013
729,0.762315807986137,"Zhong2025",2013
730,6.44693520875044,"Zhong2025",2013
731,0.601408716291189,"Zhong2025",2013
732,10.3075314649041,"Zhong2025",2013
733,3.06819591238911,"Zhong2025",2013
734,1.13404948008247,"Zhong2025",2013
735,0.979054597528143,"Zhong2025",2013
736,2.47405915926137,"Zhong2025",2013
737,3.85817032457635,"Zhong2025",2013
738,6.58416298627853,"Zhong2025",2013
739,3.42994150555144,"Zhong2025",2013
740,12.6351369301478,"Zhong2025",2013
741,0.46539044334587,"Zhong2025",2013
742,3.97802702229131,"Zhong2025",2013
743,11.3834121068319,"Zhong2025",2013
744,1.69252828213277,"Zhong2025",2013
745,8.3439832336091,"Zhong2025",2013
746,2.4868891487901,"Zhong2025",2013
747,18.1743056238914,"Zhong2025",2013
748,3.31279990590355,"Zhong2025",2013
749,1.32339513086175,"Zhong2025",2013
750,2.3660234149828,"Zhong2025",2013
751,1.08384212418632,"Zhong2025",2013
752,15.9539121937107,"Zhong2025",2013
753,0.900817865917746,"Zhong2025",2013
754,1.17443414649059,"Zhong2025",2013
755,3.97340149882921,"Zhong2025",2013
756,3.80831380120782,"Zhong2025",2013
757,0.383632418903289,"Zhong2025",2013
758,0.207425469767124,"Zhong2025",2013
759,0.411442560861788,"Zhong2025",2013
760,0.149894500352894,"Zhong2025",2013
761,12.9875560741799,"Zhong2025",2013
762,15.260071588117,"Zhong2025",2013
763,13.241478963149,"Zhong2025",2013
764,11.2416622551452,"Zhong2025",2013
765,1.84646253043072,"Zhong2025",2013
766,5.11066112294793,"Zhong2025",2013
767,14.2273181097848,"Zhong2025",2013
768,0.180609246072597,"Zhong2025",2013
769,16.1904711042132,"Zhong2025",2013
770,50.9857445456765,"Zhong2025",2013
771,1.06246948563709,"Zhong2025",2013
772,9.2110334597528,"Zhong2025",2013
773,1.73274086324012,"Zhong2025",2013
774,0.731333570256418,"Zhong2025",2013
775,9.92641142335458,"Zhong2025",2013
776,9.08950757008096,"Zhong2025",2013
777,5.85216393712021,"Zhong2025",2013
778,15.1156150545453,"Zhong2025",2013
779,54.6676558801683,"Zhong2025",2013
780,6.9294075863195,"Zhong2025",2013
781,19.2187573115031,"Zhong2025",2013
782,0.43371533129331,"Zhong2025",2013
783,30.4092316712652,"Zhong2025",2013
784,1.59293144919055,"Zhong2025",2013
785,2.44000129438467,"Zhong2025",2013
786,54.2603479273179,"Zhong2025",2013
787,6.83552567876247,"Zhong2025",2013
788,0,"Zhong2025",2013
789,25.0463280345118,"Zhong2025",2013
790,0.788609972721709,"Zhong2025",2013
791,0.468934895848085,"Zhong2025",2013
792,13.9007639025078,"Zhong2025",2013
793,8.21056963337792,"Zhong2025",2013
794,5.50029357149471,"Zhong2025",2013
795,8.87052803378878,"Zhong2025",2013
796,2.58203421806803,"Zhong2025",2013
797,4.43647302546775,"Zhong2025",2013
798,7.88686553755803,"Zhong2025",2013
799,2.13352255853985,"Zhong2025",2013
800,0.0822654457282409,"Zhong2025",2013
801,1.34579522235596,"Zhong2025",2013
802,0.919699172734637,"Zhong2025",2013
803,20.6930510490701,"Zhong2025",2013
804,17.377903559804,"Zhong2025",2013
805,2.39813107659517,"Zhong2025",2013
806,0.607622789383373,"Zhong2025",2013
807,10.4920933452653,"Zhong2025",2013
808,5.59263390163906,"Zhong2025",2013
809,1.34515509875726,"Zhong2025",2013
810,44.3026208024684,"Zhong2025",2013
811,2.41003152626633,"Zhong2025",2013
812,0.227395486071765,"Zhong2025",2013
813,8.69316299670729,"Zhong2025",2013
814,12.9290415461247,"Zhong2025",2013
815,13.3568967585141,"Zhong2025",2013
816,3.43376047251125,"Zhong2025",2013
817,6.47673083682855,"Zhong2025",2013
818,0.458131631924993,"Zhong2025",2013
819,3.13380604598811,"Zhong2025",2013
820,0,"Zhong2025",2013
821,8.10768050035915,"Zhong2025",2013
822,0.142351930975018,"Zhong2025",2013
823,3.72139773612625,"Zhong2025",2013
824,3.48546695866228,"Zhong2025",2013
825,1.27513826328019,"Zhong2025",2013
826,5.18830705673567,"Zhong2025",2013
827,2.74113591701711,"Zhong2025",2013
828,5.81903382075521,"Zhong2025",2013
829,8.92249937699391,"Zhong2025",2013
830,19.4053556724831,"Zhong2025",2013
831,19.7078848798224,"Zhong2025",2013
832,1.85388497172926,"Zhong2025",2013
833,0.27091503895697,"Zhong2025",2013
834,9.3342480508108,"Zhong2025",2013
835,12.1574598816801,"Zhong2025",2013
836,9.37911169885989,"Zhong2025",2013
837,17.2424934499404,"Zhong2025",2013
838,7.83848581852063,"Zhong2025",2013
839,35.1568653139017,"Zhong2025",2013
840,11.2942256624048,"Zhong2025",2013
841,10.0241040865202,"Zhong2025",2013
842,2.81169838469516,"Zhong2025",2013
843,3.85459733822964,"Zhong2025",2013
844,9.52116490494121,"Zhong2025",2013
845,26.6374969784218,"Zhong2025",2013
846,5.11176686898466,"Zhong2025",2013
847,15.9121202539515,"Zhong2025",2013
848,38.3726999095229,"Zhong2025",2013
849,13.5830553473698,"Zhong2025",2013
850,2.20777882224527,"Zhong2025",2013
851,8.4194636718948,"Zhong2025",2013
852,43.4739257049561,"Zhong2025",2013
853,0.453944236352599,"Zhong2025",2013
854,0.228947938929727,"Zhong2025",2013
855,10.6073142730438,"Zhong2025",2013
856,14.5554365570898,"Zhong2025",2013
857,2.05673129180429,"Zhong2025",2013
858,2.76122683901148,"Zhong2025",2013
859,1.40137080333539,"Zhong2025",2013
860,4.36134927403437,"Zhong2025",2013
861,0.170429878733557,"Zhong2025",2013
862,5.61118644829609,"Zhong2025",2013
863,12.9793162686484,"Zhong2025",2013
864,7.93543935546348,"Zhong2025",2013
865,0.125972971275449,"Zhong2025",2013
866,13.8576435961966,"Zhong2025",2013
867,20.1629842529818,"Zhong2025",2013
868,10.8463580005772,"Zhong2025",2013
869,12.4378874376525,"Zhong2025",2013
870,0.749035569380859,"Zhong2025",2013
871,0.161776477896079,"Zhong2025",2013
872,3.86896305705693,"Zhong2025",2013
873,0.270592484335627,"Zhong2025",2013
874,0.479416903654734,"Zhong2025",2013
875,0.313571502900718,"Zhong2025",2013
876,6.37920090151685,"Zhong2025",2013
877,0.302411052554771,"Zhong2025",2013
878,3.35860206647571,"Zhong2025",2013
879,4.82248195910087,"Zhong2025",2013
880,0.674543934983093,"Zhong2025",2013
881,0.0944053029774555,"Zhong2025",2013
882,1.04951663625173,"Zhong2025",2013
883,1.63232098264473,"Zhong2025",2013
884,0.955500362859648,"Zhong2025",2013
885,0.764502037103584,"Zhong2025",2013
886,20.6253925817984,"Zhong2025",2013
887,1.39353574087383,"Zhong2025",2013
888,1.26718029208459,"Zhong2025",2013
889,6.75470086753946,"Zhong2025",2013
890,6.06767603122289,"Zhong2025",2013
891,1.83911456221743,"Zhong2025",2013
892,6.00939288545162,"Zhong2025",2013
893,2.93710361572879,"Zhong2025",2013
894,0.682554166376418,"Zhong2025",2013
895,0.482439776108465,"Zhong2025",2013
896,12.4725581781618,"Zhong2025",2013
897,2.83322571900137,"Zhong2025",2013
898,0.390703272390521,"Zhong2025",2013
899,0.669018566185511,"Zhong2025",2013
900,0.21992329009206,"Zhong2025",2013
901,26.4862991631633,"Zhong2025",2013
902,0.165306967410098,"Zhong2025",2013
903,1.00073478962095,"Zhong2025",2013
904,0.331202182391834,"Zhong2025",2013
905,0.699474610235447,"Zhong2025",2013
906,1.38255973130798,"Zhong2025",2013
907,0.738184451116636,"Zhong2025",2013
908,0.546488216601905,"Zhong2025",2013
909,22.5810073313886,"Zhong2025",2013
910,15.2437619302585,"Zhong2025",2013
911,10.6823540295567,"Zhong2025",2013
912,3.02776101878413,"Zhong2025",2013
913,2.87167080446779,"Zhong2025",2013
914,6.57926821687093,"Zhong2025",2013
915,0.989877007049298,"Zhong2025",2013
916,1.10879617836469,"Zhong2025",2013
917,0.0105083532502939,"Zhong2025",2013
918,1.23425787319177,"Zhong2025",2013
919,2.39575553523997,"Zhong2025",2013
920,1.26908488692186,"Zhong2025",2013
921,7.90164900018754,"Zhong2025",2013
922,3.37349749448754,"Zhong2025",2013
923,0.0856333803603897,"Zhong2025",2013
924,0.0181395206095519,"Zhong2025",2013
925,0.426030771003598,"Zhong2025",2013
926,0.305859638017512,"Zhong2025",2013
927,0.222902151083752,"Zhong2025",2013
928,0.140693844439265,"Zhong2025",2013
929,0.0670849989606768,"Zhong2025",2013
930,4.92408626750498,"Zhong2025",2013
931,1.21208801142841,"Zhong2025",2013
932,0.255636335242385,"Zhong2025",2013
933,0,"Zhong2025",2013
934,0.368988775998654,"Zhong2025",2013
935,0.110551748523889,"Zhong2025",2013
936,0.0409686671106005,"Zhong2025",2013
937,0.00756009599013434,"Zhong2025",2013
938,0.674192399159995,"Zhong2025",2013
939,11.106307349184,"Zhong2025",2013
940,7.11078190345819,"Zhong2025",2013
941,1.14396188491122,"Zhong2025",2013
942,3.23572897290493,"Zhong2025",2013
943,0.912762563919028,"Zhong2025",2013
944,0.853028183787007,"Zhong2025",2013
945,0.398318639207898,"Zhong2025",2013
946,1.59642444635013,"Zhong2025",2013
947,0.685115380850059,"Zhong2025",2013
948,1.84012541992195,"Zhong2025",2013
949,8.9047117231011,"Zhong2025",2013
950,6.76593174654345,"Zhong2025",2013
951,0.596099279561942,"Zhong2025",2013
952,1.94744291102703,"Zhong2025",2013
953,5.93549856859894,"Zhong2025",2013
954,6.65654427256209,"Zhong2025",2013
955,0.435153891106324,"Zhong2025",2013
956,0.340285438309456,"Zhong2025",2013
957,0.693935016548899,"Zhong2025",2013
958,0.463458112482395,"Zhong2025",2013
959,0.752231567564831,"Zhong2025",2013
960,7.15836414028194,"Zhong2025",2013
961,3.17687251317306,"Zhong2025",2013
962,0.557884813031426,"Zhong2025",2013
963,3.83510960957972,"Zhong2025",2013
964,1.15843795739795,"Zhong2025",2013
965,12.1379239336937,"Zhong2025",2013
966,5.6244042289865,"Zhong2025",2013
967,4.27161226906331,"Zhong2025",2013
968,0.0630889794735525,"Zhong2025",2013
969,4.55007772636648,"Zhong2025",2013
970,0.297526180480971,"Zhong2025",2013
971,2.65312691177539,"Zhong2025",2013
972,1.00889273338938,"Zhong2025",2013
973,7.7459358109794,"Zhong2025",2013
974,2.12133147372515,"Zhong2025",2013
975,0.447577572045212,"Zhong2025",2013
976,0.328382239830268,"Zhong2025",2013
977,0.0242035444141865,"Zhong2025",2013
978,2.79242758997118,"Zhong2025",2013
979,17.743181394071,"Zhong2025",2013
980,6.2795025183041,"Zhong2025",2013
981,12.8508568101864,"Zhong2025",2013
982,4.04456555578971,"Zhong2025",2013
983,3.88036245326785,"Zhong2025",2013
984,4.60383249951733,"Zhong2025",2013
985,1.50287267317375,"Zhong2025",2013
986,0.201366353083239,"Zhong2025",2013
987,0.307007411102715,"Zhong2025",2013
988,0.300921106945958,"Zhong2025",2013
989,0.847911734113481,"Zhong2025",2013
990,2.20405730866452,"Zhong2025",2013
991,0.0393561898204296,"Zhong2025",2013
992,2.84168174022389,"Zhong2025",2013
993,0.593000211761754,"Zhong2025",2013
994,0.547101408368049,"Zhong2025",2013
995,0.988722117641304,"Zhong2025",2013
996,2.94690856160021,"Zhong2025",2013
997,6.93480453751649,"Zhong2025",2013
998,0.571321267406425,"Zhong2025",2013
999,3.78331434149896,"Zhong2025",2013
1000,11.5625766944081,"Zhong2025",2013
1001,0.0957382239327328,"Zhong2025",2013
1002,3.22258706160902,"Zhong2025",2013
1003,0.0737286294634278,"Zhong2025",2013
1004,2.64430921308444,"Zhong2025",2013
1005,0.548141189636546,"Zhong2025",2013
1006,0,"Zhong2025",2013
1007,0.650455867183146,"Zhong2025",2013
1008,10.9805551725957,"Zhong2025",2013
1009,1.59670593400827,"Zhong2025",2013
1010,0,"Zhong2025",2013
1011,0.630397966228581,"Zhong2025",2013
1012,2.74135940073246,"Zhong2025",2013
1013,1.75951261759243,"Zhong2025",2013
1014,1.83729496972053,"Zhong2025",2013
1015,1.55112499045688,"Zhong2025",2013
1016,4.18860792590847,"Zhong2025",2013
1017,1.74953680394432,"Zhong2025",2013
1018,0.768407752986478,"Zhong2025",2013
1019,0.368958915887134,"Zhong2025",2013
1020,0.260435681602943,"Zhong2025",2013
1021,0.101022854222347,"Zhong2025",2013
1022,7.99620779769093,"Zhong2025",2013
1023,4.61993291441641,"Zhong2025",2013
1024,0,"Zhong2025",2013
1025,12.4093359739616,"Zhong2025",2013
1026,1.98348839971714,"Zhong2025",2013
1027,0.428731714472292,"Zhong2025",2013
1028,0.354007796478019,"Zhong2025",2013
1029,1.52369691997371,"Zhong2025",2013
1030,1.14944287770681,"Zhong2025",2013
1031,0.166042394999502,"Zhong2025",2013
1032,5.0017518800768,"Zhong2025",2013
1033,2.57199552251121,"Zhong2025",2013
1034,3.32314033999846,"Zhong2025",2013
1035,8.23601487278938,"Zhong2025",2013
1036,4.71461546797781,"Zhong2025",2013
1037,0.21894005857519,"Zhong2025",2013
1038,1.98904897182534,"Zhong2025",2013
1039,1.38489632971328,"Zhong2025",2013
1040,0.0626040145055172,"Zhong2025",2013
1041,2.34545999932636,"Zhong2025",2013
1042,0.0778623363712897,"Zhong2025",2013
1043,0.505644372350683,"Zhong2025",2013
1044,0.779638338860986,"Zhong2025",2013
1045,0.0693030930235095,"Zhong2025",2013
1046,1.36131131573795,"Zhong2025",2013
1047,0.912060190131639,"Zhong2025",2013
1048,0.150256881566509,"Zhong2025",2013
1049,0.116572973441896,"Zhong2025",2013
1050,0.305595693973795,"Zhong2025",2013
1051,1.03087875660162,"Zhong2025",2013
1052,1.40048850445785,"Zhong2025",2013
1053,2.66314987467856,"Zhong2025",2013
1054,7.60354766622186,"Zhong2025",2013
1055,0.703162830940828,"Zhong2025",2013
1056,0.475681325990739,"Zhong2025",2013
1057,14.4698361959273,"Zhong2025",2013
1058,38.6434042609741,"Zhong2025",2013
1059,0.481438517046681,"Zhong2025",2013
1060,0.133406872834222,"Zhong2025",2013
1061,11.086385291128,"Zhong2025",2013
1062,40.0457565566389,"Zhong2025",2013
1063,11.5908489628401,"Zhong2025",2013
1064,0.406198746018792,"Zhong2025",2013
1065,2.98173226097671,"Zhong2025",2013
1066,1.13251955255041,"Zhong2025",2013
1067,1.01745224106643,"Zhong2025",2013
1068,2.00780601486758,"Zhong2025",2013
1069,0.37763620449674,"Zhong2025",2013
1070,1.91223734192296,"Zhong2025",2013
1071,7.94003687670519,"Zhong2025",2013
1072,1.39368867860348,"Zhong2025",2013
1073,0.804016401564322,"Zhong2025",2013
1074,5.76136396414603,"Zhong2025",2013
1075,1.74530964085877,"Zhong2025",2013
1076,1.08296773725006,"Zhong2025",2013
1077,0.259671547414879,"Zhong2025",2013
1078,19.4632079767144,"Zhong2025",2013
1079,3.01655664058352,"Zhong2025",2013
1080,22.6585800507489,"Zhong2025",2013
1081,6.96492364309631,"Zhong2025",2013
1082,6.32822364026373,"Zhong2025",2013
1083,1.72838329249988,"Zhong2025",2013
1084,7.81860749864657,"Zhong2025",2013
1085,5.12596712802586,"Zhong2025",2013
1086,5.49189452656695,"Zhong2025",2013
1087,7.78695919413083,"Zhong2025",2013
1088,21.9353102058642,"Zhong2025",2013
1089,0.310554100280422,"Zhong2025",2013
1090,0.734370411853581,"Zhong2025",2013
1091,2.43752940929491,"Zhong2025",2013
1092,4.9011844012519,"Zhong2025",2013
1093,6.89185445620359,"Zhong2025",2013
1094,0.314360838107846,"Zhong2025",2013
1095,3.62550434072798,"Zhong2025",2013
1096,15.7644627258004,"Zhong2025",2013
1097,0.0495034810903122,"Zhong2025",2013
1098,0.235792515564279,"Zhong2025",2013
1099,1.46887092771404,"Zhong2025",2013
1100,8.91759176674013,"Zhong2025",2013
1101,0.556644502127993,"Zhong2025",2013
1102,4.57450354783908,"Zhong2025",2013
1103,0.828223452789754,"Zhong2025",2013
1104,6.28897815188055,"Zhong2025",2013
1105,2.4012145764584,"Zhong2025",2013
1106,3.23697839011825,"Zhong2025",2013
1107,1.43315097156527,"Zhong2025",2013
1108,0.681019779983009,"Zhong2025",2013
1109,3.58328389641094,"Zhong2025",2013
1110,1.39908541832257,"Zhong2025",2013
1111,3.24285191321077,"Zhong2025",2013
1112,28.2014193322923,"Zhong2025",2013
1113,33.7971261637894,"Zhong2025",2013
1114,54.1119131814866,"Zhong2025",2013
1115,28.3885297356071,"Zhong2025",2013
1116,40.8268444517017,"Zhong2025",2013
1117,18.6361309088193,"Zhong2025",2013
1118,28.898869934833,"Zhong2025",2013
1119,1.26133372462566,"Zhong2025",2013
1120,5.73615434962007,"Zhong2025",2013
1121,54.6710925102234,"Zhong2025",2013
1122,51.0243236642135,"Zhong2025",2013
1,1.81765198537397,"Zhong2025",2014
2,0.108290553330099,"Zhong2025",2014
3,0.179208450026828,"Zhong2025",2014
4,0.428588715744815,"Zhong2025",2014
5,0.18945218833081,"Zhong2025",2014
6,0.154109961770745,"Zhong2025",2014
7,0.0473670375727214,"Zhong2025",2014
8,0.0625571665567819,"Zhong2025",2014
9,0.119571713915181,"Zhong2025",2014
10,0.0528720393830303,"Zhong2025",2014
11,0.0325695621627979,"Zhong2025",2014
12,0.0536226362741265,"Zhong2025",2014
13,0.00892615435256986,"Zhong2025",2014
14,0.200269615753616,"Zhong2025",2014
15,0.447589328503805,"Zhong2025",2014
16,0.0847658110881937,"Zhong2025",2014
17,16.5163667189958,"Zhong2025",2014
18,0.401277786421199,"Zhong2025",2014
19,0.156050240584087,"Zhong2025",2014
20,0.338583444314146,"Zhong2025",2014
21,0.427210225329018,"Zhong2025",2014
22,2.15232655062032,"Zhong2025",2014
23,2.94336407110095,"Zhong2025",2014
24,1.71514778185953,"Zhong2025",2014
25,8.39392316577203,"Zhong2025",2014
26,7.49367530207144,"Zhong2025",2014
27,2.23709982428384,"Zhong2025",2014
28,16.4900295049837,"Zhong2025",2014
29,0.322174543642314,"Zhong2025",2014
30,1.22552306651089,"Zhong2025",2014
31,0.608734791539609,"Zhong2025",2014
32,0,"Zhong2025",2014
33,0.406900476910794,"Zhong2025",2014
34,11.054133070907,"Zhong2025",2014
35,0.924557639261505,"Zhong2025",2014
36,11.976452260404,"Zhong2025",2014
37,0.142889183037031,"Zhong2025",2014
38,0.655367354575401,"Zhong2025",2014
39,0.678377768852779,"Zhong2025",2014
40,12.907966323589,"Zhong2025",2014
41,21.1204915786612,"Zhong2025",2014
42,0.516198002333333,"Zhong2025",2014
43,1.23913569447346,"Zhong2025",2014
44,0.0392292591670877,"Zhong2025",2014
45,8.91602613965967,"Zhong2025",2014
46,0.034188820590759,"Zhong2025",2014
47,1.55398262249559,"Zhong2025",2014
48,1.37062558845737,"Zhong2025",2014
49,2.29893239461071,"Zhong2025",2014
50,0.11529807143493,"Zhong2025",2014
51,8.18025715794,"Zhong2025",2014
52,4.39761551893452,"Zhong2025",2014
53,1.695178069797,"Zhong2025",2014
54,0.291802550891307,"Zhong2025",2014
55,0.1018834218124,"Zhong2025",2014
56,0,"Zhong2025",2014
57,0,"Zhong2025",2014
58,21.022654397147,"Zhong2025",2014
59,39.7214384918539,"Zhong2025",2014
60,15.5654518419299,"Zhong2025",2014
61,5.95193077066186,"Zhong2025",2014
62,1.90430110975316,"Zhong2025",2014
63,6.30300668805302,"Zhong2025",2014
64,7.2610723007007,"Zhong2025",2014
65,8.24140257987136,"Zhong2025",2014
66,3.04381561610147,"Zhong2025",2014
67,27.5704705877212,"Zhong2025",2014
68,17.5370441691111,"Zhong2025",2014
69,1.84400643178572,"Zhong2025",2014
70,1.40226191727651,"Zhong2025",2014
71,11.9081032677973,"Zhong2025",2014
72,3.25457702923521,"Zhong2025",2014
73,7.71741480050684,"Zhong2025",2014
74,6.61728486030949,"Zhong2025",2014
75,13.4368353908991,"Zhong2025",2014
76,14.0282961038443,"Zhong2025",2014
77,3.44612521368333,"Zhong2025",2014
78,19.1270708446875,"Zhong2025",2014
79,10.0281327113569,"Zhong2025",2014
80,10.5188798127721,"Zhong2025",2014
81,6.91094299907118,"Zhong2025",2014
82,10.4401002700232,"Zhong2025",2014
83,10.5810970167707,"Zhong2025",2014
84,3.68176297696189,"Zhong2025",2014
85,5.93673159162043,"Zhong2025",2014
86,4.10340540692489,"Zhong2025",2014
87,6.980530204129,"Zhong2025",2014
88,14.0016474962235,"Zhong2025",2014
89,2.40993727056556,"Zhong2025",2014
90,9.82626209639701,"Zhong2025",2014
91,8.91171949335009,"Zhong2025",2014
92,35.7939953523524,"Zhong2025",2014
93,9.14667123733137,"Zhong2025",2014
94,4.95889205407526,"Zhong2025",2014
95,14.3719711355337,"Zhong2025",2014
96,10.5768663386129,"Zhong2025",2014
97,11.8493507883173,"Zhong2025",2014
98,1.62262262172702,"Zhong2025",2014
99,7.19230348562575,"Zhong2025",2014
100,1.35993040311962,"Zhong2025",2014
101,2.76093555666624,"Zhong2025",2014
102,4.25833671386628,"Zhong2025",2014
103,1.14597470798503,"Zhong2025",2014
104,5.61482846608969,"Zhong2025",2014
105,0.323118974413454,"Zhong2025",2014
106,3.09967976666276,"Zhong2025",2014
107,0.517303359805275,"Zhong2025",2014
108,0.404744825640689,"Zhong2025",2014
109,4.2952980629276,"Zhong2025",2014
110,0.289916035666014,"Zhong2025",2014
111,1.86660036682251,"Zhong2025",2014
112,0.0748630473534673,"Zhong2025",2014
113,0.0364294631823654,"Zhong2025",2014
114,7.00472672214465,"Zhong2025",2014
115,1.36576432246892,"Zhong2025",2014
116,0.831634626517655,"Zhong2025",2014
117,1.11991019913382,"Zhong2025",2014
118,3.68865638880626,"Zhong2025",2014
119,0.598029902949929,"Zhong2025",2014
120,1.39057974491203,"Zhong2025",2014
121,0.890760983098607,"Zhong2025",2014
122,0.0882982954330055,"Zhong2025",2014
123,7.65231626426719,"Zhong2025",2014
124,0.868688475765678,"Zhong2025",2014
125,4.53874321340493,"Zhong2025",2014
126,7.05235289335251,"Zhong2025",2014
127,1.51273546660248,"Zhong2025",2014
128,8.04218395425282,"Zhong2025",2014
129,6.34935973240779,"Zhong2025",2014
130,7.92019841138353,"Zhong2025",2014
131,13.9385014146061,"Zhong2025",2014
132,2.76412819060561,"Zhong2025",2014
133,4.46334526832065,"Zhong2025",2014
134,3.43498734235764,"Zhong2025",2014
135,1.03048199466479,"Zhong2025",2014
136,6.21070406550453,"Zhong2025",2014
137,9.94451320648193,"Zhong2025",2014
138,3.75536863643389,"Zhong2025",2014
139,4.34292299239362,"Zhong2025",2014
140,1.29869878020321,"Zhong2025",2014
141,3.98056051604401,"Zhong2025",2014
142,6.62551215468537,"Zhong2025",2014
143,0.899599979519844,"Zhong2025",2014
144,0.324291057223938,"Zhong2025",2014
145,6.72314323054109,"Zhong2025",2014
146,2.25762124659194,"Zhong2025",2014
147,4.58465556671547,"Zhong2025",2014
148,0.0281750975670863,"Zhong2025",2014
149,2.51963244598225,"Zhong2025",2014
150,4.73361858171893,"Zhong2025",2014
151,1.64110152594903,"Zhong2025",2014
152,0.661124688227872,"Zhong2025",2014
153,4.90959508984746,"Zhong2025",2014
154,5.39913751791542,"Zhong2025",2014
155,2.9830975894593,"Zhong2025",2014
156,0.116601765260566,"Zhong2025",2014
157,8.04231098890305,"Zhong2025",2014
158,3.14662361776128,"Zhong2025",2014
159,4.56963647508073,"Zhong2025",2014
160,2.15491153882833,"Zhong2025",2014
161,1.18322222279268,"Zhong2025",2014
162,0.0320757722192792,"Zhong2025",2014
163,0.119985267914954,"Zhong2025",2014
164,0.493575911666896,"Zhong2025",2014
165,0.107928738464132,"Zhong2025",2014
166,0.0089012804686891,"Zhong2025",2014
167,0.108445472630576,"Zhong2025",2014
168,0.0214315254923914,"Zhong2025",2014
169,0.0170501261028938,"Zhong2025",2014
170,0,"Zhong2025",2014
171,0,"Zhong2025",2014
172,0,"Zhong2025",2014
173,0.269717257137086,"Zhong2025",2014
174,0.0466433927160474,"Zhong2025",2014
175,0,"Zhong2025",2014
176,0.00557010110318894,"Zhong2025",2014
177,0.062332302724799,"Zhong2025",2014
178,0,"Zhong2025",2014
179,0,"Zhong2025",2014
180,0.0196460906833944,"Zhong2025",2014
181,0.000952016672410011,"Zhong2025",2014
182,0,"Zhong2025",2014
183,0,"Zhong2025",2014
184,0,"Zhong2025",2014
185,0,"Zhong2025",2014
186,0.0291705905559247,"Zhong2025",2014
187,0.178286286719907,"Zhong2025",2014
188,0.0108866550197788,"Zhong2025",2014
189,0.00284603481832414,"Zhong2025",2014
190,6.67562678787149,"Zhong2025",2014
191,9.67180134963702,"Zhong2025",2014
192,0,"Zhong2025",2014
193,0,"Zhong2025",2014
194,0.785021039298832,"Zhong2025",2014
195,2.33589733708513,"Zhong2025",2014
196,0.291959104048447,"Zhong2025",2014
197,0.618299370061791,"Zhong2025",2014
198,1.59900611565708,"Zhong2025",2014
199,0.12745060173341,"Zhong2025",2014
200,0.662943300456184,"Zhong2025",2014
201,0,"Zhong2025",2014
202,0.99030297959978,"Zhong2025",2014
203,0.0567184497179619,"Zhong2025",2014
204,4.45573753311771,"Zhong2025",2014
205,0.392804892483976,"Zhong2025",2014
206,2.71518307830444,"Zhong2025",2014
207,0.13895455447954,"Zhong2025",2014
208,0.140170200539718,"Zhong2025",2014
209,0.148092600245825,"Zhong2025",2014
210,0.00120645550236861,"Zhong2025",2014
211,0,"Zhong2025",2014
212,0,"Zhong2025",2014
213,0,"Zhong2025",2014
214,0,"Zhong2025",2014
215,0,"Zhong2025",2014
216,0,"Zhong2025",2014
217,0.00293002363852803,"Zhong2025",2014
218,0,"Zhong2025",2014
219,0,"Zhong2025",2014
220,0.020945358208007,"Zhong2025",2014
221,0.0122045259175221,"Zhong2025",2014
222,0,"Zhong2025",2014
223,0,"Zhong2025",2014
224,0,"Zhong2025",2014
225,0,"Zhong2025",2014
226,0.0896521936720129,"Zhong2025",2014
227,0.0125067223238247,"Zhong2025",2014
228,0.014984438140439,"Zhong2025",2014
229,0.00836667406668159,"Zhong2025",2014
230,20.8450935260261,"Zhong2025",2014
231,2.24544484638992,"Zhong2025",2014
232,4.67725700005286,"Zhong2025",2014
233,0.347902672074418,"Zhong2025",2014
234,4.91301827117016,"Zhong2025",2014
235,10.8733289440473,"Zhong2025",2014
236,4.67793122447956,"Zhong2025",2014
237,3.7282229856618,"Zhong2025",2014
238,4.99808757834393,"Zhong2025",2014
239,2.97403857201951,"Zhong2025",2014
240,16.3445393830015,"Zhong2025",2014
241,7.69153523542997,"Zhong2025",2014
242,2.70500189992599,"Zhong2025",2014
243,8.78378961823182,"Zhong2025",2014
244,1.95909820159479,"Zhong2025",2014
245,8.53985044067232,"Zhong2025",2014
246,6.15923029142132,"Zhong2025",2014
247,0.73337088064711,"Zhong2025",2014
248,10.8202301829588,"Zhong2025",2014
249,5.03955427338095,"Zhong2025",2014
250,0.348943191555873,"Zhong2025",2014
251,1.76685248632758,"Zhong2025",2014
252,7.2793778834824,"Zhong2025",2014
253,1.11630530522959,"Zhong2025",2014
254,16.7413500608024,"Zhong2025",2014
255,2.53160389345071,"Zhong2025",2014
256,5.03116658119444,"Zhong2025",2014
257,33.8779991002587,"Zhong2025",2014
258,7.29016125756641,"Zhong2025",2014
259,17.2248745133646,"Zhong2025",2014
260,30.095197468996,"Zhong2025",2014
261,4.53641408617778,"Zhong2025",2014
262,12.8690958339556,"Zhong2025",2014
263,1.41728369873676,"Zhong2025",2014
264,16.7026060664135,"Zhong2025",2014
265,11.5698558030373,"Zhong2025",2014
266,1.77322005704045,"Zhong2025",2014
267,16.9626654045513,"Zhong2025",2014
268,4.57514493902082,"Zhong2025",2014
269,23.5013711141829,"Zhong2025",2014
270,4.5389845109755,"Zhong2025",2014
271,9.40798960117594,"Zhong2025",2014
272,7.25628324225545,"Zhong2025",2014
273,49.3987684249878,"Zhong2025",2014
274,7.62381506648576,"Zhong2025",2014
275,4.36753224159024,"Zhong2025",2014
276,16.4968976413502,"Zhong2025",2014
277,12.5365247451342,"Zhong2025",2014
278,0.583437947144898,"Zhong2025",2014
279,0.267942736643571,"Zhong2025",2014
280,9.6314570278957,"Zhong2025",2014
281,7.88164174299479,"Zhong2025",2014
282,4.47822362076178,"Zhong2025",2014
283,48.8021875472753,"Zhong2025",2014
284,5.80335008018674,"Zhong2025",2014
285,1.8462741521641,"Zhong2025",2014
286,0.493551855742931,"Zhong2025",2014
287,0.373045565641651,"Zhong2025",2014
288,0.856117245232884,"Zhong2025",2014
289,2.54497627514259,"Zhong2025",2014
290,40.4003619904731,"Zhong2025",2014
291,1.44137102555363,"Zhong2025",2014
292,20.8624628703303,"Zhong2025",2014
293,5.10429354203053,"Zhong2025",2014
294,0.759915907947288,"Zhong2025",2014
295,0.420225409768755,"Zhong2025",2014
296,0.251935972229935,"Zhong2025",2014
297,2.78228493634125,"Zhong2025",2014
298,0.738784610317323,"Zhong2025",2014
299,1.88515216565537,"Zhong2025",2014
300,15.3720732969396,"Zhong2025",2014
301,3.15671033858989,"Zhong2025",2014
302,0.998391888930186,"Zhong2025",2014
303,21.377032223675,"Zhong2025",2014
304,1.69961795227035,"Zhong2025",2014
305,0.0181943527378213,"Zhong2025",2014
306,2.64597297203771,"Zhong2025",2014
307,1.32391171223342,"Zhong2025",2014
308,2.37509672528269,"Zhong2025",2014
309,0.887659801402622,"Zhong2025",2014
310,2.82061718036839,"Zhong2025",2014
311,0.711812452921588,"Zhong2025",2014
312,6.59658202862988,"Zhong2025",2014
313,0.569483791779937,"Zhong2025",2014
314,4.61867300338293,"Zhong2025",2014
315,0.536699897989308,"Zhong2025",2014
316,0.19915482800704,"Zhong2025",2014
317,1.30197806779183,"Zhong2025",2014
318,1.94146811427506,"Zhong2025",2014
319,6.67090240780939,"Zhong2025",2014
320,3.26483483356237,"Zhong2025",2014
321,0.904223467276795,"Zhong2025",2014
322,4.36236188428582,"Zhong2025",2014
323,5.98842672417138,"Zhong2025",2014
324,1.47376542293338,"Zhong2025",2014
325,0.566737657439653,"Zhong2025",2014
326,17.9573561234421,"Zhong2025",2014
327,4.2059418823527,"Zhong2025",2014
328,3.0721699050344,"Zhong2025",2014
329,8.86392430979216,"Zhong2025",2014
330,1.56026453272712,"Zhong2025",2014
331,7.40763590126816,"Zhong2025",2014
332,48.3172194957733,"Zhong2025",2014
333,3.40590048099901,"Zhong2025",2014
334,0.737480497860745,"Zhong2025",2014
335,6.13019082713199,"Zhong2025",2014
336,10.3863631330328,"Zhong2025",2014
337,50.1060751302918,"Zhong2025",2014
338,3.73323194454622,"Zhong2025",2014
339,2.31787695239135,"Zhong2025",2014
340,4.28552525732084,"Zhong2025",2014
341,10.5722788348794,"Zhong2025",2014
342,1.84628348514595,"Zhong2025",2014
343,1.61823191846354,"Zhong2025",2014
344,2.15498388055593,"Zhong2025",2014
345,9.48605399860519,"Zhong2025",2014
346,5.31930848711411,"Zhong2025",2014
347,4.26829990104894,"Zhong2025",2014
348,0.606229998570001,"Zhong2025",2014
349,0.70018598015904,"Zhong2025",2014
350,0.75995912814418,"Zhong2025",2014
351,20.92427948543,"Zhong2025",2014
352,0.218991313290083,"Zhong2025",2014
353,9.34030755670344,"Zhong2025",2014
354,1.45809892248321,"Zhong2025",2014
355,4.04400989849013,"Zhong2025",2014
356,0.752052139514458,"Zhong2025",2014
357,10.9253555446957,"Zhong2025",2014
358,0.8444732047545,"Zhong2025",2014
359,1.45361980295924,"Zhong2025",2014
360,1.59840138863634,"Zhong2025",2014
361,12.9515511517424,"Zhong2025",2014
362,0.645582138166502,"Zhong2025",2014
363,2.02100206135999,"Zhong2025",2014
364,0.543808278820803,"Zhong2025",2014
365,2.28571116252512,"Zhong2025",2014
366,0.448658123558995,"Zhong2025",2014
367,49.2649535032419,"Zhong2025",2014
368,18.3980957190814,"Zhong2025",2014
369,0.6658715369758,"Zhong2025",2014
370,5.24258407328955,"Zhong2025",2014
371,3.09884973992594,"Zhong2025",2014
372,1.13123141732472,"Zhong2025",2014
373,6.17471013296592,"Zhong2025",2014
374,0.150906246151442,"Zhong2025",2014
375,12.6292077454949,"Zhong2025",2014
376,4.58216344941821,"Zhong2025",2014
377,0.535761016089946,"Zhong2025",2014
378,0.434804519382569,"Zhong2025",2014
379,0.659807862468555,"Zhong2025",2014
380,0.155692925171128,"Zhong2025",2014
381,9.85360171203502,"Zhong2025",2014
382,26.1493463597055,"Zhong2025",2014
383,0.882354243911435,"Zhong2025",2014
384,1.07223021781639,"Zhong2025",2014
385,12.1616664244158,"Zhong2025",2014
386,10.3966592010437,"Zhong2025",2014
387,30.6884012785341,"Zhong2025",2014
388,4.9698109282964,"Zhong2025",2014
389,2.9642773035692,"Zhong2025",2014
390,62.8499296188354,"Zhong2025",2014
391,4.32609388090315,"Zhong2025",2014
392,11.1746046277117,"Zhong2025",2014
393,7.57296429628299,"Zhong2025",2014
394,31.730410347687,"Zhong2025",2014
395,3.72948543845661,"Zhong2025",2014
396,3.26243332985506,"Zhong2025",2014
397,2.60106037972679,"Zhong2025",2014
398,40.6529437086799,"Zhong2025",2014
399,0.132050685017653,"Zhong2025",2014
400,0.205162457782413,"Zhong2025",2014
401,0.390128053863361,"Zhong2025",2014
402,0.212794650136889,"Zhong2025",2014
403,0,"Zhong2025",2014
404,0,"Zhong2025",2014
405,7.14712134441028,"Zhong2025",2014
406,0.0222653141446874,"Zhong2025",2014
407,0.576312613239261,"Zhong2025",2014
408,0.15244866433389,"Zhong2025",2014
409,0,"Zhong2025",2014
410,0.215357815619238,"Zhong2025",2014
411,0,"Zhong2025",2014
412,0.022781920649032,"Zhong2025",2014
413,0.00473986669501692,"Zhong2025",2014
414,0,"Zhong2025",2014
415,0.151822040795832,"Zhong2025",2014
416,0,"Zhong2025",2014
417,0.414176201058382,"Zhong2025",2014
418,0.363853882349696,"Zhong2025",2014
419,0.170347385822557,"Zhong2025",2014
420,0,"Zhong2025",2014
421,0.0944545989994352,"Zhong2025",2014
422,0.0122744055588002,"Zhong2025",2014
423,0.023616139453204,"Zhong2025",2014
424,0,"Zhong2025",2014
425,0,"Zhong2025",2014
426,0.174021434382916,"Zhong2025",2014
427,0.0275729397782172,"Zhong2025",2014
428,0,"Zhong2025",2014
429,0.423909108869598,"Zhong2025",2014
430,0.197004972464768,"Zhong2025",2014
431,0.0667151853515347,"Zhong2025",2014
432,0.013136255054752,"Zhong2025",2014
433,0.314974617938332,"Zhong2025",2014
434,0.0355455313141238,"Zhong2025",2014
435,1.82046291142826,"Zhong2025",2014
436,0.519346654611812,"Zhong2025",2014
437,3.5776263106974,"Zhong2025",2014
438,0.666851211576334,"Zhong2025",2014
439,1.1297445014249,"Zhong2025",2014
440,0.507395529608561,"Zhong2025",2014
441,14.939459699734,"Zhong2025",2014
442,1.61155842199683,"Zhong2025",2014
443,4.75582271394338,"Zhong2025",2014
444,5.17954761011301,"Zhong2025",2014
445,6.63081050440669,"Zhong2025",2014
446,2.60015587943093,"Zhong2025",2014
447,4.2655443671266,"Zhong2025",2014
448,0.802673443278312,"Zhong2025",2014
449,5.51569471743071,"Zhong2025",2014
450,1.32021117690856,"Zhong2025",2014
451,2.01652500587925,"Zhong2025",2014
452,0.930006964172942,"Zhong2025",2014
453,0.225574864433446,"Zhong2025",2014
454,6.98664397296924,"Zhong2025",2014
455,4.37228293907847,"Zhong2025",2014
456,9.82581281973557,"Zhong2025",2014
457,9.13778902180143,"Zhong2025",2014
458,2.58766926683685,"Zhong2025",2014
459,2.68454452742189,"Zhong2025",2014
460,1.36093281001187,"Zhong2025",2014
461,4.31659742755663,"Zhong2025",2014
462,9.66192121752377,"Zhong2025",2014
463,1.01390110061926,"Zhong2025",2014
464,2.28674591036277,"Zhong2025",2014
465,1.01803671953373,"Zhong2025",2014
466,0.404515485746263,"Zhong2025",2014
467,58.0369158256345,"Zhong2025",2014
468,23.6013383173761,"Zhong2025",2014
469,12.301344642185,"Zhong2025",2014
470,7.64866440412071,"Zhong2025",2014
471,35.5426976975941,"Zhong2025",2014
472,8.0883314139286,"Zhong2025",2014
473,7.53454681000051,"Zhong2025",2014
474,36.1116312008638,"Zhong2025",2014
475,6.62600043331432,"Zhong2025",2014
476,13.3072968385353,"Zhong2025",2014
477,2.62981003571003,"Zhong2025",2014
478,16.0514238247505,"Zhong2025",2014
479,7.38763588041539,"Zhong2025",2014
480,40.440509668986,"Zhong2025",2014
481,5.84979174050127,"Zhong2025",2014
482,34.9123966541696,"Zhong2025",2014
483,10.7218739981136,"Zhong2025",2014
484,6.6647400479919,"Zhong2025",2014
485,20.8710957467556,"Zhong2025",2014
486,56.0382124680739,"Zhong2025",2014
487,12.08716421326,"Zhong2025",2014
488,12.1670098329202,"Zhong2025",2014
489,9.08953105429044,"Zhong2025",2014
490,23.8630672588235,"Zhong2025",2014
491,0.107129973589454,"Zhong2025",2014
492,0.355620775964713,"Zhong2025",2014
493,0.320880534740571,"Zhong2025",2014
494,7.4349539150065,"Zhong2025",2014
495,4.10659591854392,"Zhong2025",2014
496,0.372971638353891,"Zhong2025",2014
497,4.03498377610338,"Zhong2025",2014
498,1.80295584289533,"Zhong2025",2014
499,12.1666241400979,"Zhong2025",2014
500,0.989200905511501,"Zhong2025",2014
501,9.13288443592879,"Zhong2025",2014
502,2.74509363252396,"Zhong2025",2014
503,0.899180989370916,"Zhong2025",2014
504,1.51405144122234,"Zhong2025",2014
505,4.75679624721568,"Zhong2025",2014
506,1.61488199853278,"Zhong2025",2014
507,4.10360037356585,"Zhong2025",2014
508,0,"Zhong2025",2014
509,2.01161828556783,"Zhong2025",2014
510,0.439197451333136,"Zhong2025",2014
511,0.0524656213471527,"Zhong2025",2014
512,0.17213446312889,"Zhong2025",2014
513,0.580740096346702,"Zhong2025",2014
514,0.479967314068523,"Zhong2025",2014
515,6.10605432543644,"Zhong2025",2014
516,6.65388377539136,"Zhong2025",2014
517,2.7037884362929,"Zhong2025",2014
518,0.143973489623034,"Zhong2025",2014
519,2.53532922780264,"Zhong2025",2014
520,0.980252915273136,"Zhong2025",2014
521,0.29726594855657,"Zhong2025",2014
522,6.1062888257329,"Zhong2025",2014
523,10.9994303960742,"Zhong2025",2014
524,0.2467332763834,"Zhong2025",2014
525,0.247252923112779,"Zhong2025",2014
526,3.77871264620583,"Zhong2025",2014
527,3.3085577748222,"Zhong2025",2014
528,0.16135508198475,"Zhong2025",2014
529,22.2373496749902,"Zhong2025",2014
530,11.9525314309398,"Zhong2025",2014
531,7.41728289083049,"Zhong2025",2014
532,1.64092333198248,"Zhong2025",2014
533,1.56995402924299,"Zhong2025",2014
534,2.88331957156576,"Zhong2025",2014
535,0.631944255477416,"Zhong2025",2014
536,3.48961798469601,"Zhong2025",2014
537,2.21238234411912,"Zhong2025",2014
538,2.10329086530421,"Zhong2025",2014
539,5.40663437231905,"Zhong2025",2014
540,3.60496700643991,"Zhong2025",2014
541,5.4725514152382,"Zhong2025",2014
542,2.52952541315252,"Zhong2025",2014
543,8.47312071043859,"Zhong2025",2014
544,3.13718181098365,"Zhong2025",2014
545,1.86048997388632,"Zhong2025",2014
546,2.50732610615246,"Zhong2025",2014
547,2.91998986760635,"Zhong2025",2014
548,2.73494018996098,"Zhong2025",2014
549,1.78915802631201,"Zhong2025",2014
550,1.69679925473493,"Zhong2025",2014
551,3.02508725710942,"Zhong2025",2014
552,2.23706927318614,"Zhong2025",2014
553,3.93520165052919,"Zhong2025",2014
554,2.35843050748343,"Zhong2025",2014
555,0.695937569445269,"Zhong2025",2014
556,3.40724561984163,"Zhong2025",2014
557,5.43177711739045,"Zhong2025",2014
558,8.33805728063153,"Zhong2025",2014
559,5.13893525790246,"Zhong2025",2014
560,2.27105409762589,"Zhong2025",2014
561,6.49938846361508,"Zhong2025",2014
562,16.8630426878654,"Zhong2025",2014
563,4.69553616739608,"Zhong2025",2014
564,2.43225647380253,"Zhong2025",2014
565,6.59797241982314,"Zhong2025",2014
566,1.40821847329751,"Zhong2025",2014
567,8.25411029829669,"Zhong2025",2014
568,0.934465430264345,"Zhong2025",2014
569,2.7819697185343,"Zhong2025",2014
570,0.323155848384071,"Zhong2025",2014
571,3.23119320527554,"Zhong2025",2014
572,1.41590352581307,"Zhong2025",2014
573,1.78008473871513,"Zhong2025",2014
574,1.64764349321191,"Zhong2025",2014
575,1.45322509622985,"Zhong2025",2014
576,4.59479754488234,"Zhong2025",2014
577,0.659002062655998,"Zhong2025",2014
578,2.68518370989428,"Zhong2025",2014
579,1.53414012169634,"Zhong2025",2014
580,4.18068920674361,"Zhong2025",2014
581,1.44487262151293,"Zhong2025",2014
582,0.807646250431614,"Zhong2025",2014
583,0.30820300083839,"Zhong2025",2014
584,1.3069332780034,"Zhong2025",2014
585,1.29534562319853,"Zhong2025",2014
586,1.46397553982614,"Zhong2025",2014
587,1.39860975666606,"Zhong2025",2014
588,0.246561199805974,"Zhong2025",2014
589,4.21364883069999,"Zhong2025",2014
590,1.26176726683448,"Zhong2025",2014
591,3.35659732016699,"Zhong2025",2014
592,0.635584506184547,"Zhong2025",2014
593,0.460045366118161,"Zhong2025",2014
594,8.04775427841773,"Zhong2025",2014
595,1.03508501666961,"Zhong2025",2014
596,0.256084545005232,"Zhong2025",2014
597,9.41351981254142,"Zhong2025",2014
598,1.25588833515146,"Zhong2025",2014
599,3.49218347441746,"Zhong2025",2014
600,1.61994459914008,"Zhong2025",2014
601,4.75148300747605,"Zhong2025",2014
602,1.86583381168188,"Zhong2025",2014
603,24.294290730871,"Zhong2025",2014
604,2.95236996429199,"Zhong2025",2014
605,1.20858084812461,"Zhong2025",2014
606,5.10986701043979,"Zhong2025",2014
607,9.56775410334422,"Zhong2025",2014
608,19.2756913979848,"Zhong2025",2014
609,3.6741704720704,"Zhong2025",2014
610,1.14320742476143,"Zhong2025",2014
611,2.27761486187749,"Zhong2025",2014
612,0.317589984983594,"Zhong2025",2014
613,2.44293383164962,"Zhong2025",2014
614,7.06265050290309,"Zhong2025",2014
615,0.576267061484024,"Zhong2025",2014
616,3.89646520575062,"Zhong2025",2014
617,5.5959003969784,"Zhong2025",2014
618,12.5678366367983,"Zhong2025",2014
619,0.475734002577799,"Zhong2025",2014
620,6.47958138852521,"Zhong2025",2014
621,2.18239930622353,"Zhong2025",2014
622,2.12607212406613,"Zhong2025",2014
623,6.18253004795507,"Zhong2025",2014
624,3.98633073365135,"Zhong2025",2014
625,0.421198541371462,"Zhong2025",2014
626,5.75887092059621,"Zhong2025",2014
627,8.14379036652766,"Zhong2025",2014
628,12.3839265757693,"Zhong2025",2014
629,43.8664233949449,"Zhong2025",2014
630,14.8507744747659,"Zhong2025",2014
631,0.72767900647686,"Zhong2025",2014
632,0.0688962956394791,"Zhong2025",2014
633,0.0486751838776891,"Zhong2025",2014
634,2.10095536982563,"Zhong2025",2014
635,0.340254306488602,"Zhong2025",2014
636,2.87634098447684,"Zhong2025",2014
637,0.312325335170091,"Zhong2025",2014
638,32.1238455288112,"Zhong2025",2014
639,2.46609706792139,"Zhong2025",2014
640,0.602182494071739,"Zhong2025",2014
641,2.66974139593746,"Zhong2025",2014
642,2.07873826859205,"Zhong2025",2014
643,0.842549030269895,"Zhong2025",2014
644,1.55889104626008,"Zhong2025",2014
645,1.18529963239787,"Zhong2025",2014
646,8.33990673399439,"Zhong2025",2014
647,0.541355858055445,"Zhong2025",2014
648,0.920067575548877,"Zhong2025",2014
649,21.389550117346,"Zhong2025",2014
650,4.42618272108612,"Zhong2025",2014
651,0,"Zhong2025",2014
652,4.93890483963533,"Zhong2025",2014
653,1.21097112565777,"Zhong2025",2014
654,12.5559471887269,"Zhong2025",2014
655,0.189728890028554,"Zhong2025",2014
656,1.16847139648803,"Zhong2025",2014
657,6.01596099813029,"Zhong2025",2014
658,4.66221041968092,"Zhong2025",2014
659,6.75002316175053,"Zhong2025",2014
660,0,"Zhong2025",2014
661,26.1274678005326,"Zhong2025",2014
662,0.122139625421453,"Zhong2025",2014
663,1.25672551766038,"Zhong2025",2014
664,0,"Zhong2025",2014
665,0.867178313607393,"Zhong2025",2014
666,1.3800392106616,"Zhong2025",2014
667,0.0517243760641803,"Zhong2025",2014
668,4.685913260248,"Zhong2025",2014
669,0.519792469187156,"Zhong2025",2014
670,0.245984116409205,"Zhong2025",2014
671,2.60711817533537,"Zhong2025",2014
672,17.1852438329453,"Zhong2025",2014
673,5.22855859850683,"Zhong2025",2014
674,1.76886883114993,"Zhong2025",2014
675,7.22713359831167,"Zhong2025",2014
676,3.06998043335856,"Zhong2025",2014
677,0.319097189675525,"Zhong2025",2014
678,1.20667171788712,"Zhong2025",2014
679,7.90495217123697,"Zhong2025",2014
680,5.74674307191095,"Zhong2025",2014
681,2.45287029421519,"Zhong2025",2014
682,0.244241079658662,"Zhong2025",2014
683,14.1001169935857,"Zhong2025",2014
684,0.865946878890592,"Zhong2025",2014
685,1.25596228007176,"Zhong2025",2014
686,8.63664398131598,"Zhong2025",2014
687,8.5558473823754,"Zhong2025",2014
688,1.86038182368097,"Zhong2025",2014
689,2.72328195941042,"Zhong2025",2014
690,3.37637643910614,"Zhong2025",2014
691,2.05003629238345,"Zhong2025",2014
692,16.9599698550171,"Zhong2025",2014
693,1.99987997471964,"Zhong2025",2014
694,7.68168121065412,"Zhong2025",2014
695,4.29390222840011,"Zhong2025",2014
696,0.0903433396453983,"Zhong2025",2014
697,8.68463503981107,"Zhong2025",2014
698,0.552706589327542,"Zhong2025",2014
699,0.0618526861071587,"Zhong2025",2014
700,3.14693314529679,"Zhong2025",2014
701,0.727299711092563,"Zhong2025",2014
702,5.67893771416899,"Zhong2025",2014
703,6.13305134046413,"Zhong2025",2014
704,16.7291066677406,"Zhong2025",2014
705,1.76117089845497,"Zhong2025",2014
706,37.1924719575976,"Zhong2025",2014
707,1.66310400583981,"Zhong2025",2014
708,9.15013367481648,"Zhong2025",2014
709,0.204057773243636,"Zhong2025",2014
710,5.40308726505494,"Zhong2025",2014
711,0.0266244774870044,"Zhong2025",2014
712,9.21470206670718,"Zhong2025",2014
713,0.0953517005750627,"Zhong2025",2014
714,3.73659671479609,"Zhong2025",2014
715,0.307230941292024,"Zhong2025",2014
716,0.223901720048599,"Zhong2025",2014
717,2.56923603663553,"Zhong2025",2014
718,3.568034229405,"Zhong2025",2014
719,2.71922987893303,"Zhong2025",2014
720,0.117861673095976,"Zhong2025",2014
721,2.41183027536966,"Zhong2025",2014
722,6.87726608719536,"Zhong2025",2014
723,12.8368731952472,"Zhong2025",2014
724,0.156201307151629,"Zhong2025",2014
725,4.72673057319803,"Zhong2025",2014
726,0.158612900298338,"Zhong2025",2014
727,0.938819865681804,"Zhong2025",2014
728,2.26996897732971,"Zhong2025",2014
729,0.526452393818068,"Zhong2025",2014
730,6.06017002085565,"Zhong2025",2014
731,0.605547258675825,"Zhong2025",2014
732,10.6833954040138,"Zhong2025",2014
733,3.38147185006995,"Zhong2025",2014
734,1.06335790208097,"Zhong2025",2014
735,0.710026806592941,"Zhong2025",2014
736,2.90742930385565,"Zhong2025",2014
737,4.16689069203858,"Zhong2025",2014
738,6.82058174967766,"Zhong2025",2014
739,3.39150539593191,"Zhong2025",2014
740,14.3424189090729,"Zhong2025",2014
741,0.46539044334587,"Zhong2025",2014
742,3.8117478702556,"Zhong2025",2014
743,11.1985613372591,"Zhong2025",2014
744,1.7817782645978,"Zhong2025",2014
745,3.73860148609953,"Zhong2025",2014
746,2.35466958523656,"Zhong2025",2014
747,18.3281054156167,"Zhong2025",2014
748,3.20700241881423,"Zhong2025",2014
749,1.26723861713943,"Zhong2025",2014
750,2.71149766549803,"Zhong2025",2014
751,0.997209172644135,"Zhong2025",2014
752,19.9713719084456,"Zhong2025",2014
753,1.15473156046266,"Zhong2025",2014
754,0.574060320340354,"Zhong2025",2014
755,4.24058964883172,"Zhong2025",2014
756,4.24223192505603,"Zhong2025",2014
757,0.383632418903289,"Zhong2025",2014
758,0.161409848597434,"Zhong2025",2014
759,0.348038276010794,"Zhong2025",2014
760,0.135662806266133,"Zhong2025",2014
761,13.0327878746332,"Zhong2025",2014
762,15.3689832132916,"Zhong2025",2014
763,13.0712466670407,"Zhong2025",2014
764,11.3516407545264,"Zhong2025",2014
765,1.76135418390697,"Zhong2025",2014
766,4.84789639897645,"Zhong2025",2014
767,14.4975967679705,"Zhong2025",2014
768,0.209947737997595,"Zhong2025",2014
769,16.1904711042132,"Zhong2025",2014
770,54.2846079046076,"Zhong2025",2014
771,0.680437631051128,"Zhong2025",2014
772,9.32534839489903,"Zhong2025",2014
773,1.7358271217635,"Zhong2025",2014
774,0.706764539281802,"Zhong2025",2014
775,10.0596216391677,"Zhong2025",2014
776,9.25316981125974,"Zhong2025",2014
777,5.72300242633514,"Zhong2025",2014
778,15.2803232659337,"Zhong2025",2014
779,54.9815673828125,"Zhong2025",2014
780,7.15642793066318,"Zhong2025",2014
781,19.2187573115031,"Zhong2025",2014
782,0.43371533129331,"Zhong2025",2014
783,30.9688514584587,"Zhong2025",2014
784,1.58424059892284,"Zhong2025",2014
785,3.05655642673999,"Zhong2025",2014
786,54.748758652631,"Zhong2025",2014
787,6.08556425481676,"Zhong2025",2014
788,0,"Zhong2025",2014
789,25.6154391710148,"Zhong2025",2014
790,0.788609972721709,"Zhong2025",2014
791,0.468934895848085,"Zhong2025",2014
792,13.9041604370367,"Zhong2025",2014
793,8.21757743424839,"Zhong2025",2014
794,4.72955485017816,"Zhong2025",2014
795,8.75980493130869,"Zhong2025",2014
796,2.56708999924666,"Zhong2025",2014
797,4.59117607570795,"Zhong2025",2014
798,7.83597646898298,"Zhong2025",2014
799,2.43762824841743,"Zhong2025",2014
800,0.0822654457282409,"Zhong2025",2014
801,1.09179183894649,"Zhong2025",2014
802,0.919699172734637,"Zhong2025",2014
803,20.8338416163688,"Zhong2025",2014
804,17.3948643535376,"Zhong2025",2014
805,2.32703402487956,"Zhong2025",2014
806,0.453980161370162,"Zhong2025",2014
807,10.4500488852277,"Zhong2025",2014
808,5.99283021391384,"Zhong2025",2014
809,1.39484072660542,"Zhong2025",2014
810,44.4088478398517,"Zhong2025",2014
811,1.33742450664119,"Zhong2025",2014
812,0.228204927311476,"Zhong2025",2014
813,8.55736871474776,"Zhong2025",2014
814,12.9767020711532,"Zhong2025",2014
815,13.3026342627282,"Zhong2025",2014
816,2.55941112389167,"Zhong2025",2014
817,5.27326869303981,"Zhong2025",2014
818,0.458131631924993,"Zhong2025",2014
819,2.96547744885042,"Zhong2025",2014
820,0,"Zhong2025",2014
821,8.1605892624404,"Zhong2025",2014
822,0.170835548117517,"Zhong2025",2014
823,3.80968534725294,"Zhong2025",2014
824,3.35804475703433,"Zhong2025",2014
825,1.14508754738113,"Zhong2025",2014
826,4.25567921153491,"Zhong2025",2014
827,2.85156321635291,"Zhong2025",2014
828,5.9344461266238,"Zhong2025",2014
829,8.99034522405037,"Zhong2025",2014
830,20.0332406644468,"Zhong2025",2014
831,19.7200683329968,"Zhong2025",2014
832,1.92330405128976,"Zhong2025",2014
833,0.161369445443642,"Zhong2025",2014
834,9.43232205557445,"Zhong2025",2014
835,12.2819293629039,"Zhong2025",2014
836,9.51293876512139,"Zhong2025",2014
837,17.2424934499404,"Zhong2025",2014
838,7.75535810285924,"Zhong2025",2014
839,36.0086879326125,"Zhong2025",2014
840,11.2283084257083,"Zhong2025",2014
841,9.98110847201441,"Zhong2025",2014
842,2.63334833012459,"Zhong2025",2014
843,3.91563099588763,"Zhong2025",2014
844,9.41818335742661,"Zhong2025",2014
845,26.7464614397363,"Zhong2025",2014
846,4.86405556987553,"Zhong2025",2014
847,15.9131593704224,"Zhong2025",2014
848,38.4513092353696,"Zhong2025",2014
849,13.5830553473698,"Zhong2025",2014
850,1.51124630354602,"Zhong2025",2014
851,8.3769166933137,"Zhong2025",2014
852,45.7100866444906,"Zhong2025",2014
853,0.466956813396935,"Zhong2025",2014
854,0.228947938929727,"Zhong2025",2014
855,10.8046526908875,"Zhong2025",2014
856,14.7977448014749,"Zhong2025",2014
857,2.08434452384297,"Zhong2025",2014
858,2.00130953849893,"Zhong2025",2014
859,1.13070696615461,"Zhong2025",2014
860,4.36787464030801,"Zhong2025",2014
861,0.095469842224702,"Zhong2025",2014
862,5.92238763032851,"Zhong2025",2014
863,12.8202250081362,"Zhong2025",2014
864,7.95067878161059,"Zhong2025",2014
865,0.121251523450017,"Zhong2025",2014
866,14.1306384943299,"Zhong2025",2014
867,21.0333103471994,"Zhong2025",2014
868,10.9213908740452,"Zhong2025",2014
869,12.7104117261636,"Zhong2025",2014
870,0.736246106712718,"Zhong2025",2014
871,0.123604685099046,"Zhong2025",2014
872,4.19459076379606,"Zhong2025",2014
873,0.270592484335627,"Zhong2025",2014
874,0.359361370193462,"Zhong2025",2014
875,0.262369051513155,"Zhong2025",2014
876,6.88007952715669,"Zhong2025",2014
877,0.212148489715312,"Zhong2025",2014
878,3.9523616205251,"Zhong2025",2014
879,5.11643641114277,"Zhong2025",2014
880,0.702815578839222,"Zhong2025",2014
881,0.0693448609589333,"Zhong2025",2014
882,1.17178672188046,"Zhong2025",2014
883,1.65209311996988,"Zhong2025",2014
884,0.945268153413838,"Zhong2025",2014
885,0.88599304413755,"Zhong2025",2014
886,21.9755691503623,"Zhong2025",2014
887,1.4272984140853,"Zhong2025",2014
888,1.24498158142786,"Zhong2025",2014
889,6.64461656844669,"Zhong2025",2014
890,6.13864785791744,"Zhong2025",2014
891,1.77890390546358,"Zhong2025",2014
892,6.43486755626633,"Zhong2025",2014
893,2.72358625892688,"Zhong2025",2014
894,0.64330516725434,"Zhong2025",2014
895,0.49690576411088,"Zhong2025",2014
896,15.1418630850726,"Zhong2025",2014
897,2.02261670196052,"Zhong2025",2014
898,0.446664894989414,"Zhong2025",2014
899,0.698771195482018,"Zhong2025",2014
900,0.284515929396319,"Zhong2025",2014
901,26.943485603188,"Zhong2025",2014
902,0.139724078304677,"Zhong2025",2014
903,0.904765386768791,"Zhong2025",2014
904,0.345019683978357,"Zhong2025",2014
905,0.652844207966939,"Zhong2025",2014
906,1.43257048651327,"Zhong2025",2014
907,0.613498872089774,"Zhong2025",2014
908,0.594352184144287,"Zhong2025",2014
909,22.7064044018007,"Zhong2025",2014
910,15.5467889781854,"Zhong2025",2014
911,12.2374687681771,"Zhong2025",2014
912,3.02776101878413,"Zhong2025",2014
913,2.98358920119604,"Zhong2025",2014
914,7.80755440213622,"Zhong2025",2014
915,0.782664413256532,"Zhong2025",2014
916,1.10879617836469,"Zhong2025",2014
917,0.00956880104695929,"Zhong2025",2014
918,1.29142334404446,"Zhong2025",2014
919,1.89373025950044,"Zhong2025",2014
920,1.32712131365822,"Zhong2025",2014
921,8.32031387571531,"Zhong2025",2014
922,3.45118401324347,"Zhong2025",2014
923,0.0884144632254963,"Zhong2025",2014
924,0.0193194533452566,"Zhong2025",2014
925,0.469184311662555,"Zhong2025",2014
926,0.310150510072136,"Zhong2025",2014
927,0.254526160537813,"Zhong2025",2014
928,0.186186920967489,"Zhong2025",2014
929,0.0701037582954324,"Zhong2025",2014
930,5.01667545067986,"Zhong2025",2014
931,1.27148790375595,"Zhong2025",2014
932,0.304832785728499,"Zhong2025",2014
933,0,"Zhong2025",2014
934,0.410431450531716,"Zhong2025",2014
935,0.15013339316813,"Zhong2025",2014
936,0.0626828053719102,"Zhong2025",2014
937,0.00484492178391369,"Zhong2025",2014
938,0.794832458051162,"Zhong2025",2014
939,11.2862514922647,"Zhong2025",2014
940,7.11185025780389,"Zhong2025",2014
941,1.16189260130335,"Zhong2025",2014
942,3.07299077049261,"Zhong2025",2014
943,0.879377009212971,"Zhong2025",2014
944,0.8677451926488,"Zhong2025",2014
945,0.435386146618849,"Zhong2025",2014
946,1.6762192976493,"Zhong2025",2014
947,0.649812942568926,"Zhong2025",2014
948,1.84012541992195,"Zhong2025",2014
949,9.17663195303868,"Zhong2025",2014
950,7.183125450042,"Zhong2025",2014
951,0.676530667346588,"Zhong2025",2014
952,1.96180263755147,"Zhong2025",2014
953,6.25743951223443,"Zhong2025",2014
954,7.19738363231899,"Zhong2025",2014
955,0.439915544533558,"Zhong2025",2014
956,0.359951477547576,"Zhong2025",2014
957,0.778945885204339,"Zhong2025",2014
958,0.501982165844076,"Zhong2025",2014
959,0.773117539767756,"Zhong2025",2014
960,7.16190106097335,"Zhong2025",2014
961,2.83631426530076,"Zhong2025",2014
962,0.646507335445759,"Zhong2025",2014
963,3.89617858482573,"Zhong2025",2014
964,1.07114638268018,"Zhong2025",2014
965,11.1368447577335,"Zhong2025",2014
966,5.61640762292587,"Zhong2025",2014
967,4.2865927245423,"Zhong2025",2014
968,0.0781800847482653,"Zhong2025",2014
969,4.77470440724498,"Zhong2025",2014
970,0.305523392314694,"Zhong2025",2014
971,2.98174288331907,"Zhong2025",2014
972,1.05530147299599,"Zhong2025",2014
973,7.79924649220299,"Zhong2025",2014
974,2.21479138715355,"Zhong2025",2014
975,0.466427715195933,"Zhong2025",2014
976,0.328382239830268,"Zhong2025",2014
977,0.0242035444141865,"Zhong2025",2014
978,2.98242641840775,"Zhong2025",2014
979,17.7531954220363,"Zhong2025",2014
980,6.30717647886978,"Zhong2025",2014
981,12.3936239000564,"Zhong2025",2014
982,3.17876540547265,"Zhong2025",2014
983,3.96825958919876,"Zhong2025",2014
984,4.69767679439651,"Zhong2025",2014
985,1.40064041027478,"Zhong2025",2014
986,0.228536390339154,"Zhong2025",2014
987,0.170210770314984,"Zhong2025",2014
988,0.299986960064318,"Zhong2025",2014
989,0.893879644400548,"Zhong2025",2014
990,1.7571189653879,"Zhong2025",2014
991,0.0393561898204296,"Zhong2025",2014
992,2.45172722586065,"Zhong2025",2014
993,0.607573029257195,"Zhong2025",2014
994,0.55094772141021,"Zhong2025",2014
995,0.988722117641304,"Zhong2025",2014
996,2.75681174317552,"Zhong2025",2014
997,6.42746080185671,"Zhong2025",2014
998,0.567419624685415,"Zhong2025",2014
999,3.78331434149896,"Zhong2025",2014
1000,13.326337000017,"Zhong2025",2014
1001,0.0957382239327328,"Zhong2025",2014
1002,3.84552736424002,"Zhong2025",2014
1003,0.0842046830299738,"Zhong2025",2014
1004,2.40961120503742,"Zhong2025",2014
1005,0.587555583488492,"Zhong2025",2014
1006,0,"Zhong2025",2014
1007,0.521837717536544,"Zhong2025",2014
1008,11.1593881892385,"Zhong2025",2014
1009,1.45548389694477,"Zhong2025",2014
1010,0,"Zhong2025",2014
1011,0.521553459489951,"Zhong2025",2014
1012,2.16995998913877,"Zhong2025",2014
1013,1.59920575671336,"Zhong2025",2014
1014,1.82239531019179,"Zhong2025",2014
1015,1.43325570229556,"Zhong2025",2014
1016,4.44880283874786,"Zhong2025",2014
1017,1.80213241550578,"Zhong2025",2014
1018,0.800940907137945,"Zhong2025",2014
1019,0.368958915887134,"Zhong2025",2014
1020,0.260435681602943,"Zhong2025",2014
1021,0.101022854222347,"Zhong2025",2014
1022,7.75066617088016,"Zhong2025",2014
1023,5.58205907448466,"Zhong2025",2014
1024,0,"Zhong2025",2014
1025,12.4486610540028,"Zhong2025",2014
1026,1.86080402941481,"Zhong2025",2014
1027,0.347250811810549,"Zhong2025",2014
1028,0.254718173058733,"Zhong2025",2014
1029,1.48182820764505,"Zhong2025",2014
1030,1.14646356274676,"Zhong2025",2014
1031,0.120507293918935,"Zhong2025",2014
1032,3.75593712248585,"Zhong2025",2014
1033,2.47243151169712,"Zhong2025",2014
1034,3.11912839714583,"Zhong2025",2014
1035,8.61794429337769,"Zhong2025",2014
1036,4.83848632565398,"Zhong2025",2014
1037,0.172863444313407,"Zhong2025",2014
1038,1.75290444531407,"Zhong2025",2014
1039,0.65561321150383,"Zhong2025",2014
1040,0.0626040145055172,"Zhong2025",2014
1041,2.28053208436737,"Zhong2025",2014
1042,0.0556743316780143,"Zhong2025",2014
1043,0.451283993621014,"Zhong2025",2014
1044,0.782918130128437,"Zhong2025",2014
1045,0.0693030930235095,"Zhong2025",2014
1046,0.62687756275185,"Zhong2025",2014
1047,0.958777165149941,"Zhong2025",2014
1048,0.150256881566509,"Zhong2025",2014
1049,0.105055749349517,"Zhong2025",2014
1050,0.296510674615228,"Zhong2025",2014
1051,0.673703653791165,"Zhong2025",2014
1052,1.12629929177043,"Zhong2025",2014
1053,2.9595924094531,"Zhong2025",2014
1054,6.48346104100347,"Zhong2025",2014
1055,0.70580478725752,"Zhong2025",2014
1056,0.335017599775072,"Zhong2025",2014
1057,13.9916301517678,"Zhong2025",2014
1058,40.8704514681736,"Zhong2025",2014
1059,0.478878460843291,"Zhong2025",2014
1060,0.133406872834222,"Zhong2025",2014
1061,12.4266088750446,"Zhong2025",2014
1062,40.5346068183823,"Zhong2025",2014
1063,11.9798013200493,"Zhong2025",2014
1064,0.456890722234339,"Zhong2025",2014
1065,3.20469197486774,"Zhong2025",2014
1066,1.12196720154448,"Zhong2025",2014
1067,1.03478941365775,"Zhong2025",2014
1068,1.80058443876804,"Zhong2025",2014
1069,0.428110462892365,"Zhong2025",2014
1070,2.10976060230086,"Zhong2025",2014
1071,8.10475011379114,"Zhong2025",2014
1072,1.30402076173396,"Zhong2025",2014
1073,0.907273142034013,"Zhong2025",2014
1074,5.75948170468294,"Zhong2025",2014
1075,1.70002857949399,"Zhong2025",2014
1076,0.664189594318202,"Zhong2025",2014
1077,0.280452391265565,"Zhong2025",2014
1078,20.2157998188682,"Zhong2025",2014
1079,2.37681133909201,"Zhong2025",2014
1080,24.2107419126174,"Zhong2025",2014
1081,7.0272241955436,"Zhong2025",2014
1082,6.47407412006261,"Zhong2025",2014
1083,1.61179529834942,"Zhong2025",2014
1084,7.92310395738796,"Zhong2025",2014
1085,5.26601496212707,"Zhong2025",2014
1086,5.78421823480612,"Zhong2025",2014
1087,7.60575226184553,"Zhong2025",2014
1088,22.2832312220136,"Zhong2025",2014
1089,0.395255939854187,"Zhong2025",2014
1090,0.839710342268137,"Zhong2025",2014
1091,3.05864552380592,"Zhong2025",2014
1092,4.94081189787724,"Zhong2025",2014
1093,7.05669508652813,"Zhong2025",2014
1094,0.342843386712065,"Zhong2025",2014
1095,3.20374440351885,"Zhong2025",2014
1096,15.0736014178862,"Zhong2025",2014
1097,0.0741653358376908,"Zhong2025",2014
1098,0.256902044400426,"Zhong2025",2014
1099,1.77290990154523,"Zhong2025",2014
1100,9.040942847323,"Zhong2025",2014
1101,0.619086477043006,"Zhong2025",2014
1102,4.61309923510598,"Zhong2025",2014
1103,0.924538878392986,"Zhong2025",2014
1104,6.41836197776575,"Zhong2025",2014
1105,2.44110524717745,"Zhong2025",2014
1106,3.39166018203154,"Zhong2025",2014
1107,1.51327958915266,"Zhong2025",2014
1108,0.683437179547342,"Zhong2025",2014
1109,3.1784273296256,"Zhong2025",2014
1110,1.3904442458474,"Zhong2025",2014
1111,3.29542542771393,"Zhong2025",2014
1112,28.4308241773535,"Zhong2025",2014
1113,34.1428229149862,"Zhong2025",2014
1114,55.639302117484,"Zhong2025",2014
1115,28.3885297356071,"Zhong2025",2014
1116,41.5382632112081,"Zhong2025",2014
1117,19.1931781805479,"Zhong2025",2014
1118,29.0355354006411,"Zhong2025",2014
1119,1.25719458197498,"Zhong2025",2014
1120,5.83027819198991,"Zhong2025",2014
1121,56.036600112915,"Zhong2025",2014
1122,51.7986911472521,"Zhong2025",2014
1,1.87709968812713,"Zhong2025",2015
2,0.0459926924107734,"Zhong2025",2015
3,0.144489702979983,"Zhong2025",2015
4,0.380246745613564,"Zhong2025",2015
5,0.193668571609319,"Zhong2025",2015
6,0.126322877910609,"Zhong2025",2015
7,0.0118305799056703,"Zhong2025",2015
8,0.0356760587682566,"Zhong2025",2015
9,0.106672643014911,"Zhong2025",2015
10,0.0729528459703623,"Zhong2025",2015
11,0.0315549181034468,"Zhong2025",2015
12,0.0588754696908767,"Zhong2025",2015
13,0.00961079992292122,"Zhong2025",2015
14,0.172815409292218,"Zhong2025",2015
15,0.447589328503805,"Zhong2025",2015
16,0.093625598915823,"Zhong2025",2015
17,16.9960148370039,"Zhong2025",2015
18,0.401277786421199,"Zhong2025",2015
19,0.156050240584087,"Zhong2025",2015
20,0.347833825065108,"Zhong2025",2015
21,0.407871473992035,"Zhong2025",2015
22,1.99459915600524,"Zhong2025",2015
23,2.81168163265547,"Zhong2025",2015
24,1.5100119252283,"Zhong2025",2015
25,9.32985848991583,"Zhong2025",2015
26,7.86587920920019,"Zhong2025",2015
27,2.56551180084599,"Zhong2025",2015
28,17.1162626908557,"Zhong2025",2015
29,0.279826533535565,"Zhong2025",2015
30,1.36817273793192,"Zhong2025",2015
31,0.554619442536072,"Zhong2025",2015
32,0.00192415564419837,"Zhong2025",2015
33,0.389196081120028,"Zhong2025",2015
34,10.8816459250405,"Zhong2025",2015
35,0.880841133366112,"Zhong2025",2015
36,12.1139232016898,"Zhong2025",2015
37,0.131790709202957,"Zhong2025",2015
38,0.728977519181097,"Zhong2025",2015
39,0.603198816680908,"Zhong2025",2015
40,12.9137149619429,"Zhong2025",2015
41,21.3683617526087,"Zhong2025",2015
42,0.504803626798093,"Zhong2025",2015
43,1.43398624465958,"Zhong2025",2015
44,0,"Zhong2025",2015
45,8.58681436658684,"Zhong2025",2015
46,0.0201801919823114,"Zhong2025",2015
47,1.49851306298283,"Zhong2025",2015
48,1.36749170515997,"Zhong2025",2015
49,2.23908938585952,"Zhong2025",2015
50,0,"Zhong2025",2015
51,8.40571843587828,"Zhong2025",2015
52,4.94055102764294,"Zhong2025",2015
53,1.64438824563887,"Zhong2025",2015
54,0.318778837222222,"Zhong2025",2015
55,0.0767228930331363,"Zhong2025",2015
56,0,"Zhong2025",2015
57,0,"Zhong2025",2015
58,21.66877471833,"Zhong2025",2015
59,39.8573010566907,"Zhong2025",2015
60,14.9516566955838,"Zhong2025",2015
61,5.25109019189528,"Zhong2025",2015
62,1.90430110975316,"Zhong2025",2015
63,6.2917435827556,"Zhong2025",2015
64,6.73114882129501,"Zhong2025",2015
65,8.22956790523551,"Zhong2025",2015
66,2.83146994715091,"Zhong2025",2015
67,28.0283188372368,"Zhong2025",2015
68,17.4083612213722,"Zhong2025",2015
69,1.62110544704378,"Zhong2025",2015
70,1.36996747252842,"Zhong2025",2015
71,11.556820240664,"Zhong2025",2015
72,3.19948882641028,"Zhong2025",2015
73,7.3386379175658,"Zhong2025",2015
74,6.40438971403999,"Zhong2025",2015
75,13.4332376006333,"Zhong2025",2015
76,14.0281673578116,"Zhong2025",2015
77,3.41790239631876,"Zhong2025",2015
78,19.0616288598582,"Zhong2025",2015
79,9.69173374034024,"Zhong2025",2015
80,10.5539634855439,"Zhong2025",2015
81,6.67104304510594,"Zhong2025",2015
82,10.397951949403,"Zhong2025",2015
83,10.4585610129396,"Zhong2025",2015
84,3.65655391566067,"Zhong2025",2015
85,5.53277963035369,"Zhong2025",2015
86,3.79904428919389,"Zhong2025",2015
87,6.93509467271097,"Zhong2025",2015
88,14.0016474962235,"Zhong2025",2015
89,2.26331470010556,"Zhong2025",2015
90,9.70517754705012,"Zhong2025",2015
91,8.21953877730415,"Zhong2025",2015
92,35.9053485012856,"Zhong2025",2015
93,9.14627568323789,"Zhong2025",2015
94,4.79109579900601,"Zhong2025",2015
95,14.3669177767799,"Zhong2025",2015
96,10.0262373907386,"Zhong2025",2015
97,11.5944061924277,"Zhong2025",2015
98,1.54851210952069,"Zhong2025",2015
99,6.90263849084289,"Zhong2025",2015
100,1.34357095582869,"Zhong2025",2015
101,2.49065084554055,"Zhong2025",2015
102,4.56481898576021,"Zhong2025",2015
103,1.12050791095294,"Zhong2025",2015
104,5.50746728664245,"Zhong2025",2015
105,0.261201986548054,"Zhong2025",2015
106,3.77700469976562,"Zhong2025",2015
107,0.554032898281759,"Zhong2025",2015
108,0.473739729041455,"Zhong2025",2015
109,3.69750960762482,"Zhong2025",2015
110,0.128297361612554,"Zhong2025",2015
111,1.42731597776993,"Zhong2025",2015
112,0.0549509265317379,"Zhong2025",2015
113,0.038681814104143,"Zhong2025",2015
114,7.03212385431287,"Zhong2025",2015
115,1.34922934285114,"Zhong2025",2015
116,0.788769536893388,"Zhong2025",2015
117,1.1436615807186,"Zhong2025",2015
118,3.71696720596241,"Zhong2025",2015
119,0.199865168886026,"Zhong2025",2015
120,1.56818623605527,"Zhong2025",2015
121,0.99869760348158,"Zhong2025",2015
122,0.0937252633062238,"Zhong2025",2015
123,7.74003869777901,"Zhong2025",2015
124,0.885428273976558,"Zhong2025",2015
125,5.56160875626219,"Zhong2025",2015
126,7.71431613630719,"Zhong2025",2015
127,1.83928801081603,"Zhong2025",2015
128,8.27675953288695,"Zhong2025",2015
129,5.86473747705802,"Zhong2025",2015
130,8.09477469261656,"Zhong2025",2015
131,14.4814765089649,"Zhong2025",2015
132,3.15405969347243,"Zhong2025",2015
133,4.21366936761525,"Zhong2025",2015
134,4.01447337634034,"Zhong2025",2015
135,0.891011610830857,"Zhong2025",2015
136,6.25166838888138,"Zhong2025",2015
137,10.4778629493713,"Zhong2025",2015
138,4.17699593980438,"Zhong2025",2015
139,4.34851290725294,"Zhong2025",2015
140,1.28079992347992,"Zhong2025",2015
141,3.97098917795116,"Zhong2025",2015
142,6.78354000262666,"Zhong2025",2015
143,0.645581076741219,"Zhong2025",2015
144,0.220857094244217,"Zhong2025",2015
145,7.00699043898119,"Zhong2025",2015
146,2.3090249670969,"Zhong2025",2015
147,4.16523831739813,"Zhong2025",2015
148,0.0369764517764656,"Zhong2025",2015
149,2.53400280219744,"Zhong2025",2015
150,4.97036945146733,"Zhong2025",2015
151,1.57167720112187,"Zhong2025",2015
152,0.596653266723272,"Zhong2025",2015
153,4.72021081414587,"Zhong2025",2015
154,5.15737793078646,"Zhong2025",2015
155,3.4066143868999,"Zhong2025",2015
156,0.0426104361307807,"Zhong2025",2015
157,9.21418829758962,"Zhong2025",2015
158,3.3059582864537,"Zhong2025",2015
159,5.09197362949108,"Zhong2025",2015
160,2.17706187138826,"Zhong2025",2015
161,1.21113689949884,"Zhong2025",2015
162,0.0320668681410499,"Zhong2025",2015
163,0.12879225067876,"Zhong2025",2015
164,0.493575911666896,"Zhong2025",2015
165,0.124900796111255,"Zhong2025",2015
166,0.0089012804686891,"Zhong2025",2015
167,0.0390389746629563,"Zhong2025",2015
168,0.00778134205194162,"Zhong2025",2015
169,0.0170501261028938,"Zhong2025",2015
170,0,"Zhong2025",2015
171,0,"Zhong2025",2015
172,0,"Zhong2025",2015
173,0.262764182367597,"Zhong2025",2015
174,0.0466433927160474,"Zhong2025",2015
175,0,"Zhong2025",2015
176,0.00465534012049973,"Zhong2025",2015
177,0.0610138258186978,"Zhong2025",2015
178,0,"Zhong2025",2015
179,0,"Zhong2025",2015
180,0.0196460906833944,"Zhong2025",2015
181,0.000952016672410011,"Zhong2025",2015
182,0,"Zhong2025",2015
183,0,"Zhong2025",2015
184,0,"Zhong2025",2015
185,0,"Zhong2025",2015
186,0.0291705905559247,"Zhong2025",2015
187,0.174828928000583,"Zhong2025",2015
188,0.0225532200069228,"Zhong2025",2015
189,0.00263634188174627,"Zhong2025",2015
190,6.15891954729873,"Zhong2025",2015
191,7.50360069784393,"Zhong2025",2015
192,0,"Zhong2025",2015
193,0,"Zhong2025",2015
194,0.676557870128203,"Zhong2025",2015
195,3.23347670680782,"Zhong2025",2015
196,0.234187050809801,"Zhong2025",2015
197,0.472871298596715,"Zhong2025",2015
198,1.05736140219259,"Zhong2025",2015
199,0.12745060173341,"Zhong2025",2015
200,0.551178310265085,"Zhong2025",2015
201,0,"Zhong2025",2015
202,0.784139410688811,"Zhong2025",2015
203,0.0628617467348162,"Zhong2025",2015
204,4.59056020101225,"Zhong2025",2015
205,0.341943296104274,"Zhong2025",2015
206,3.22236367152847,"Zhong2025",2015
207,0.142504476658907,"Zhong2025",2015
208,0.123944495651542,"Zhong2025",2015
209,0.150084946442294,"Zhong2025",2015
210,0.00120645550236861,"Zhong2025",2015
211,0,"Zhong2025",2015
212,0,"Zhong2025",2015
213,0,"Zhong2025",2015
214,0,"Zhong2025",2015
215,0,"Zhong2025",2015
216,0,"Zhong2025",2015
217,0.00293002363852803,"Zhong2025",2015
218,0,"Zhong2025",2015
219,0,"Zhong2025",2015
220,0.0283374961378244,"Zhong2025",2015
221,0.0122045259175221,"Zhong2025",2015
222,0,"Zhong2025",2015
223,0,"Zhong2025",2015
224,0,"Zhong2025",2015
225,0,"Zhong2025",2015
226,0.0980079875952136,"Zhong2025",2015
227,0.014134006210824,"Zhong2025",2015
228,0.0166659941306446,"Zhong2025",2015
229,0.00836667406668159,"Zhong2025",2015
230,20.9097639981381,"Zhong2025",2015
231,2.29450305174655,"Zhong2025",2015
232,4.61750419838135,"Zhong2025",2015
233,0.322113117320868,"Zhong2025",2015
234,4.83264714071625,"Zhong2025",2015
235,10.3906898183955,"Zhong2025",2015
236,4.39495335933036,"Zhong2025",2015
237,3.9654769640496,"Zhong2025",2015
238,4.9264661862547,"Zhong2025",2015
239,2.99247473146015,"Zhong2025",2015
240,16.784579076265,"Zhong2025",2015
241,7.24888440145779,"Zhong2025",2015
242,2.74584687417373,"Zhong2025",2015
243,8.44349490514391,"Zhong2025",2015
244,1.83242185384947,"Zhong2025",2015
245,7.83931930286762,"Zhong2025",2015
246,6.1444059368223,"Zhong2025",2015
247,0.718899929228047,"Zhong2025",2015
248,10.8785805095686,"Zhong2025",2015
249,3.59016528199701,"Zhong2025",2015
250,0.351641189845853,"Zhong2025",2015
251,1.77101198743692,"Zhong2025",2015
252,6.37184067447062,"Zhong2025",2015
253,1.10562462646071,"Zhong2025",2015
254,16.7715886406979,"Zhong2025",2015
255,2.76169548741786,"Zhong2025",2015
256,5.0212654351401,"Zhong2025",2015
257,33.9541826209402,"Zhong2025",2015
258,7.29016125756641,"Zhong2025",2015
259,17.3705017996185,"Zhong2025",2015
260,30.1771066288153,"Zhong2025",2015
261,4.54837878160579,"Zhong2025",2015
262,12.8841125005114,"Zhong2025",2015
263,1.39727255410943,"Zhong2025",2015
264,16.7843494308384,"Zhong2025",2015
265,11.4500481469846,"Zhong2025",2015
266,1.6890259079062,"Zhong2025",2015
267,17.0260888847386,"Zhong2025",2015
268,4.51831223867564,"Zhong2025",2015
269,23.5787321961656,"Zhong2025",2015
270,4.45700391223354,"Zhong2025",2015
271,8.88523134754764,"Zhong2025",2015
272,7.14053763710755,"Zhong2025",2015
273,49.8974533610874,"Zhong2025",2015
274,7.4266942178256,"Zhong2025",2015
275,4.08385052078778,"Zhong2025",2015
276,16.6971657696892,"Zhong2025",2015
277,12.2382205768656,"Zhong2025",2015
278,0.577449051094749,"Zhong2025",2015
279,0.27622145978284,"Zhong2025",2015
280,9.56722497590657,"Zhong2025",2015
281,7.45530024981794,"Zhong2025",2015
282,4.46738409861867,"Zhong2025",2015
283,48.8183772666028,"Zhong2025",2015
284,5.73335993111188,"Zhong2025",2015
285,1.82189736508192,"Zhong2025",2015
286,0.520906571487586,"Zhong2025",2015
287,0.346664507973803,"Zhong2025",2015
288,0.907295844698454,"Zhong2025",2015
289,2.0350962424806,"Zhong2025",2015
290,40.4093385441288,"Zhong2025",2015
291,1.52470016300438,"Zhong2025",2015
292,20.7018431002952,"Zhong2025",2015
293,4.86044400904933,"Zhong2025",2015
294,0.0891723295208067,"Zhong2025",2015
295,0.424601417934755,"Zhong2025",2015
296,0.265276747036207,"Zhong2025",2015
297,3.25368018770941,"Zhong2025",2015
298,0.696453624046814,"Zhong2025",2015
299,1.80014456867003,"Zhong2025",2015
300,15.3720732969396,"Zhong2025",2015
301,3.2055495466624,"Zhong2025",2015
302,0.956228734885821,"Zhong2025",2015
303,21.3486823267407,"Zhong2025",2015
304,1.61991539381552,"Zhong2025",2015
305,0.0181943527378213,"Zhong2025",2015
306,2.6329557349631,"Zhong2025",2015
307,1.31960431919138,"Zhong2025",2015
308,2.4779337873129,"Zhong2025",2015
309,0.754945721144905,"Zhong2025",2015
310,2.82507502234911,"Zhong2025",2015
311,0.742462863451125,"Zhong2025",2015
312,6.4526343641306,"Zhong2025",2015
313,0.689416121520129,"Zhong2025",2015
314,4.6897571703572,"Zhong2025",2015
315,0.527456790617917,"Zhong2025",2015
316,0.19915482800704,"Zhong2025",2015
317,1.31035605430674,"Zhong2025",2015
318,2.24065734722602,"Zhong2025",2015
319,6.26953652455478,"Zhong2025",2015
320,2.99982907156646,"Zhong2025",2015
321,0.971064539032917,"Zhong2025",2015
322,4.39342707118617,"Zhong2025",2015
323,5.99946934986622,"Zhong2025",2015
324,1.44891188222773,"Zhong2025",2015
325,0.569241467309094,"Zhong2025",2015
326,17.9574905486589,"Zhong2025",2015
327,3.66884854874648,"Zhong2025",2015
328,2.86411889755244,"Zhong2025",2015
329,8.87795263214163,"Zhong2025",2015
330,1.31989420348346,"Zhong2025",2015
331,7.41533477009033,"Zhong2025",2015
332,48.3461783885956,"Zhong2025",2015
333,3.65709026486314,"Zhong2025",2015
334,0.74208763065405,"Zhong2025",2015
335,6.03633998138419,"Zhong2025",2015
336,10.1431941156563,"Zhong2025",2015
337,50.1060751302918,"Zhong2025",2015
338,3.36410093226229,"Zhong2025",2015
339,2.17554661236986,"Zhong2025",2015
340,4.25190419777937,"Zhong2025",2015
341,9.04033403703943,"Zhong2025",2015
342,2.0064846929458,"Zhong2025",2015
343,1.62160394156303,"Zhong2025",2015
344,2.05303800212231,"Zhong2025",2015
345,9.64149474533397,"Zhong2025",2015
346,5.42187861975897,"Zhong2025",2015
347,4.23817960323408,"Zhong2025",2015
348,0.628386422148661,"Zhong2025",2015
349,0.696964197101524,"Zhong2025",2015
350,0.676451062509807,"Zhong2025",2015
351,20.92427948543,"Zhong2025",2015
352,0.271942100536666,"Zhong2025",2015
353,8.87691082915322,"Zhong2025",2015
354,1.4358233914646,"Zhong2025",2015
355,3.76651439650407,"Zhong2025",2015
356,0.784696046649678,"Zhong2025",2015
357,11.1039160741454,"Zhong2025",2015
358,0.502108219374592,"Zhong2025",2015
359,1.50457633041593,"Zhong2025",2015
360,1.65018651110155,"Zhong2025",2015
361,13.4756540663271,"Zhong2025",2015
362,0.633048352677001,"Zhong2025",2015
363,1.85170118997094,"Zhong2025",2015
364,0.487744653877271,"Zhong2025",2015
365,1.82050105609366,"Zhong2025",2015
366,0.432290331811033,"Zhong2025",2015
367,49.8693152757791,"Zhong2025",2015
368,18.479414359141,"Zhong2025",2015
369,0.700564995101743,"Zhong2025",2015
370,5.06261076703426,"Zhong2025",2015
371,3.03965702213701,"Zhong2025",2015
372,1.10887840275926,"Zhong2025",2015
373,6.11978218155472,"Zhong2025",2015
374,0.179672471779218,"Zhong2025",2015
375,12.4588225448444,"Zhong2025",2015
376,4.91192164445917,"Zhong2025",2015
377,0.538308938897674,"Zhong2025",2015
378,0.399936672191856,"Zhong2025",2015
379,0.5006396520749,"Zhong2025",2015
380,0.141058440227062,"Zhong2025",2015
381,9.88222716455348,"Zhong2025",2015
382,26.2336677373466,"Zhong2025",2015
383,0.77377943214673,"Zhong2025",2015
384,0.844430576888439,"Zhong2025",2015
385,12.1536156648759,"Zhong2025",2015
386,10.3966592010437,"Zhong2025",2015
387,30.6886085323989,"Zhong2025",2015
388,4.25690664993338,"Zhong2025",2015
389,3.0014093856682,"Zhong2025",2015
390,62.8499296188354,"Zhong2025",2015
391,3.99623442364354,"Zhong2025",2015
392,11.1345763620266,"Zhong2025",2015
393,7.65343421022925,"Zhong2025",2015
394,32.7832085077017,"Zhong2025",2015
395,3.64331220693531,"Zhong2025",2015
396,2.92006299170145,"Zhong2025",2015
397,2.35205525817008,"Zhong2025",2015
398,40.6529437086799,"Zhong2025",2015
399,0.133050485093884,"Zhong2025",2015
400,0.215363915657446,"Zhong2025",2015
401,0.453110264262764,"Zhong2025",2015
402,0.215348405146557,"Zhong2025",2015
403,0,"Zhong2025",2015
404,0,"Zhong2025",2015
405,7.36569118122903,"Zhong2025",2015
406,0.022936379913455,"Zhong2025",2015
407,0.614864730657427,"Zhong2025",2015
408,0.15244866433389,"Zhong2025",2015
409,0,"Zhong2025",2015
410,0.21579499330321,"Zhong2025",2015
411,0,"Zhong2025",2015
412,0.0302947907616939,"Zhong2025",2015
413,0.00473986669501692,"Zhong2025",2015
414,0,"Zhong2025",2015
415,0.151796244981145,"Zhong2025",2015
416,0,"Zhong2025",2015
417,0.329693871956657,"Zhong2025",2015
418,0.329184907469672,"Zhong2025",2015
419,0.150828317229551,"Zhong2025",2015
420,0,"Zhong2025",2015
421,0.132628045465333,"Zhong2025",2015
422,0.0122744055588002,"Zhong2025",2015
423,0.023616139453204,"Zhong2025",2015
424,0,"Zhong2025",2015
425,0,"Zhong2025",2015
426,0.0807972879755118,"Zhong2025",2015
427,0.0108151844354591,"Zhong2025",2015
428,0,"Zhong2025",2015
429,0.271493073159252,"Zhong2025",2015
430,0.204352526988946,"Zhong2025",2015
431,0.0667151853515347,"Zhong2025",2015
432,0.013136255054752,"Zhong2025",2015
433,0.254695555971109,"Zhong2025",2015
434,0.0355455313141238,"Zhong2025",2015
435,1.6100579787691,"Zhong2025",2015
436,0.532481386337166,"Zhong2025",2015
437,3.53397291293572,"Zhong2025",2015
438,0.646449509274899,"Zhong2025",2015
439,1.12288102980234,"Zhong2025",2015
440,0.555550948482828,"Zhong2025",2015
441,15.1648173112019,"Zhong2025",2015
442,1.65636794869571,"Zhong2025",2015
443,4.74870496044612,"Zhong2025",2015
444,4.82826834957453,"Zhong2025",2015
445,6.57019213300787,"Zhong2025",2015
446,2.63255899467472,"Zhong2025",2015
447,4.26106958889496,"Zhong2025",2015
448,0.805374640569534,"Zhong2025",2015
449,5.65009963589184,"Zhong2025",2015
450,1.49190978715969,"Zhong2025",2015
451,1.98229933979614,"Zhong2025",2015
452,0.947435637337177,"Zhong2025",2015
453,0.233861773112498,"Zhong2025",2015
454,7.07223800090807,"Zhong2025",2015
455,4.26236886042307,"Zhong2025",2015
456,9.84816365661946,"Zhong2025",2015
457,9.22870663034909,"Zhong2025",2015
458,2.50957994594882,"Zhong2025",2015
459,2.65320324541281,"Zhong2025",2015
460,1.33758001686394,"Zhong2025",2015
461,4.31659742755663,"Zhong2025",2015
462,9.66192121752377,"Zhong2025",2015
463,1.08834310582282,"Zhong2025",2015
464,2.30774311930865,"Zhong2025",2015
465,0.99403200916334,"Zhong2025",2015
466,0.402484469816012,"Zhong2025",2015
467,58.2364174331107,"Zhong2025",2015
468,23.6420411408403,"Zhong2025",2015
469,12.7025844369616,"Zhong2025",2015
470,7.93835955609878,"Zhong2025",2015
471,36.9202856790452,"Zhong2025",2015
472,8.41132345909629,"Zhong2025",2015
473,7.75691631323037,"Zhong2025",2015
474,36.6215638564183,"Zhong2025",2015
475,6.97695026445857,"Zhong2025",2015
476,13.436612927792,"Zhong2025",2015
477,2.77933081557258,"Zhong2025",2015
478,16.3258525316532,"Zhong2025",2015
479,7.4571059073292,"Zhong2025",2015
480,40.5873578898112,"Zhong2025",2015
481,6.15655474521766,"Zhong2025",2015
482,35.5725795664686,"Zhong2025",2015
483,10.9727857470794,"Zhong2025",2015
484,6.92322035644514,"Zhong2025",2015
485,21.3704456266235,"Zhong2025",2015
486,56.2715590256911,"Zhong2025",2015
487,12.6149761478106,"Zhong2025",2015
488,12.4756488286532,"Zhong2025",2015
489,9.30099796675719,"Zhong2025",2015
490,24.6016859796312,"Zhong2025",2015
491,0.117447130074094,"Zhong2025",2015
492,0.341911478086681,"Zhong2025",2015
493,0.457251265266318,"Zhong2025",2015
494,8.26702640637565,"Zhong2025",2015
495,4.32233072520938,"Zhong2025",2015
496,0.372971638353891,"Zhong2025",2015
497,3.99448112220283,"Zhong2025",2015
498,1.84389967606604,"Zhong2025",2015
499,12.2232761914945,"Zhong2025",2015
500,0.828678562809719,"Zhong2025",2015
501,9.96025234690079,"Zhong2025",2015
502,2.71557982088697,"Zhong2025",2015
503,0.941263241722979,"Zhong2025",2015
504,1.61342064146126,"Zhong2025",2015
505,4.97845755392505,"Zhong2025",2015
506,1.64888995305284,"Zhong2025",2015
507,4.22258656931386,"Zhong2025",2015
508,0,"Zhong2025",2015
509,2.11930462446464,"Zhong2025",2015
510,0.477982423181616,"Zhong2025",2015
511,0.0405050011482639,"Zhong2025",2015
512,0.177231353564037,"Zhong2025",2015
513,0.674243683365796,"Zhong2025",2015
514,0.481539538652991,"Zhong2025",2015
515,7.69883392300717,"Zhong2025",2015
516,7.23381603414362,"Zhong2025",2015
517,2.61492603447799,"Zhong2025",2015
518,0.143973489623034,"Zhong2025",2015
519,2.67602242774635,"Zhong2025",2015
520,1.00837688445374,"Zhong2025",2015
521,0.349578340756596,"Zhong2025",2015
522,6.16547080882676,"Zhong2025",2015
523,11.317854070956,"Zhong2025",2015
524,0.37780242251715,"Zhong2025",2015
525,0.247252923112779,"Zhong2025",2015
526,4.34565606698541,"Zhong2025",2015
527,3.43806677398441,"Zhong2025",2015
528,0.218253633637487,"Zhong2025",2015
529,23.2378869230889,"Zhong2025",2015
530,12.9063718041071,"Zhong2025",2015
531,7.73593797615251,"Zhong2025",2015
532,1.68056155274994,"Zhong2025",2015
533,1.56051634502946,"Zhong2025",2015
534,3.05092112816205,"Zhong2025",2015
535,0.57559108027672,"Zhong2025",2015
536,3.53968499422064,"Zhong2025",2015
537,2.18022761948049,"Zhong2025",2015
538,2.13987661621951,"Zhong2025",2015
539,5.52998988492419,"Zhong2025",2015
540,3.66466194005637,"Zhong2025",2015
541,5.55420274975934,"Zhong2025",2015
542,2.60839811933197,"Zhong2025",2015
543,9.39634989688354,"Zhong2025",2015
544,3.1737545062724,"Zhong2025",2015
545,1.93125290535814,"Zhong2025",2015
546,2.59819792150917,"Zhong2025",2015
547,3.26764993263223,"Zhong2025",2015
548,3.04643205157982,"Zhong2025",2015
549,1.79691888490137,"Zhong2025",2015
550,1.78584138546711,"Zhong2025",2015
551,3.09463889343968,"Zhong2025",2015
552,2.14787809456434,"Zhong2025",2015
553,4.00192761557892,"Zhong2025",2015
554,2.4019499080792,"Zhong2025",2015
555,0.701191414410026,"Zhong2025",2015
556,4.18900673411139,"Zhong2025",2015
557,5.79010388578643,"Zhong2025",2015
558,8.34304703995438,"Zhong2025",2015
559,4.95807717501053,"Zhong2025",2015
560,2.28038556739921,"Zhong2025",2015
561,6.4792162200925,"Zhong2025",2015
562,16.9249023862381,"Zhong2025",2015
563,5.1242061822801,"Zhong2025",2015
564,2.48646498998781,"Zhong2025",2015
565,6.62950985065306,"Zhong2025",2015
566,1.42717588955447,"Zhong2025",2015
567,8.08890061282663,"Zhong2025",2015
568,0.917858876922771,"Zhong2025",2015
569,2.73923379240383,"Zhong2025",2015
570,0.324806327135137,"Zhong2025",2015
571,3.21904492314741,"Zhong2025",2015
572,1.28718273709568,"Zhong2025",2015
573,1.84955889725993,"Zhong2025",2015
574,1.62490989614302,"Zhong2025",2015
575,1.57921807425249,"Zhong2025",2015
576,5.02938998917679,"Zhong2025",2015
577,0.65091510266197,"Zhong2025",2015
578,2.83119895265383,"Zhong2025",2015
579,1.79423133427446,"Zhong2025",2015
580,4.23668510099665,"Zhong2025",2015
581,1.45556082372291,"Zhong2025",2015
582,0.811670962094659,"Zhong2025",2015
583,0.297865807620735,"Zhong2025",2015
584,1.29116168764666,"Zhong2025",2015
585,1.30679726014697,"Zhong2025",2015
586,1.51504434598666,"Zhong2025",2015
587,1.37237941693906,"Zhong2025",2015
588,0.255557523571849,"Zhong2025",2015
589,4.44742367317828,"Zhong2025",2015
590,1.26768439718036,"Zhong2025",2015
591,3.43000937523288,"Zhong2025",2015
592,0.681735767237921,"Zhong2025",2015
593,0.473591776575463,"Zhong2025",2015
594,8.44891394559328,"Zhong2025",2015
595,1.06416033509095,"Zhong2025",2015
596,0.251037134754253,"Zhong2025",2015
597,9.52447594722788,"Zhong2025",2015
598,1.27625907224597,"Zhong2025",2015
599,3.59196656000082,"Zhong2025",2015
600,1.60905672490585,"Zhong2025",2015
601,4.83581209816679,"Zhong2025",2015
602,1.88803027897391,"Zhong2025",2015
603,24.4866770621004,"Zhong2025",2015
604,3.03703735633662,"Zhong2025",2015
605,1.20655185814902,"Zhong2025",2015
606,5.24294411368239,"Zhong2025",2015
607,9.67425834219531,"Zhong2025",2015
608,19.8056937535604,"Zhong2025",2015
609,3.6741704720704,"Zhong2025",2015
610,1.15371750653432,"Zhong2025",2015
611,2.45500451423271,"Zhong2025",2015
612,0.317589984983594,"Zhong2025",2015
613,2.54486130903367,"Zhong2025",2015
614,7.29592274734315,"Zhong2025",2015
615,0.523158757780756,"Zhong2025",2015
616,3.76874161999745,"Zhong2025",2015
617,5.62633223090645,"Zhong2025",2015
618,12.8900323799001,"Zhong2025",2015
619,0.48459443425607,"Zhong2025",2015
620,6.58623870342512,"Zhong2025",2015
621,2.22169897921986,"Zhong2025",2015
622,2.17614476087257,"Zhong2025",2015
623,6.21594886541918,"Zhong2025",2015
624,4.00706689990603,"Zhong2025",2015
625,0.430430182839433,"Zhong2025",2015
626,5.74923833680554,"Zhong2025",2015
627,8.27071292319707,"Zhong2025",2015
628,12.4016059544039,"Zhong2025",2015
629,43.9460619820489,"Zhong2025",2015
630,14.8507744747659,"Zhong2025",2015
631,0.729290987367555,"Zhong2025",2015
632,0.0496683777036947,"Zhong2025",2015
633,0.0349002941088862,"Zhong2025",2015
634,2.11766268330293,"Zhong2025",2015
635,0.418219559353414,"Zhong2025",2015
636,2.97631664707738,"Zhong2025",2015
637,0.311335894354612,"Zhong2025",2015
638,33.5167923979461,"Zhong2025",2015
639,2.01731030306508,"Zhong2025",2015
640,0.607712516936775,"Zhong2025",2015
641,2.61872873156752,"Zhong2025",2015
642,1.89295079632456,"Zhong2025",2015
643,0.830288029379315,"Zhong2025",2015
644,0.99396003617772,"Zhong2025",2015
645,1.18490318726868,"Zhong2025",2015
646,8.33990673399439,"Zhong2025",2015
647,0.53567222322409,"Zhong2025",2015
648,0.706227320395097,"Zhong2025",2015
649,19.8498128285775,"Zhong2025",2015
650,4.36891273550551,"Zhong2025",2015
651,0,"Zhong2025",2015
652,4.69217328219742,"Zhong2025",2015
653,1.13215010454487,"Zhong2025",2015
654,13.0073718593145,"Zhong2025",2015
655,0.192462933433431,"Zhong2025",2015
656,1.0393177190723,"Zhong2025",2015
657,6.13065822956697,"Zhong2025",2015
658,4.67952295433109,"Zhong2025",2015
659,6.77543872471463,"Zhong2025",2015
660,0,"Zhong2025",2015
661,24.2215691478022,"Zhong2025",2015
662,0.0893661566625606,"Zhong2025",2015
663,1.25672551766038,"Zhong2025",2015
664,0,"Zhong2025",2015
665,0.894201425792173,"Zhong2025",2015
666,1.5011326360139,"Zhong2025",2015
667,0.0517243760641803,"Zhong2025",2015
668,4.63640664668615,"Zhong2025",2015
669,0.50777442145614,"Zhong2025",2015
670,0.241579097943238,"Zhong2025",2015
671,2.42647909996201,"Zhong2025",2015
672,17.7692112163641,"Zhong2025",2015
673,5.34163225994956,"Zhong2025",2015
674,1.78500225454116,"Zhong2025",2015
675,7.38677105551497,"Zhong2025",2015
676,3.06998043335856,"Zhong2025",2015
677,0.319097189675525,"Zhong2025",2015
678,1.12568727052874,"Zhong2025",2015
679,8.9839754326399,"Zhong2025",2015
680,5.47584691158561,"Zhong2025",2015
681,2.48300110352122,"Zhong2025",2015
682,0.244241079658662,"Zhong2025",2015
683,14.239041337789,"Zhong2025",2015
684,0.946900059806695,"Zhong2025",2015
685,1.17107308655977,"Zhong2025",2015
686,8.85762680058874,"Zhong2025",2015
687,8.26184471421268,"Zhong2025",2015
688,1.79330593104596,"Zhong2025",2015
689,2.1478338320034,"Zhong2025",2015
690,3.37982343019817,"Zhong2025",2015
691,2.05417304409978,"Zhong2025",2015
692,16.9599698550171,"Zhong2025",2015
693,2.00050450531014,"Zhong2025",2015
694,7.9358851977757,"Zhong2025",2015
695,4.29390222840011,"Zhong2025",2015
696,0.0903433396453983,"Zhong2025",2015
697,8.9875472176792,"Zhong2025",2015
698,0.405903654918957,"Zhong2025",2015
699,0.0618526861071587,"Zhong2025",2015
700,2.99701166293687,"Zhong2025",2015
701,0.760032417619322,"Zhong2025",2015
702,5.75287287045216,"Zhong2025",2015
703,6.25824240380939,"Zhong2025",2015
704,16.7291066677406,"Zhong2025",2015
705,1.77570946207591,"Zhong2025",2015
706,37.2105877047679,"Zhong2025",2015
707,1.73021548941532,"Zhong2025",2015
708,9.57433351330341,"Zhong2025",2015
709,0.208433767985553,"Zhong2025",2015
710,4.27861606812393,"Zhong2025",2015
711,0.044347577221543,"Zhong2025",2015
712,9.4621717147297,"Zhong2025",2015
713,0.0953517005750627,"Zhong2025",2015
714,3.79264383272427,"Zhong2025",2015
715,0.307230941292024,"Zhong2025",2015
716,0.223901720048599,"Zhong2025",2015
717,2.56923603663553,"Zhong2025",2015
718,3.568034229405,"Zhong2025",2015
719,2.75765841498654,"Zhong2025",2015
720,0.117861673095976,"Zhong2025",2015
721,2.33284641771506,"Zhong2025",2015
722,7.34039763287839,"Zhong2025",2015
723,13.6399719675497,"Zhong2025",2015
724,0.156201307151629,"Zhong2025",2015
725,4.56812215034195,"Zhong2025",2015
726,0.158612900298338,"Zhong2025",2015
727,0.955720845538263,"Zhong2025",2015
728,2.51038490159371,"Zhong2025",2015
729,0.536541298208125,"Zhong2025",2015
730,4.27372609503882,"Zhong2025",2015
731,0.592813497272933,"Zhong2025",2015
732,10.5725402995826,"Zhong2025",2015
733,4.04457421370862,"Zhong2025",2015
734,1.06335790208097,"Zhong2025",2015
735,0.710026806592941,"Zhong2025",2015
736,3.12429979109457,"Zhong2025",2015
737,4.16052960322122,"Zhong2025",2015
738,6.72345410704613,"Zhong2025",2015
739,3.28436192682642,"Zhong2025",2015
740,15.3856776952744,"Zhong2025",2015
741,0.470549917753323,"Zhong2025",2015
742,3.87962471726774,"Zhong2025",2015
743,9.90952027638753,"Zhong2025",2015
744,1.6174704634274,"Zhong2025",2015
745,3.55177326088256,"Zhong2025",2015
746,2.35466958523656,"Zhong2025",2015
747,18.6242116665354,"Zhong2025",2015
748,3.21785570937209,"Zhong2025",2015
749,1.28092751946104,"Zhong2025",2015
750,2.7232371383828,"Zhong2025",2015
751,0.910575845813448,"Zhong2025",2015
752,20.0947843757836,"Zhong2025",2015
753,1.13249974662008,"Zhong2025",2015
754,0.574060320340354,"Zhong2025",2015
755,4.57443781756406,"Zhong2025",2015
756,4.82600997117088,"Zhong2025",2015
757,0.383632418903289,"Zhong2025",2015
758,0.137997669767583,"Zhong2025",2015
759,0.356661264083889,"Zhong2025",2015
760,0.13965976134344,"Zhong2025",2015
761,12.7270979226804,"Zhong2025",2015
762,15.4462614872659,"Zhong2025",2015
763,12.7543248003201,"Zhong2025",2015
764,11.13771699516,"Zhong2025",2015
765,0.998348806662723,"Zhong2025",2015
766,4.83365062321536,"Zhong2025",2015
767,15.0798208236694,"Zhong2025",2015
768,0.195962104467049,"Zhong2025",2015
769,16.1904711042132,"Zhong2025",2015
770,54.3614857066761,"Zhong2025",2015
771,0.810878011393719,"Zhong2025",2015
772,9.6592009154618,"Zhong2025",2015
773,1.66992063935699,"Zhong2025",2015
774,0.599980772159047,"Zhong2025",2015
775,10.1761922469506,"Zhong2025",2015
776,9.26708187533735,"Zhong2025",2015
777,5.34123144259765,"Zhong2025",2015
778,15.0847336097004,"Zhong2025",2015
779,55.1094858848442,"Zhong2025",2015
780,7.60555299372284,"Zhong2025",2015
781,19.2509091229943,"Zhong2025",2015
782,0.428700112396785,"Zhong2025",2015
783,31.0211444752557,"Zhong2025",2015
784,1.57868966603863,"Zhong2025",2015
785,3.17198673823551,"Zhong2025",2015
786,54.771157208611,"Zhong2025",2015
787,6.09699930968773,"Zhong2025",2015
788,0.00411689579486847,"Zhong2025",2015
789,25.675252648287,"Zhong2025",2015
790,0.771057973660174,"Zhong2025",2015
791,0.443242449112686,"Zhong2025",2015
792,14.1277748639466,"Zhong2025",2015
793,7.94100427176389,"Zhong2025",2015
794,4.40731541249881,"Zhong2025",2015
795,8.6679155310858,"Zhong2025",2015
796,2.57505300215312,"Zhong2025",2015
797,4.61704691309037,"Zhong2025",2015
798,7.81980931580956,"Zhong2025",2015
799,2.90838813055146,"Zhong2025",2015
800,0.0822654457282409,"Zhong2025",2015
801,0.802318569320313,"Zhong2025",2015
802,0.873204500822377,"Zhong2025",2015
803,20.8644350544482,"Zhong2025",2015
804,17.4600925974315,"Zhong2025",2015
805,2.53148431730975,"Zhong2025",2015
806,0.452888543498428,"Zhong2025",2015
807,10.1878020071689,"Zhong2025",2015
808,6.38293656102396,"Zhong2025",2015
809,1.40362634127099,"Zhong2025",2015
810,44.5946867407822,"Zhong2025",2015
811,1.33742450664119,"Zhong2025",2015
812,0.25729464688765,"Zhong2025",2015
813,8.25698337318568,"Zhong2025",2015
814,13.0143878230682,"Zhong2025",2015
815,12.9809714981665,"Zhong2025",2015
816,1.78771921942631,"Zhong2025",2015
817,4.55989475588004,"Zhong2025",2015
818,0.42880760748235,"Zhong2025",2015
819,2.85345639796112,"Zhong2025",2015
820,0,"Zhong2025",2015
821,8.11101467464421,"Zhong2025",2015
822,0.368513849897012,"Zhong2025",2015
823,3.78496660057837,"Zhong2025",2015
824,3.4903103590714,"Zhong2025",2015
825,0.197152509445361,"Zhong2025",2015
826,4.18151011220401,"Zhong2025",2015
827,3.15463009146234,"Zhong2025",2015
828,5.3408515209762,"Zhong2025",2015
829,9.3055759026454,"Zhong2025",2015
830,21.0090548603623,"Zhong2025",2015
831,19.7325651493478,"Zhong2025",2015
832,1.91677796532615,"Zhong2025",2015
833,0.103922393514973,"Zhong2025",2015
834,9.8314748879463,"Zhong2025",2015
835,10.798193230794,"Zhong2025",2015
836,9.61859139505049,"Zhong2025",2015
837,17.2641647563261,"Zhong2025",2015
838,7.83791670320081,"Zhong2025",2015
839,36.5468391321473,"Zhong2025",2015
840,11.2198357056488,"Zhong2025",2015
841,9.99797791852008,"Zhong2025",2015
842,2.84549998185074,"Zhong2025",2015
843,4.04297120566907,"Zhong2025",2015
844,9.43122561953285,"Zhong2025",2015
845,26.7464614397363,"Zhong2025",2015
846,4.76160396744332,"Zhong2025",2015
847,16.1039655120284,"Zhong2025",2015
848,38.4513092353696,"Zhong2025",2015
849,13.627800501883,"Zhong2025",2015
850,1.51124630354602,"Zhong2025",2015
851,8.44094627156206,"Zhong2025",2015
852,46.1206531016032,"Zhong2025",2015
853,0.215332972394352,"Zhong2025",2015
854,0.281203130306846,"Zhong2025",2015
855,10.8046526908875,"Zhong2025",2015
856,15.200688559424,"Zhong2025",2015
857,2.03617931797898,"Zhong2025",2015
858,2.00130953849893,"Zhong2025",2015
859,1.12653549254327,"Zhong2025",2015
860,4.4098078241087,"Zhong2025",2015
861,0.095469842224702,"Zhong2025",2015
862,5.89710746123263,"Zhong2025",2015
863,12.8160044863617,"Zhong2025",2015
864,8.18546912858999,"Zhong2025",2015
865,0.141671660459135,"Zhong2025",2015
866,14.3963379294185,"Zhong2025",2015
867,20.9640463004261,"Zhong2025",2015
868,11.0728952072479,"Zhong2025",2015
869,12.8412086285615,"Zhong2025",2015
870,0.758973520289343,"Zhong2025",2015
871,0.14263576065109,"Zhong2025",2015
872,4.70026528141178,"Zhong2025",2015
873,0.277063474895661,"Zhong2025",2015
874,0.335452441982925,"Zhong2025",2015
875,0.269846208353993,"Zhong2025",2015
876,7.1675039434433,"Zhong2025",2015
877,0.219180948864248,"Zhong2025",2015
878,4.39955525595828,"Zhong2025",2015
879,5.48282105638429,"Zhong2025",2015
880,0.818998621897651,"Zhong2025",2015
881,0.0693448609589333,"Zhong2025",2015
882,1.27067212137309,"Zhong2025",2015
883,1.7915026004625,"Zhong2025",2015
884,1.0862195713169,"Zhong2025",2015
885,0.86463256316736,"Zhong2025",2015
886,23.6707567896694,"Zhong2025",2015
887,1.59824606130821,"Zhong2025",2015
888,1.29450516072625,"Zhong2025",2015
889,6.80385391266692,"Zhong2025",2015
890,6.46426535219782,"Zhong2025",2015
891,1.85212916675331,"Zhong2025",2015
892,5.99031023522641,"Zhong2025",2015
893,2.79359030558003,"Zhong2025",2015
894,0.724195611629068,"Zhong2025",2015
895,0.51988074506593,"Zhong2025",2015
896,16.8526929152423,"Zhong2025",2015
897,2.0494116084809,"Zhong2025",2015
898,0.526258900307682,"Zhong2025",2015
899,0.945993608903529,"Zhong2025",2015
900,0.385114150614861,"Zhong2025",2015
901,27.5516211645809,"Zhong2025",2015
902,0.153740052047025,"Zhong2025",2015
903,0.870913788460247,"Zhong2025",2015
904,0.360872490710977,"Zhong2025",2015
905,0.668911521549408,"Zhong2025",2015
906,1.4079513629397,"Zhong2025",2015
907,0.634528896376526,"Zhong2025",2015
908,0.457035818696894,"Zhong2025",2015
909,22.8442114500724,"Zhong2025",2015
910,15.6565445305613,"Zhong2025",2015
911,12.4705283105733,"Zhong2025",2015
912,3.20031866139866,"Zhong2025",2015
913,3.21367970471437,"Zhong2025",2015
914,7.92188214037533,"Zhong2025",2015
915,0.76938579395536,"Zhong2025",2015
916,1.05067138667653,"Zhong2025",2015
917,0.0101049393800826,"Zhong2025",2015
918,1.26968474018281,"Zhong2025",2015
919,1.89373025950044,"Zhong2025",2015
920,1.3321366747156,"Zhong2025",2015
921,8.59938685426455,"Zhong2025",2015
922,3.4093365802947,"Zhong2025",2015
923,0.0709991324880165,"Zhong2025",2015
924,0.0165945204305103,"Zhong2025",2015
925,0.472959182939399,"Zhong2025",2015
926,0.290153649348062,"Zhong2025",2015
927,0.273864055839014,"Zhong2025",2015
928,0.194958782426699,"Zhong2025",2015
929,0.0798629831496761,"Zhong2025",2015
930,5.32674297950969,"Zhong2025",2015
931,1.29696707899101,"Zhong2025",2015
932,0.305636070795799,"Zhong2025",2015
933,0,"Zhong2025",2015
934,0.400737789659906,"Zhong2025",2015
935,0.0894015999222209,"Zhong2025",2015
936,0.0554441953731167,"Zhong2025",2015
937,0.00484492178391369,"Zhong2025",2015
938,0.796586193055085,"Zhong2025",2015
939,11.0916637997928,"Zhong2025",2015
940,5.86124140305349,"Zhong2025",2015
941,1.18233199857161,"Zhong2025",2015
942,2.64141424758496,"Zhong2025",2015
943,0.738439575294654,"Zhong2025",2015
944,0.742330579808677,"Zhong2025",2015
945,0.442736090709324,"Zhong2025",2015
946,1.75667976206043,"Zhong2025",2015
947,0.597118773874133,"Zhong2025",2015
948,1.21037525254669,"Zhong2025",2015
949,8.32691395191619,"Zhong2025",2015
950,6.85536207865472,"Zhong2025",2015
951,0.783119049381445,"Zhong2025",2015
952,1.84767007916857,"Zhong2025",2015
953,6.78341155139763,"Zhong2025",2015
954,7.5832272651182,"Zhong2025",2015
955,0.522430564548989,"Zhong2025",2015
956,0.394362544207371,"Zhong2025",2015
957,0.684919086008652,"Zhong2025",2015
958,0.540614354879492,"Zhong2025",2015
959,0.797755408430064,"Zhong2025",2015
960,6.1069528146444,"Zhong2025",2015
961,2.20366751697619,"Zhong2025",2015
962,0.613913512289185,"Zhong2025",2015
963,4.16154829782332,"Zhong2025",2015
964,1.05464060326158,"Zhong2025",2015
965,10.2105328222486,"Zhong2025",2015
966,5.24909578391743,"Zhong2025",2015
967,4.17079390540539,"Zhong2025",2015
968,0.0610667942035854,"Zhong2025",2015
969,5.01136595322355,"Zhong2025",2015
970,0.294657535326852,"Zhong2025",2015
971,2.97496211791456,"Zhong2025",2015
972,0.963531885958749,"Zhong2025",2015
973,7.03477378218528,"Zhong2025",2015
974,2.06935077365758,"Zhong2025",2015
975,0.518545046139626,"Zhong2025",2015
976,0.328382239830268,"Zhong2025",2015
977,0.0242035444141865,"Zhong2025",2015
978,3.17689693254008,"Zhong2025",2015
979,17.6513932091849,"Zhong2025",2015
980,6.45529015725511,"Zhong2025",2015
981,12.9132321691845,"Zhong2025",2015
982,3.3480035482149,"Zhong2025",2015
983,4.29021768754019,"Zhong2025",2015
984,4.84864252077209,"Zhong2025",2015
985,1.24463767247895,"Zhong2025",2015
986,0.276584365153617,"Zhong2025",2015
987,0.170210770314984,"Zhong2025",2015
988,0.302940023995869,"Zhong2025",2015
989,0.918409927167186,"Zhong2025",2015
990,1.75967640875936,"Zhong2025",2015
991,0.0393561898204296,"Zhong2025",2015
992,2.02030687859081,"Zhong2025",2015
993,0.626883177923294,"Zhong2025",2015
994,0.593567841345517,"Zhong2025",2015
995,0.988722117641304,"Zhong2025",2015
996,2.93513139126649,"Zhong2025",2015
997,6.71183389839792,"Zhong2025",2015
998,0.585681195167319,"Zhong2025",2015
999,3.78331434149896,"Zhong2025",2015
1000,13.4885963805459,"Zhong2025",2015
1001,0.0957382239327328,"Zhong2025",2015
1002,3.98433291553347,"Zhong2025",2015
1003,0.0811976681186541,"Zhong2025",2015
1004,2.41442718577918,"Zhong2025",2015
1005,0.424360531674519,"Zhong2025",2015
1006,0,"Zhong2025",2015
1007,0.57031933520945,"Zhong2025",2015
1008,11.488748911851,"Zhong2025",2015
1009,1.13076279653169,"Zhong2025",2015
1010,0,"Zhong2025",2015
1011,0.534550317010144,"Zhong2025",2015
1012,2.17942882805984,"Zhong2025",2015
1013,1.69314612833893,"Zhong2025",2015
1014,1.75339093164051,"Zhong2025",2015
1015,1.53269104490575,"Zhong2025",2015
1016,4.52319286384087,"Zhong2025",2015
1017,1.80593248304063,"Zhong2025",2015
1018,0.999911655065452,"Zhong2025",2015
1019,0.372907262093254,"Zhong2025",2015
1020,0.283436751448983,"Zhong2025",2015
1021,0.101022854222347,"Zhong2025",2015
1022,8.03899594590431,"Zhong2025",2015
1023,6.78284448237676,"Zhong2025",2015
1024,0,"Zhong2025",2015
1025,12.3295038748404,"Zhong2025",2015
1026,1.90307216243288,"Zhong2025",2015
1027,0.339283943201885,"Zhong2025",2015
1028,0.243595475439357,"Zhong2025",2015
1029,1.48897121771209,"Zhong2025",2015
1030,1.25057471787175,"Zhong2025",2015
1031,0.124554877258214,"Zhong2025",2015
1032,2.95084188190098,"Zhong2025",2015
1033,2.62372393678811,"Zhong2025",2015
1034,3.38020188022744,"Zhong2025",2015
1035,10.8857958881479,"Zhong2025",2015
1036,4.96915826639791,"Zhong2025",2015
1037,0.164533795007775,"Zhong2025",2015
1038,1.79177975826386,"Zhong2025",2015
1039,0.65561321150383,"Zhong2025",2015
1040,0.0626040145055172,"Zhong2025",2015
1041,2.32364894419814,"Zhong2025",2015
1042,0.0556743316780143,"Zhong2025",2015
1043,0.451283993621014,"Zhong2025",2015
1044,0.84208087814002,"Zhong2025",2015
1045,0.0693030930235095,"Zhong2025",2015
1046,0.62687756275185,"Zhong2025",2015
1047,1.11616216751343,"Zhong2025",2015
1048,0.150256881566509,"Zhong2025",2015
1049,0.105055749349517,"Zhong2025",2015
1050,0.263488000802444,"Zhong2025",2015
1051,0.673703653791165,"Zhong2025",2015
1052,1.12629929177043,"Zhong2025",2015
1053,2.5543637435079,"Zhong2025",2015
1054,5.83087319042534,"Zhong2025",2015
1055,0.670313156905777,"Zhong2025",2015
1056,0.335017599775072,"Zhong2025",2015
1057,14.5404029626814,"Zhong2025",2015
1058,41.5847869409579,"Zhong2025",2015
1059,0.502411687721284,"Zhong2025",2015
1060,0.166284900328789,"Zhong2025",2015
1061,13.4699400704703,"Zhong2025",2015
1062,40.5477196076294,"Zhong2025",2015
1063,11.8928088558916,"Zhong2025",2015
1064,0.463729041341083,"Zhong2025",2015
1065,3.40528240591978,"Zhong2025",2015
1066,1.12196720154448,"Zhong2025",2015
1067,1.03063563429798,"Zhong2025",2015
1068,1.80058443876804,"Zhong2025",2015
1069,0.342840273165205,"Zhong2025",2015
1070,1.90495484474996,"Zhong2025",2015
1071,8.30359028386218,"Zhong2025",2015
1072,1.18741040530974,"Zhong2025",2015
1073,0.837491157011581,"Zhong2025",2015
1074,5.60588055314661,"Zhong2025",2015
1075,1.47527252307498,"Zhong2025",2015
1076,0.635851670038303,"Zhong2025",2015
1077,0.262346556673187,"Zhong2025",2015
1078,20.5766727219457,"Zhong2025",2015
1079,2.39669178177577,"Zhong2025",2015
1080,24.5270987772474,"Zhong2025",2015
1081,6.56545555936457,"Zhong2025",2015
1082,6.45190655450246,"Zhong2025",2015
1083,1.29252845573658,"Zhong2025",2015
1084,7.97282539053183,"Zhong2025",2015
1085,5.16430124791437,"Zhong2025",2015
1086,5.80883607823746,"Zhong2025",2015
1087,7.38885088792387,"Zhong2025",2015
1088,22.6539569173342,"Zhong2025",2015
1089,0.411877672555888,"Zhong2025",2015
1090,0.868247716576773,"Zhong2025",2015
1091,1.39857053925025,"Zhong2025",2015
1092,4.76640876770859,"Zhong2025",2015
1093,7.28773857393902,"Zhong2025",2015
1094,0.291421459849203,"Zhong2025",2015
1095,2.76659797567398,"Zhong2025",2015
1096,14.4741432756227,"Zhong2025",2015
1097,0.0700944171591766,"Zhong2025",2015
1098,0.228436211124063,"Zhong2025",2015
1099,1.7478198310388,"Zhong2025",2015
1100,8.91901990151641,"Zhong2025",2015
1101,0.515692683423094,"Zhong2025",2015
1102,4.53234360523019,"Zhong2025",2015
1103,1.05524117339935,"Zhong2025",2015
1104,5.76682684315764,"Zhong2025",2015
1105,2.25059913849915,"Zhong2025",2015
1106,3.2164648901803,"Zhong2025",2015
1107,1.40235520963954,"Zhong2025",2015
1108,0.6428658514255,"Zhong2025",2015
1109,3.23200783505145,"Zhong2025",2015
1110,1.40964296483091,"Zhong2025",2015
1111,3.36586242183324,"Zhong2025",2015
1112,28.4859961015207,"Zhong2025",2015
1113,34.4526887419236,"Zhong2025",2015
1114,56.4720998718625,"Zhong2025",2015
1115,28.3885297356071,"Zhong2025",2015
1116,42.4665553000121,"Zhong2025",2015
1117,19.4829028423016,"Zhong2025",2015
1118,29.1052193596295,"Zhong2025",2015
1119,1.25889378029458,"Zhong2025",2015
1120,5.58351697648954,"Zhong2025",2015
1121,56.036600112915,"Zhong2025",2015
1122,51.839762286136,"Zhong2025",2015
1,2.05315301577245,"Zhong2025",2016
2,0.0460816112010636,"Zhong2025",2016
3,0.137018873461589,"Zhong2025",2016
4,0.411732770305063,"Zhong2025",2016
5,0.196905642597596,"Zhong2025",2016
6,0.1269544027995,"Zhong2025",2016
7,0.0118305799056703,"Zhong2025",2016
8,0.0356760587682566,"Zhong2025",2016
9,0.113918001724575,"Zhong2025",2016
10,0.0745951961191858,"Zhong2025",2016
11,0.0321587479983093,"Zhong2025",2016
12,0.085511206700158,"Zhong2025",2016
13,0.00961079992292122,"Zhong2025",2016
14,0.176560605608182,"Zhong2025",2016
15,0.469104286580578,"Zhong2025",2016
16,0.107812460554782,"Zhong2025",2016
17,17.1675394950565,"Zhong2025",2016
18,0.401277786421199,"Zhong2025",2016
19,0.171506818531468,"Zhong2025",2016
20,0.347833825065108,"Zhong2025",2016
21,0.407871473992035,"Zhong2025",2016
22,2.01839292262224,"Zhong2025",2016
23,2.81168163265547,"Zhong2025",2016
24,1.5100119252283,"Zhong2025",2016
25,9.62338968207862,"Zhong2025",2016
26,7.90279229878508,"Zhong2025",2016
27,2.56551180084599,"Zhong2025",2016
28,17.2407291997777,"Zhong2025",2016
29,0.280969715885876,"Zhong2025",2016
30,1.60522803868948,"Zhong2025",2016
31,0.564130230569704,"Zhong2025",2016
32,0.0116063507110768,"Zhong2025",2016
33,0.390608499616913,"Zhong2025",2016
34,10.8816459347224,"Zhong2025",2016
35,0.884170449248163,"Zhong2025",2016
36,12.3013033609133,"Zhong2025",2016
37,0.15227652626348,"Zhong2025",2016
38,0.730372576969034,"Zhong2025",2016
39,0.646765882017039,"Zhong2025",2016
40,12.9210037780435,"Zhong2025",2016
41,21.3843839579615,"Zhong2025",2016
42,0.507224934574749,"Zhong2025",2016
43,1.44245737204247,"Zhong2025",2016
44,0,"Zhong2025",2016
45,8.78928070501494,"Zhong2025",2016
46,0.0220160441011151,"Zhong2025",2016
47,1.55139536282742,"Zhong2025",2016
48,1.45649654523976,"Zhong2025",2016
49,2.30039987880827,"Zhong2025",2016
50,0,"Zhong2025",2016
51,9.07980707336079,"Zhong2025",2016
52,5.83339913030657,"Zhong2025",2016
53,1.69073279540303,"Zhong2025",2016
54,0.319427324772648,"Zhong2025",2016
55,0.0767228930331363,"Zhong2025",2016
56,0,"Zhong2025",2016
57,0,"Zhong2025",2016
58,22.4385538441794,"Zhong2025",2016
59,40.1061451699999,"Zhong2025",2016
60,15.3586566371137,"Zhong2025",2016
61,5.32517538479779,"Zhong2025",2016
62,1.90430110975316,"Zhong2025",2016
63,6.34051543019652,"Zhong2025",2016
64,6.74037225509134,"Zhong2025",2016
65,8.37305257899824,"Zhong2025",2016
66,2.83146994715091,"Zhong2025",2016
67,29.5449524110961,"Zhong2025",2016
68,17.5932608666538,"Zhong2025",2016
69,1.62243559881567,"Zhong2025",2016
70,1.49497091332244,"Zhong2025",2016
71,11.5450550068464,"Zhong2025",2016
72,3.22882415740031,"Zhong2025",2016
73,7.41853567353072,"Zhong2025",2016
74,6.41069422692087,"Zhong2025",2016
75,13.5034987200271,"Zhong2025",2016
76,14.0281673578116,"Zhong2025",2016
77,3.65855916555632,"Zhong2025",2016
78,19.2487768153519,"Zhong2025",2016
79,9.88115262022863,"Zhong2025",2016
80,10.6241750812081,"Zhong2025",2016
81,6.71354495938637,"Zhong2025",2016
82,10.5903589849721,"Zhong2025",2016
83,10.4977868759651,"Zhong2025",2016
84,3.76927332191476,"Zhong2025",2016
85,5.57308097584273,"Zhong2025",2016
86,3.87310771789471,"Zhong2025",2016
87,7.00225448662522,"Zhong2025",2016
88,14.0016474962235,"Zhong2025",2016
89,2.26796806340088,"Zhong2025",2016
90,9.72594997762632,"Zhong2025",2016
91,8.26855729278504,"Zhong2025",2016
92,35.9053485012856,"Zhong2025",2016
93,9.44491775115435,"Zhong2025",2016
94,4.88159480344893,"Zhong2025",2016
95,14.5836716379354,"Zhong2025",2016
96,10.0289453210696,"Zhong2025",2016
97,11.7931283612309,"Zhong2025",2016
98,1.55902360778585,"Zhong2025",2016
99,6.9396524437326,"Zhong2025",2016
100,1.37171963309367,"Zhong2025",2016
101,2.619905242488,"Zhong2025",2016
102,4.58747926924159,"Zhong2025",2016
103,1.11745106952471,"Zhong2025",2016
104,5.52326811914041,"Zhong2025",2016
105,0.256363411809563,"Zhong2025",2016
106,3.4165553312524,"Zhong2025",2016
107,0.554032898281759,"Zhong2025",2016
108,0.473739729041455,"Zhong2025",2016
109,3.6936484433237,"Zhong2025",2016
110,0.127095768549634,"Zhong2025",2016
111,1.39864709165885,"Zhong2025",2016
112,0.0553125719748886,"Zhong2025",2016
113,0.0402086970147401,"Zhong2025",2016
114,7.06342542992816,"Zhong2025",2016
115,1.34922934285114,"Zhong2025",2016
116,0.80486822137538,"Zhong2025",2016
117,1.1436615807186,"Zhong2025",2016
118,3.71696720596241,"Zhong2025",2016
119,0.199865168886026,"Zhong2025",2016
120,1.57461064165099,"Zhong2025",2016
121,1.0053831513827,"Zhong2025",2016
122,0.0955604774256547,"Zhong2025",2016
123,7.74003869777901,"Zhong2025",2016
124,0.886685551765556,"Zhong2025",2016
125,5.61320491904283,"Zhong2025",2016
126,7.73415937026342,"Zhong2025",2016
127,1.84469562155914,"Zhong2025",2016
128,8.32885312032344,"Zhong2025",2016
129,5.86473747705802,"Zhong2025",2016
130,8.09477469261656,"Zhong2025",2016
131,14.4814765089649,"Zhong2025",2016
132,3.27570566728915,"Zhong2025",2016
133,4.24091560633913,"Zhong2025",2016
134,4.01447337634034,"Zhong2025",2016
135,0.891011610830857,"Zhong2025",2016
136,6.25166838888138,"Zhong2025",2016
137,10.4803238105774,"Zhong2025",2016
138,4.17699593980438,"Zhong2025",2016
139,4.36970368455179,"Zhong2025",2016
140,1.28942253843683,"Zhong2025",2016
141,4.02389122982991,"Zhong2025",2016
142,6.78354000262666,"Zhong2025",2016
143,0.645581076741219,"Zhong2025",2016
144,0.220857094244217,"Zhong2025",2016
145,7.04829194939799,"Zhong2025",2016
146,2.35434670334721,"Zhong2025",2016
147,4.17576217306691,"Zhong2025",2016
148,0.0369764517764656,"Zhong2025",2016
149,2.53400280219744,"Zhong2025",2016
150,4.99183566719294,"Zhong2025",2016
151,1.60222047263159,"Zhong2025",2016
152,0.596653266723272,"Zhong2025",2016
153,4.72021081414587,"Zhong2025",2016
154,5.1711806896391,"Zhong2025",2016
155,3.45832570241995,"Zhong2025",2016
156,0.0426104361307807,"Zhong2025",2016
157,9.30287450949351,"Zhong2025",2016
158,3.35588965415955,"Zhong2025",2016
159,5.09197362949108,"Zhong2025",2016
160,2.18193385548165,"Zhong2025",2016
161,1.21703474631798,"Zhong2025",2016
162,0.0320668681410499,"Zhong2025",2016
163,0.128529431077037,"Zhong2025",2016
164,0.494753296253304,"Zhong2025",2016
165,0.128491298348274,"Zhong2025",2016
166,0.0089012804686891,"Zhong2025",2016
167,0.0390389746629563,"Zhong2025",2016
168,0.00778134205194162,"Zhong2025",2016
169,0.0170501261028938,"Zhong2025",2016
170,0,"Zhong2025",2016
171,0,"Zhong2025",2016
172,0,"Zhong2025",2016
173,0.263765463460591,"Zhong2025",2016
174,0.0466433927160474,"Zhong2025",2016
175,0,"Zhong2025",2016
176,0.00465534012049973,"Zhong2025",2016
177,0.0599445654127038,"Zhong2025",2016
178,0,"Zhong2025",2016
179,0,"Zhong2025",2016
180,0.0196460906833944,"Zhong2025",2016
181,0.000952016672410011,"Zhong2025",2016
182,0,"Zhong2025",2016
183,0,"Zhong2025",2016
184,0,"Zhong2025",2016
185,0,"Zhong2025",2016
186,0.0291705905559247,"Zhong2025",2016
187,0.179149812237381,"Zhong2025",2016
188,0.0225532200069228,"Zhong2025",2016
189,0.00527696775510489,"Zhong2025",2016
190,6.16285883521933,"Zhong2025",2016
191,7.09744819398416,"Zhong2025",2016
192,0,"Zhong2025",2016
193,0,"Zhong2025",2016
194,0.614781806230352,"Zhong2025",2016
195,3.10367876800428,"Zhong2025",2016
196,0.252761670109437,"Zhong2025",2016
197,0.438332124724066,"Zhong2025",2016
198,0.710179212001103,"Zhong2025",2016
199,0.12745060173341,"Zhong2025",2016
200,0.632805278630689,"Zhong2025",2016
201,0.00916172140291991,"Zhong2025",2016
202,0.764329383250845,"Zhong2025",2016
203,0.0840561653350282,"Zhong2025",2016
204,4.13167986146308,"Zhong2025",2016
205,0.353892577797281,"Zhong2025",2016
206,2.96662550513716,"Zhong2025",2016
207,0.166054075534035,"Zhong2025",2016
208,0.148715429359838,"Zhong2025",2016
209,0.162436419762176,"Zhong2025",2016
210,0.00120645550236861,"Zhong2025",2016
211,0,"Zhong2025",2016
212,0,"Zhong2025",2016
213,0,"Zhong2025",2016
214,0,"Zhong2025",2016
215,0,"Zhong2025",2016
216,0,"Zhong2025",2016
217,0.00293002363852803,"Zhong2025",2016
218,0,"Zhong2025",2016
219,0,"Zhong2025",2016
220,0.0382420584274441,"Zhong2025",2016
221,0.0122045259175221,"Zhong2025",2016
222,0,"Zhong2025",2016
223,0,"Zhong2025",2016
224,0,"Zhong2025",2016
225,0,"Zhong2025",2016
226,0.0980344219173575,"Zhong2025",2016
227,0.0140561111046337,"Zhong2025",2016
228,0.0182332795403849,"Zhong2025",2016
229,0.00836667406668159,"Zhong2025",2016
230,20.9362429562904,"Zhong2025",2016
231,2.29472677115881,"Zhong2025",2016
232,4.64903438674388,"Zhong2025",2016
233,0.330760105079597,"Zhong2025",2016
234,4.64388206569772,"Zhong2025",2016
235,10.4274361083905,"Zhong2025",2016
236,4.29372729703139,"Zhong2025",2016
237,4.080704892615,"Zhong2025",2016
238,4.94134832209554,"Zhong2025",2016
239,3.2003942421317,"Zhong2025",2016
240,16.9053256051582,"Zhong2025",2016
241,7.27527845347837,"Zhong2025",2016
242,3.00678517818451,"Zhong2025",2016
243,8.46684001934149,"Zhong2025",2016
244,1.79224646374279,"Zhong2025",2016
245,7.84246681936276,"Zhong2025",2016
246,6.28160664367561,"Zhong2025",2016
247,0.752763191585507,"Zhong2025",2016
248,11.04141430452,"Zhong2025",2016
249,3.59016528199701,"Zhong2025",2016
250,0.354199036805885,"Zhong2025",2016
251,1.91491543997106,"Zhong2025",2016
252,6.37461834056708,"Zhong2025",2016
253,1.11196200588363,"Zhong2025",2016
254,16.7715886406979,"Zhong2025",2016
255,2.76316551893015,"Zhong2025",2016
256,5.09407126824818,"Zhong2025",2016
257,34.1774388910309,"Zhong2025",2016
258,7.48576472734296,"Zhong2025",2016
259,17.4431733197274,"Zhong2025",2016
260,30.3838012119134,"Zhong2025",2016
261,4.54837878160579,"Zhong2025",2016
262,12.8919946946929,"Zhong2025",2016
263,1.40579076308961,"Zhong2025",2016
264,17.8210673578407,"Zhong2025",2016
265,11.4786849299687,"Zhong2025",2016
266,1.72029437414156,"Zhong2025",2016
267,17.0673534843576,"Zhong2025",2016
268,4.57238101656224,"Zhong2025",2016
269,23.9903230058904,"Zhong2025",2016
270,4.45700391223354,"Zhong2025",2016
271,8.94240336226565,"Zhong2025",2016
272,7.24738138826921,"Zhong2025",2016
273,49.8974533610874,"Zhong2025",2016
274,7.4395289494891,"Zhong2025",2016
275,4.22926519334931,"Zhong2025",2016
276,16.8874449729919,"Zhong2025",2016
277,12.2382205768656,"Zhong2025",2016
278,0.575215752973122,"Zhong2025",2016
279,0.302182174201503,"Zhong2025",2016
280,9.81759308535477,"Zhong2025",2016
281,7.46162625499333,"Zhong2025",2016
282,4.51614737678965,"Zhong2025",2016
283,48.8358577564922,"Zhong2025",2016
284,5.81292347372561,"Zhong2025",2016
285,1.82333093121894,"Zhong2025",2016
286,0.521020853410164,"Zhong2025",2016
287,0.356422306170823,"Zhong2025",2016
288,0.943036038947084,"Zhong2025",2016
289,2.08594173247305,"Zhong2025",2016
290,40.4093385441288,"Zhong2025",2016
291,1.56041969868445,"Zhong2025",2016
292,20.7018431002952,"Zhong2025",2016
293,4.90918680974561,"Zhong2025",2016
294,0.0891723295208067,"Zhong2025",2016
295,0.43219911587541,"Zhong2025",2016
296,0.27730404343491,"Zhong2025",2016
297,3.30895006456674,"Zhong2025",2016
298,0.703419923445291,"Zhong2025",2016
299,1.80981368760132,"Zhong2025",2016
300,15.3720732969396,"Zhong2025",2016
301,3.34320270746314,"Zhong2025",2016
302,0.965104510088801,"Zhong2025",2016
303,21.3647568437788,"Zhong2025",2016
304,1.5235628824735,"Zhong2025",2016
305,0.0370032514472263,"Zhong2025",2016
306,2.73511519928604,"Zhong2025",2016
307,1.48067155770058,"Zhong2025",2016
308,2.54226215693209,"Zhong2025",2016
309,0.781228059991359,"Zhong2025",2016
310,2.83416362353959,"Zhong2025",2016
311,0.813085304109507,"Zhong2025",2016
312,6.48653903858115,"Zhong2025",2016
313,0.74052860522524,"Zhong2025",2016
314,4.69544660809464,"Zhong2025",2016
315,0.532567542298122,"Zhong2025",2016
316,0.179261166602373,"Zhong2025",2016
317,1.33212737693753,"Zhong2025",2016
318,2.43222273675768,"Zhong2025",2016
319,6.35261633501532,"Zhong2025",2016
320,2.99982907156646,"Zhong2025",2016
321,0.974542282628238,"Zhong2025",2016
322,4.22019667049062,"Zhong2025",2016
323,5.99732960413428,"Zhong2025",2016
324,1.4272638080531,"Zhong2025",2016
325,0.633052183115195,"Zhong2025",2016
326,18.1881488796031,"Zhong2025",2016
327,3.76553388502228,"Zhong2025",2016
328,2.94832555195489,"Zhong2025",2016
329,9.21316717641012,"Zhong2025",2016
330,1.37643309675082,"Zhong2025",2016
331,7.57726512287088,"Zhong2025",2016
332,48.4689103841782,"Zhong2025",2016
333,3.65342684471813,"Zhong2025",2016
334,0.805961185529317,"Zhong2025",2016
335,6.04521009722448,"Zhong2025",2016
336,10.1574906517284,"Zhong2025",2016
337,50.1083104574858,"Zhong2025",2016
338,3.40132345664081,"Zhong2025",2016
339,2.21833472876364,"Zhong2025",2016
340,3.89887332903891,"Zhong2025",2016
341,9.05434419152637,"Zhong2025",2016
342,2.06673971947825,"Zhong2025",2016
343,1.64469035412332,"Zhong2025",2016
344,2.07236031582282,"Zhong2025",2016
345,9.66886120250882,"Zhong2025",2016
346,5.49157118768564,"Zhong2025",2016
347,4.25981785183904,"Zhong2025",2016
348,0.641145568066522,"Zhong2025",2016
349,0.759816577991194,"Zhong2025",2016
350,0.681349623760778,"Zhong2025",2016
351,20.9386667387826,"Zhong2025",2016
352,0.310462195764888,"Zhong2025",2016
353,8.88114057749998,"Zhong2025",2016
354,1.5576520828776,"Zhong2025",2016
355,3.66022613888251,"Zhong2025",2016
356,0.802289293529894,"Zhong2025",2016
357,10.9799458874101,"Zhong2025",2016
358,0.49270804094875,"Zhong2025",2016
359,1.61687911175828,"Zhong2025",2016
360,1.79697096114633,"Zhong2025",2016
361,13.4756540663271,"Zhong2025",2016
362,0.657109867697631,"Zhong2025",2016
363,1.76896141093725,"Zhong2025",2016
364,0.521081658455947,"Zhong2025",2016
365,1.8333637139592,"Zhong2025",2016
366,0.481543480548807,"Zhong2025",2016
367,49.9901492870771,"Zhong2025",2016
368,18.7992856400486,"Zhong2025",2016
369,0.805312638620103,"Zhong2025",2016
370,5.08234341625221,"Zhong2025",2016
371,3.04296483541708,"Zhong2025",2016
372,1.11118440765527,"Zhong2025",2016
373,6.28032319757499,"Zhong2025",2016
374,0.181799456211363,"Zhong2025",2016
375,12.5357006099075,"Zhong2025",2016
376,4.92536558666163,"Zhong2025",2016
377,0.587152230619919,"Zhong2025",2016
378,0.416988841265721,"Zhong2025",2016
379,0.5006396520749,"Zhong2025",2016
380,0.144907251519284,"Zhong2025",2016
381,10.139285095036,"Zhong2025",2016
382,26.8501910597591,"Zhong2025",2016
383,0.940617034388821,"Zhong2025",2016
384,0.964652084316248,"Zhong2025",2016
385,12.519985031146,"Zhong2025",2016
386,10.4808733374403,"Zhong2025",2016
387,30.8449450177806,"Zhong2025",2016
388,4.31377734614658,"Zhong2025",2016
389,3.13476511541577,"Zhong2025",2016
390,62.8499296188354,"Zhong2025",2016
391,4.01248791275753,"Zhong2025",2016
392,11.1345763620266,"Zhong2025",2016
393,7.80606275983155,"Zhong2025",2016
394,33.8225078699779,"Zhong2025",2016
395,3.64331220693531,"Zhong2025",2016
396,2.92862810559945,"Zhong2025",2016
397,2.35280902455233,"Zhong2025",2016
398,40.6529437086799,"Zhong2025",2016
399,0.146389310416464,"Zhong2025",2016
400,0.240735578267087,"Zhong2025",2016
401,0.481924096234255,"Zhong2025",2016
402,0.220179089339183,"Zhong2025",2016
403,0,"Zhong2025",2016
404,0,"Zhong2025",2016
405,7.39458404457795,"Zhong2025",2016
406,0.0241067636337286,"Zhong2025",2016
407,0.699830978283716,"Zhong2025",2016
408,0.157306367693579,"Zhong2025",2016
409,0,"Zhong2025",2016
410,0.217813248109764,"Zhong2025",2016
411,0,"Zhong2025",2016
412,0.0302947907616939,"Zhong2025",2016
413,0.00473986669501692,"Zhong2025",2016
414,0,"Zhong2025",2016
415,0.150441186115108,"Zhong2025",2016
416,0,"Zhong2025",2016
417,0.329693871956657,"Zhong2025",2016
418,0.329184907469672,"Zhong2025",2016
419,0.154401243154806,"Zhong2025",2016
420,0,"Zhong2025",2016
421,0.124498394137137,"Zhong2025",2016
422,0.0122744055588002,"Zhong2025",2016
423,0.023616139453204,"Zhong2025",2016
424,0,"Zhong2025",2016
425,0,"Zhong2025",2016
426,0.0807972879755118,"Zhong2025",2016
427,0.0108151844354591,"Zhong2025",2016
428,0,"Zhong2025",2016
429,0.271493073159252,"Zhong2025",2016
430,0.23962357626563,"Zhong2025",2016
431,0.0667151853515347,"Zhong2025",2016
432,0.013136255054752,"Zhong2025",2016
433,0.243049089115927,"Zhong2025",2016
434,0.0355455313141238,"Zhong2025",2016
435,1.31638798913612,"Zhong2025",2016
436,0.547533280522713,"Zhong2025",2016
437,3.55310878871466,"Zhong2025",2016
438,0.659095716877902,"Zhong2025",2016
439,1.13613026638599,"Zhong2025",2016
440,0.577374125251096,"Zhong2025",2016
441,15.2468501866623,"Zhong2025",2016
442,1.78953947439156,"Zhong2025",2016
443,4.77418443240326,"Zhong2025",2016
444,4.82983542232332,"Zhong2025",2016
445,6.57019213300787,"Zhong2025",2016
446,2.69318001259859,"Zhong2025",2016
447,4.28994868132442,"Zhong2025",2016
448,1.01646405880433,"Zhong2025",2016
449,6.31781466761322,"Zhong2025",2016
450,1.49283053883682,"Zhong2025",2016
451,2.04734029100164,"Zhong2025",2016
452,1.02651856487062,"Zhong2025",2016
453,0.248894354072186,"Zhong2025",2016
454,7.63673149214851,"Zhong2025",2016
455,4.33268890810932,"Zhong2025",2016
456,9.85258005085316,"Zhong2025",2016
457,9.5374685456198,"Zhong2025",2016
458,2.51663978002588,"Zhong2025",2016
459,2.65393099007627,"Zhong2025",2016
460,1.33002208052726,"Zhong2025",2016
461,4.36567721091379,"Zhong2025",2016
462,9.6627343440878,"Zhong2025",2016
463,1.14699110380355,"Zhong2025",2016
464,2.33364704386155,"Zhong2025",2016
465,1.01543263087709,"Zhong2025",2016
466,0.402242778064872,"Zhong2025",2016
467,58.2483089144637,"Zhong2025",2016
468,23.6445106986825,"Zhong2025",2016
469,13.2821502072471,"Zhong2025",2016
470,8.35089761598243,"Zhong2025",2016
471,37.2710562842233,"Zhong2025",2016
472,8.64910263637376,"Zhong2025",2016
473,7.90528192754524,"Zhong2025",2016
474,36.7191176964686,"Zhong2025",2016
475,7.5269263146616,"Zhong2025",2016
476,14.0433744763841,"Zhong2025",2016
477,2.93249723677516,"Zhong2025",2016
478,16.3568698381766,"Zhong2025",2016
479,7.74715724396962,"Zhong2025",2016
480,40.6269167073568,"Zhong2025",2016
481,6.78871211697255,"Zhong2025",2016
482,35.5725795664686,"Zhong2025",2016
483,11.5448090559131,"Zhong2025",2016
484,6.99378324463032,"Zhong2025",2016
485,21.5933644210591,"Zhong2025",2016
486,56.5815257145808,"Zhong2025",2016
487,12.8837163547675,"Zhong2025",2016
488,12.5465951601664,"Zhong2025",2016
489,9.55467967459789,"Zhong2025",2016
490,26.1781877763688,"Zhong2025",2016
491,0.126110276544979,"Zhong2025",2016
492,0.341911478086681,"Zhong2025",2016
493,0.481289627015161,"Zhong2025",2016
494,8.83102735371419,"Zhong2025",2016
495,4.45214038037539,"Zhong2025",2016
496,0.394136253272602,"Zhong2025",2016
497,4.02015227844296,"Zhong2025",2016
498,1.82135415135933,"Zhong2025",2016
499,12.2232972522939,"Zhong2025",2016
500,0.828678562809719,"Zhong2025",2016
501,10.1933562902959,"Zhong2025",2016
502,2.79793354506438,"Zhong2025",2016
503,0.957116991443182,"Zhong2025",2016
504,1.64426235471809,"Zhong2025",2016
505,5.17778463736978,"Zhong2025",2016
506,1.74761737675055,"Zhong2025",2016
507,4.39119583518012,"Zhong2025",2016
508,0,"Zhong2025",2016
509,2.14506403707661,"Zhong2025",2016
510,0.488264853099381,"Zhong2025",2016
511,0.0405050011482639,"Zhong2025",2016
512,0.181181562018981,"Zhong2025",2016
513,0.674243683365796,"Zhong2025",2016
514,0.484989087622257,"Zhong2025",2016
515,8.63630300067192,"Zhong2025",2016
516,7.3529291879047,"Zhong2025",2016
517,2.6668458839765,"Zhong2025",2016
518,0.143973489623034,"Zhong2025",2016
519,2.77609829977662,"Zhong2025",2016
520,1.05011423808815,"Zhong2025",2016
521,0.360678076540612,"Zhong2025",2016
522,6.33573192777884,"Zhong2025",2016
523,11.5953124096057,"Zhong2025",2016
524,0.385869816971712,"Zhong2025",2016
525,0.257752483381753,"Zhong2025",2016
526,4.47905439418731,"Zhong2025",2016
527,3.52091863212902,"Zhong2025",2016
528,0.218253633637487,"Zhong2025",2016
529,23.8032936429324,"Zhong2025",2016
530,15.137782965013,"Zhong2025",2016
531,7.993739720736,"Zhong2025",2016
532,1.75672686263337,"Zhong2025",2016
533,1.53083142849089,"Zhong2025",2016
534,3.1403434712698,"Zhong2025",2016
535,0.588808828941322,"Zhong2025",2016
536,3.53635767368949,"Zhong2025",2016
537,2.19025544776082,"Zhong2025",2016
538,2.16657975593334,"Zhong2025",2016
539,5.52207109668588,"Zhong2025",2016
540,3.92759551655505,"Zhong2025",2016
541,5.65202292441567,"Zhong2025",2016
542,2.66093209070987,"Zhong2025",2016
543,9.65723035211891,"Zhong2025",2016
544,3.20031644199809,"Zhong2025",2016
545,1.97767070811926,"Zhong2025",2016
546,2.65193461763856,"Zhong2025",2016
547,3.20782022209351,"Zhong2025",2016
548,3.1845662757374,"Zhong2025",2016
549,1.80353268789699,"Zhong2025",2016
550,1.81939625389635,"Zhong2025",2016
551,3.10867997423952,"Zhong2025",2016
552,2.1103500961792,"Zhong2025",2016
553,4.02826490082678,"Zhong2025",2016
554,2.42438733881971,"Zhong2025",2016
555,0.698569160020389,"Zhong2025",2016
556,4.20717291650561,"Zhong2025",2016
557,5.87213667592845,"Zhong2025",2016
558,8.36913890691732,"Zhong2025",2016
559,4.96268013779015,"Zhong2025",2016
560,2.28465111023979,"Zhong2025",2016
561,6.51868839601693,"Zhong2025",2016
562,16.9540985135642,"Zhong2025",2016
563,5.23724983978916,"Zhong2025",2016
564,2.51116838666113,"Zhong2025",2016
565,6.62950985065306,"Zhong2025",2016
566,1.43265241682112,"Zhong2025",2016
567,8.15573184679188,"Zhong2025",2016
568,0.918078214094569,"Zhong2025",2016
569,2.74557903441027,"Zhong2025",2016
570,0.329618603551157,"Zhong2025",2016
571,3.24732619171059,"Zhong2025",2016
572,1.29318129240457,"Zhong2025",2016
573,1.96198407841599,"Zhong2025",2016
574,1.59464760266566,"Zhong2025",2016
575,1.64199985257759,"Zhong2025",2016
576,5.47389410087658,"Zhong2025",2016
577,0.652127326158987,"Zhong2025",2016
578,2.98129891599489,"Zhong2025",2016
579,1.92852093332339,"Zhong2025",2016
580,4.23668510099665,"Zhong2025",2016
581,1.69648897236536,"Zhong2025",2016
582,0.786918242006759,"Zhong2025",2016
583,0.300082283536509,"Zhong2025",2016
584,1.32957096291721,"Zhong2025",2016
585,1.36864186102254,"Zhong2025",2016
586,1.53653343339611,"Zhong2025",2016
587,1.39262199129623,"Zhong2025",2016
588,0.261035867546343,"Zhong2025",2016
589,4.74426373300137,"Zhong2025",2016
590,1.28804346438416,"Zhong2025",2016
591,3.48715655077055,"Zhong2025",2016
592,0.703099343737007,"Zhong2025",2016
593,0.482870085189979,"Zhong2025",2016
594,8.56774038376229,"Zhong2025",2016
595,1.12541172640551,"Zhong2025",2016
596,0.276100017630713,"Zhong2025",2016
597,9.54015191633669,"Zhong2025",2016
598,1.28069171165034,"Zhong2025",2016
599,3.58409565715696,"Zhong2025",2016
600,1.61446195792572,"Zhong2025",2016
601,4.85590380704293,"Zhong2025",2016
602,1.95750145060182,"Zhong2025",2016
603,24.5265667491946,"Zhong2025",2016
604,3.08044590983613,"Zhong2025",2016
605,1.2151919520762,"Zhong2025",2016
606,5.48333238023702,"Zhong2025",2016
607,9.76866634101901,"Zhong2025",2016
608,19.8446465412776,"Zhong2025",2016
609,3.727309210804,"Zhong2025",2016
610,1.16130729454556,"Zhong2025",2016
611,2.48185768648121,"Zhong2025",2016
612,0.318502817700695,"Zhong2025",2016
613,2.56168372182183,"Zhong2025",2016
614,7.34774720117833,"Zhong2025",2016
615,0.534431649162023,"Zhong2025",2016
616,3.78210890652959,"Zhong2025",2016
617,5.68354205240536,"Zhong2025",2016
618,12.929623139869,"Zhong2025",2016
619,0.523856417812512,"Zhong2025",2016
620,6.89464194798977,"Zhong2025",2016
621,2.23790790140446,"Zhong2025",2016
622,2.256328888989,"Zhong2025",2016
623,6.26967856763159,"Zhong2025",2016
624,4.0215900128303,"Zhong2025",2016
625,0.431317411139607,"Zhong2025",2016
626,5.8181492250556,"Zhong2025",2016
627,8.72580561572962,"Zhong2025",2016
628,12.6407440228011,"Zhong2025",2016
629,43.9942955794158,"Zhong2025",2016
630,14.8507744747659,"Zhong2025",2016
631,0.737151267155134,"Zhong2025",2016
632,0.0496683777036947,"Zhong2025",2016
633,0.0355987149034733,"Zhong2025",2016
634,2.12947323250074,"Zhong2025",2016
635,0.425657188883801,"Zhong2025",2016
636,3.08958092759418,"Zhong2025",2016
637,0.32393127733337,"Zhong2025",2016
638,34.121891617775,"Zhong2025",2016
639,1.78348962902542,"Zhong2025",2016
640,0.642648872721955,"Zhong2025",2016
641,2.71975794513646,"Zhong2025",2016
642,2.01598114151843,"Zhong2025",2016
643,0.839662957286078,"Zhong2025",2016
644,0.995553377465833,"Zhong2025",2016
645,1.19144072960461,"Zhong2025",2016
646,8.80159411477108,"Zhong2025",2016
647,0.690357146469446,"Zhong2025",2016
648,0.706227320395097,"Zhong2025",2016
649,19.8498128285775,"Zhong2025",2016
650,4.39075818808496,"Zhong2025",2016
651,0.0637927639498552,"Zhong2025",2016
652,4.75993202119202,"Zhong2025",2016
653,1.15721545096673,"Zhong2025",2016
654,13.5989960264736,"Zhong2025",2016
655,0.188128204064092,"Zhong2025",2016
656,1.0393177190723,"Zhong2025",2016
657,6.3499906636634,"Zhong2025",2016
658,5.34773320546374,"Zhong2025",2016
659,6.87713432418449,"Zhong2025",2016
660,0,"Zhong2025",2016
661,24.2215691478022,"Zhong2025",2016
662,0.0893661566625606,"Zhong2025",2016
663,1.25275063086301,"Zhong2025",2016
664,0,"Zhong2025",2016
665,0.990808230248107,"Zhong2025",2016
666,1.62906560073456,"Zhong2025",2016
667,0.0517243760641803,"Zhong2025",2016
668,4.45645630486156,"Zhong2025",2016
669,0.531955674124164,"Zhong2025",2016
670,0.271900140492462,"Zhong2025",2016
671,2.68079003061103,"Zhong2025",2016
672,19.0877279502872,"Zhong2025",2016
673,5.54981905270007,"Zhong2025",2016
674,1.8264675558595,"Zhong2025",2016
675,7.90989359410568,"Zhong2025",2016
676,3.13342934545307,"Zhong2025",2016
677,0.319097189675525,"Zhong2025",2016
678,1.16180517220939,"Zhong2025",2016
679,9.21595663248107,"Zhong2025",2016
680,5.47584691158561,"Zhong2025",2016
681,3.41002685085885,"Zhong2025",2016
682,0.244241079658662,"Zhong2025",2016
683,14.4933319224311,"Zhong2025",2016
684,1.0189850426305,"Zhong2025",2016
685,1.23621392770581,"Zhong2025",2016
686,8.9787797160414,"Zhong2025",2016
687,8.28053242891379,"Zhong2025",2016
688,1.8315621725405,"Zhong2025",2016
689,2.1478338320034,"Zhong2025",2016
690,3.69906434629645,"Zhong2025",2016
691,2.06041685316401,"Zhong2025",2016
692,16.9601131180922,"Zhong2025",2016
693,2.35804308580163,"Zhong2025",2016
694,8.25895929336548,"Zhong2025",2016
695,4.63335498149196,"Zhong2025",2016
696,0.342401660438897,"Zhong2025",2016
697,9.28210642732176,"Zhong2025",2016
698,0.405903654918957,"Zhong2025",2016
699,0.106642588529558,"Zhong2025",2016
700,3.18405230389908,"Zhong2025",2016
701,0.942551855770309,"Zhong2025",2016
702,5.95269919154437,"Zhong2025",2016
703,6.32737389475206,"Zhong2025",2016
704,16.9990500293929,"Zhong2025",2016
705,1.88963131401046,"Zhong2025",2016
706,37.235854883663,"Zhong2025",2016
707,2.07619607814455,"Zhong2025",2016
708,10.1155621239117,"Zhong2025",2016
709,0.245456588435918,"Zhong2025",2016
710,4.31437725489828,"Zhong2025",2016
711,0.273387197330806,"Zhong2025",2016
712,10.0542497673069,"Zhong2025",2016
713,0.0953517005750627,"Zhong2025",2016
714,4.01682490092225,"Zhong2025",2016
715,0.345670100744493,"Zhong2025",2016
716,0.223901720048599,"Zhong2025",2016
717,2.53827560616498,"Zhong2025",2016
718,4.20267495919358,"Zhong2025",2016
719,2.79288829343116,"Zhong2025",2016
720,0.117861673095976,"Zhong2025",2016
721,2.39974826170991,"Zhong2025",2016
722,8.0690390874039,"Zhong2025",2016
723,13.7634341414006,"Zhong2025",2016
724,0.156201307151629,"Zhong2025",2016
725,4.67080688953722,"Zhong2025",2016
726,0.264646794841555,"Zhong2025",2016
727,1.01442597368016,"Zhong2025",2016
728,2.86554055994687,"Zhong2025",2016
729,0.574015304333196,"Zhong2025",2016
730,4.4664480596466,"Zhong2025",2016
731,0.660747441940191,"Zhong2025",2016
732,10.6787567259892,"Zhong2025",2016
733,4.14078283917021,"Zhong2025",2016
734,1.22436979298835,"Zhong2025",2016
735,0.780047499727119,"Zhong2025",2016
736,3.30315843138785,"Zhong2025",2016
737,4.28726868075319,"Zhong2025",2016
738,7.10525269508362,"Zhong2025",2016
739,3.36924142582922,"Zhong2025",2016
740,16.8387286106745,"Zhong2025",2016
741,0.491587653686172,"Zhong2025",2016
742,4.07282316332514,"Zhong2025",2016
743,9.96354443497128,"Zhong2025",2016
744,1.72458534611406,"Zhong2025",2016
745,4.34078103367318,"Zhong2025",2016
746,2.37062496968473,"Zhong2025",2016
747,19.2189692471709,"Zhong2025",2016
748,3.42005124336685,"Zhong2025",2016
749,1.28092751946104,"Zhong2025",2016
750,3.03246439099207,"Zhong2025",2016
751,0.910575845813448,"Zhong2025",2016
752,20.5699608519271,"Zhong2025",2016
753,1.13389892324519,"Zhong2025",2016
754,0.591493923602433,"Zhong2025",2016
755,5.07427423256774,"Zhong2025",2016
756,6.07894923755098,"Zhong2025",2016
757,0.383632418903289,"Zhong2025",2016
758,0.142625134977392,"Zhong2025",2016
759,0.370138199667957,"Zhong2025",2016
760,0.149070431938434,"Zhong2025",2016
761,12.7270979226804,"Zhong2025",2016
762,15.725844098616,"Zhong2025",2016
763,12.7543248003201,"Zhong2025",2016
764,11.13771699516,"Zhong2025",2016
765,1.06096519068121,"Zhong2025",2016
766,4.94890317204408,"Zhong2025",2016
767,15.1000037783668,"Zhong2025",2016
768,0.205243586367059,"Zhong2025",2016
769,16.1904711042132,"Zhong2025",2016
770,54.3614857066761,"Zhong2025",2016
771,0.727357706125253,"Zhong2025",2016
772,9.7353707567717,"Zhong2025",2016
773,1.78453768547304,"Zhong2025",2016
774,0.599980772159047,"Zhong2025",2016
775,10.3056248181905,"Zhong2025",2016
776,9.63512072959422,"Zhong2025",2016
777,5.44228249084618,"Zhong2025",2016
778,15.0847336097004,"Zhong2025",2016
779,55.1094858848442,"Zhong2025",2016
780,7.69423420342681,"Zhong2025",2016
781,19.5298697774003,"Zhong2025",2016
782,0.47846897495079,"Zhong2025",2016
783,31.0211444752557,"Zhong2025",2016
784,1.59360164602854,"Zhong2025",2016
785,3.2030623773692,"Zhong2025",2016
786,54.771157208611,"Zhong2025",2016
787,6.28841504867536,"Zhong2025",2016
788,0.00618738094229757,"Zhong2025",2016
789,25.872881689737,"Zhong2025",2016
790,0.771057973660174,"Zhong2025",2016
791,0.446078786489971,"Zhong2025",2016
792,14.1277748639466,"Zhong2025",2016
793,8.10397769423823,"Zhong2025",2016
794,4.44148610904261,"Zhong2025",2016
795,8.67065696509874,"Zhong2025",2016
796,2.47741587612094,"Zhong2025",2016
797,4.92786164458063,"Zhong2025",2016
798,7.82748771781352,"Zhong2025",2016
799,3.57776088192096,"Zhong2025",2016
800,0.0822654457282409,"Zhong2025",2016
801,0.880401511236708,"Zhong2025",2016
802,0.873204500822377,"Zhong2025",2016
803,20.9192107527368,"Zhong2025",2016
804,17.8628813318675,"Zhong2025",2016
805,2.56610111818819,"Zhong2025",2016
806,0.458157738643315,"Zhong2025",2016
807,10.1878020101123,"Zhong2025",2016
808,6.54839482448078,"Zhong2025",2016
809,1.46128667464495,"Zhong2025",2016
810,44.6786124066609,"Zhong2025",2016
811,1.49656382474184,"Zhong2025",2016
812,0.255170789826661,"Zhong2025",2016
813,8.26167030426963,"Zhong2025",2016
814,13.0189240574837,"Zhong2025",2016
815,13.0074371624738,"Zhong2025",2016
816,1.80272219727437,"Zhong2025",2016
817,4.56647026667992,"Zhong2025",2016
818,0.42880760748235,"Zhong2025",2016
819,2.85954518431339,"Zhong2025",2016
820,0,"Zhong2025",2016
821,8.11101467464421,"Zhong2025",2016
822,0.356029548339154,"Zhong2025",2016
823,3.79164360808505,"Zhong2025",2016
824,3.58769057147797,"Zhong2025",2016
825,0.197152509445361,"Zhong2025",2016
826,4.22880417436716,"Zhong2025",2016
827,3.61340207313124,"Zhong2025",2016
828,5.35358432938273,"Zhong2025",2016
829,9.56734745227374,"Zhong2025",2016
830,21.2774116781023,"Zhong2025",2016
831,19.7325651493478,"Zhong2025",2016
832,1.91677796532615,"Zhong2025",2016
833,0.103922393514973,"Zhong2025",2016
834,9.8314748879463,"Zhong2025",2016
835,10.8004796689084,"Zhong2025",2016
836,10.0089371052864,"Zhong2025",2016
837,17.2641647563261,"Zhong2025",2016
838,7.89659559361491,"Zhong2025",2016
839,36.5468391321473,"Zhong2025",2016
840,11.224799501354,"Zhong2025",2016
841,10.1845313030417,"Zhong2025",2016
842,2.91004293956148,"Zhong2025",2016
843,4.27250292556523,"Zhong2025",2016
844,9.45953716473146,"Zhong2025",2016
845,26.7464614397363,"Zhong2025",2016
846,4.85035921045727,"Zhong2025",2016
847,16.6812197014138,"Zhong2025",2016
848,38.4513092353696,"Zhong2025",2016
849,13.627800501883,"Zhong2025",2016
850,1.51124630354602,"Zhong2025",2016
851,8.56512724437379,"Zhong2025",2016
852,46.1985574595133,"Zhong2025",2016
853,0.215332972394352,"Zhong2025",2016
854,0.34357402532958,"Zhong2025",2016
855,10.8062821422611,"Zhong2025",2016
856,16.0873192468727,"Zhong2025",2016
857,2.05954360945058,"Zhong2025",2016
858,2.22561815282517,"Zhong2025",2016
859,1.1521548092929,"Zhong2025",2016
860,4.41431658725216,"Zhong2025",2016
861,0.110461850981665,"Zhong2025",2016
862,5.92627502863549,"Zhong2025",2016
863,12.9796491018465,"Zhong2025",2016
864,8.33871075124588,"Zhong2025",2016
865,0.143454987643752,"Zhong2025",2016
866,14.3963379294185,"Zhong2025",2016
867,21.0978916362673,"Zhong2025",2016
868,11.3850571925823,"Zhong2025",2016
869,12.9238577958761,"Zhong2025",2016
870,0.764724487544122,"Zhong2025",2016
871,0.14479908136906,"Zhong2025",2016
872,4.73530315922172,"Zhong2025",2016
873,0.292881828912517,"Zhong2025",2016
874,0.558272759752969,"Zhong2025",2016
875,0.25413696424946,"Zhong2025",2016
876,7.45936938115529,"Zhong2025",2016
877,0.279566107191762,"Zhong2025",2016
878,4.5317481190176,"Zhong2025",2016
879,5.55034119862407,"Zhong2025",2016
880,0.937805647780369,"Zhong2025",2016
881,0.0743569493060932,"Zhong2025",2016
882,1.31272373233329,"Zhong2025",2016
883,1.77856184899709,"Zhong2025",2016
884,1.11756740657597,"Zhong2025",2016
885,0.872739804323849,"Zhong2025",2016
886,23.9955834583,"Zhong2025",2016
887,1.69339473890041,"Zhong2025",2016
888,1.3805848523236,"Zhong2025",2016
889,6.83859634658951,"Zhong2025",2016
890,6.49008589868862,"Zhong2025",2016
891,1.91003129836796,"Zhong2025",2016
892,5.99111641467886,"Zhong2025",2016
893,2.83770433316628,"Zhong2025",2016
894,0.797060226307382,"Zhong2025",2016
895,0.525090538609333,"Zhong2025",2016
896,17.6172549005212,"Zhong2025",2016
897,2.35984896748418,"Zhong2025",2016
898,0.547292640945635,"Zhong2025",2016
899,1.0698359285384,"Zhong2025",2016
900,0.416164552852073,"Zhong2025",2016
901,27.5970045706878,"Zhong2025",2016
902,0.169342555575462,"Zhong2025",2016
903,0.871149783839608,"Zhong2025",2016
904,0.363145717780311,"Zhong2025",2016
905,0.670814667382301,"Zhong2025",2016
906,1.38592917065204,"Zhong2025",2016
907,0.652408488985886,"Zhong2025",2016
908,0.399631295648882,"Zhong2025",2016
909,22.8461214812987,"Zhong2025",2016
910,15.8049214857874,"Zhong2025",2016
911,12.718544901548,"Zhong2025",2016
912,2.95022961820062,"Zhong2025",2016
913,3.01991694795631,"Zhong2025",2016
914,8.34282566260581,"Zhong2025",2016
915,0.847348481845954,"Zhong2025",2016
916,1.10154870192978,"Zhong2025",2016
917,0.0172479568241999,"Zhong2025",2016
918,1.38617342545294,"Zhong2025",2016
919,2.09028074548114,"Zhong2025",2016
920,1.32706521868544,"Zhong2025",2016
921,9.10167923307528,"Zhong2025",2016
922,3.59388229244403,"Zhong2025",2016
923,0.0735735330431156,"Zhong2025",2016
924,0.0294388128780331,"Zhong2025",2016
925,0.554155589734792,"Zhong2025",2016
926,0.288635375516091,"Zhong2025",2016
927,0.267955507915688,"Zhong2025",2016
928,0.194624404611187,"Zhong2025",2016
929,0.080466189577885,"Zhong2025",2016
930,5.52457040955597,"Zhong2025",2016
931,1.30247672860386,"Zhong2025",2016
932,0.327664918767835,"Zhong2025",2016
933,0,"Zhong2025",2016
934,0.409294169590275,"Zhong2025",2016
935,0.0960265087361141,"Zhong2025",2016
936,0.0668830507335161,"Zhong2025",2016
937,0.00495492918134413,"Zhong2025",2016
938,0.802267064031834,"Zhong2025",2016
939,11.3901728885579,"Zhong2025",2016
940,6.01012687939811,"Zhong2025",2016
941,1.211177686907,"Zhong2025",2016
942,2.95917369154986,"Zhong2025",2016
943,0.766012903407216,"Zhong2025",2016
944,0.742330579808677,"Zhong2025",2016
945,0.451071615844708,"Zhong2025",2016
946,2.2536426727717,"Zhong2025",2016
947,0.892420555511159,"Zhong2025",2016
948,1.21037525254669,"Zhong2025",2016
949,8.5798594305442,"Zhong2025",2016
950,7.3021537906075,"Zhong2025",2016
951,0.962449974573422,"Zhong2025",2016
952,2.08901253991096,"Zhong2025",2016
953,7.46947502626999,"Zhong2025",2016
954,8.47222485599306,"Zhong2025",2016
955,0.550384626865632,"Zhong2025",2016
956,0.408198650668448,"Zhong2025",2016
957,0.715144264751729,"Zhong2025",2016
958,0.59891574818227,"Zhong2025",2016
959,0.867153289727867,"Zhong2025",2016
960,6.23888578436037,"Zhong2025",2016
961,2.41868034398166,"Zhong2025",2016
962,0.656642925930492,"Zhong2025",2016
963,4.38623521445136,"Zhong2025",2016
964,1.06614948284562,"Zhong2025",2016
965,10.1162940812882,"Zhong2025",2016
966,5.75963993170504,"Zhong2025",2016
967,4.17079390540539,"Zhong2025",2016
968,0.0161030298689953,"Zhong2025",2016
969,5.57023567578314,"Zhong2025",2016
970,0.358614095632923,"Zhong2025",2016
971,3.17017858069479,"Zhong2025",2016
972,1.16882892867257,"Zhong2025",2016
973,7.0252377281821,"Zhong2025",2016
974,2.1610454489386,"Zhong2025",2016
975,0.548481913257371,"Zhong2025",2016
976,0.328382239830268,"Zhong2025",2016
977,0.0242035444141865,"Zhong2025",2016
978,3.59351945948376,"Zhong2025",2016
979,17.6508864285995,"Zhong2025",2016
980,6.89663460182345,"Zhong2025",2016
981,12.9392066830773,"Zhong2025",2016
982,3.28249202302377,"Zhong2025",2016
983,4.5264596435077,"Zhong2025",2016
984,5.17770764827728,"Zhong2025",2016
985,1.32796651028611,"Zhong2025",2016
986,0.276584365153617,"Zhong2025",2016
987,0.21764236881414,"Zhong2025",2016
988,0.329647819041736,"Zhong2025",2016
989,1.06375094125216,"Zhong2025",2016
990,1.92739515079682,"Zhong2025",2016
991,0.0393561898204296,"Zhong2025",2016
992,2.02030687859081,"Zhong2025",2016
993,0.643973894294573,"Zhong2025",2016
994,0.613129389472306,"Zhong2025",2016
995,0.988722117641304,"Zhong2025",2016
996,2.84056432175226,"Zhong2025",2016
997,6.62563540584049,"Zhong2025",2016
998,0.585681195167319,"Zhong2025",2016
999,3.78331434149896,"Zhong2025",2016
1000,14.0915450719808,"Zhong2025",2016
1001,0.147232340667273,"Zhong2025",2016
1002,4.0186668863451,"Zhong2025",2016
1003,0.0811976681186541,"Zhong2025",2016
1004,2.43899490953293,"Zhong2025",2016
1005,0.424360531674519,"Zhong2025",2016
1006,0,"Zhong2025",2016
1007,0.69349258509879,"Zhong2025",2016
1008,12.3885588812055,"Zhong2025",2016
1009,1.13076279653169,"Zhong2025",2016
1010,0,"Zhong2025",2016
1011,0.56102908195074,"Zhong2025",2016
1012,2.31397026823493,"Zhong2025",2016
1013,1.80198675602236,"Zhong2025",2016
1014,1.7499948822781,"Zhong2025",2016
1015,1.62127274624312,"Zhong2025",2016
1016,4.97663575375135,"Zhong2025",2016
1017,1.82788822248128,"Zhong2025",2016
1018,1.11714977379022,"Zhong2025",2016
1019,0.372907262093254,"Zhong2025",2016
1020,0.310121167306237,"Zhong2025",2016
1021,0.101022854222347,"Zhong2025",2016
1022,8.16641575572789,"Zhong2025",2016
1023,7.0295976195654,"Zhong2025",2016
1024,0,"Zhong2025",2016
1025,12.3428903792439,"Zhong2025",2016
1026,1.96687932012648,"Zhong2025",2016
1027,0.354905909988553,"Zhong2025",2016
1028,0.260116530513322,"Zhong2025",2016
1029,1.4972826402774,"Zhong2025",2016
1030,1.33923341406028,"Zhong2025",2016
1031,0.171210442065417,"Zhong2025",2016
1032,2.95084188190098,"Zhong2025",2016
1033,3.20647491173724,"Zhong2025",2016
1034,3.4336585288311,"Zhong2025",2016
1035,11.3535645551849,"Zhong2025",2016
1036,4.77786224689755,"Zhong2025",2016
1037,0.170064436752469,"Zhong2025",2016
1038,1.75289763455194,"Zhong2025",2016
1039,0.815847983879262,"Zhong2025",2016
1040,0.0626040145055172,"Zhong2025",2016
1041,2.5725412133552,"Zhong2025",2016
1042,0.0904677292067331,"Zhong2025",2016
1043,0.487516967962055,"Zhong2025",2016
1044,0.832300950288157,"Zhong2025",2016
1045,0.0693030930235095,"Zhong2025",2016
1046,0.640221619083045,"Zhong2025",2016
1047,1.11616216751343,"Zhong2025",2016
1048,0.150256881566509,"Zhong2025",2016
1049,0.106781056656411,"Zhong2025",2016
1050,0.270098783365185,"Zhong2025",2016
1051,0.829719805631945,"Zhong2025",2016
1052,1.13044433067487,"Zhong2025",2016
1053,2.46696442604827,"Zhong2025",2016
1054,5.83087319042534,"Zhong2025",2016
1055,0.687752908557477,"Zhong2025",2016
1056,0.370879144068471,"Zhong2025",2016
1057,14.7319073835048,"Zhong2025",2016
1058,41.5891332358957,"Zhong2025",2016
1059,0.443420415977672,"Zhong2025",2016
1060,0.16600714766313,"Zhong2025",2016
1061,13.5561229914747,"Zhong2025",2016
1062,40.5723480429591,"Zhong2025",2016
1063,12.1200336237176,"Zhong2025",2016
1064,0.529954596310675,"Zhong2025",2016
1065,3.3580121010254,"Zhong2025",2016
1066,1.13605709468188,"Zhong2025",2016
1067,1.03063563429798,"Zhong2025",2016
1068,1.83951441656774,"Zhong2025",2016
1069,0.377583498139126,"Zhong2025",2016
1070,1.90495484474996,"Zhong2025",2016
1071,8.47638215598068,"Zhong2025",2016
1072,1.19363350028951,"Zhong2025",2016
1073,0.901427769360001,"Zhong2025",2016
1074,5.61573579183127,"Zhong2025",2016
1075,1.4181197955913,"Zhong2025",2016
1076,0.700673813730583,"Zhong2025",2016
1077,0.249118330166235,"Zhong2025",2016
1078,21.1943070826323,"Zhong2025",2016
1079,2.93794264086598,"Zhong2025",2016
1080,25.338576410331,"Zhong2025",2016
1081,6.67640318028531,"Zhong2025",2016
1082,6.9185938121912,"Zhong2025",2016
1083,1.29922236598707,"Zhong2025",2016
1084,8.07451275807985,"Zhong2025",2016
1085,5.21177567112211,"Zhong2025",2016
1086,5.77188458558934,"Zhong2025",2016
1087,7.48875330376372,"Zhong2025",2016
1088,22.9888198602997,"Zhong2025",2016
1089,0.411877672555888,"Zhong2025",2016
1090,0.710034926767431,"Zhong2025",2016
1091,1.40161263728028,"Zhong2025",2016
1092,4.95936777741766,"Zhong2025",2016
1093,7.28231170085603,"Zhong2025",2016
1094,0.341252938045407,"Zhong2025",2016
1095,2.77455378019965,"Zhong2025",2016
1096,14.5183643832667,"Zhong2025",2016
1097,0.0808344872901325,"Zhong2025",2016
1098,0.229659767887954,"Zhong2025",2016
1099,1.82726107744071,"Zhong2025",2016
1100,9.15840789967097,"Zhong2025",2016
1101,0.515692683423094,"Zhong2025",2016
1102,4.59483308671923,"Zhong2025",2016
1103,1.05367606160481,"Zhong2025",2016
1104,5.80833307182696,"Zhong2025",2016
1105,2.25589901100298,"Zhong2025",2016
1106,3.10988797492468,"Zhong2025",2016
1107,1.40512214557793,"Zhong2025",2016
1108,0.675484725703044,"Zhong2025",2016
1109,3.34201073391657,"Zhong2025",2016
1110,1.42595274339273,"Zhong2025",2016
1111,3.38049019656908,"Zhong2025",2016
1112,28.622156796632,"Zhong2025",2016
1113,34.4717068288793,"Zhong2025",2016
1114,56.4720998718625,"Zhong2025",2016
1115,28.3885297356071,"Zhong2025",2016
1116,42.5809666287583,"Zhong2025",2016
1117,19.4829028423016,"Zhong2025",2016
1118,29.1908068139438,"Zhong2025",2016
1119,1.27162604731874,"Zhong2025",2016
1120,5.59255885135464,"Zhong2025",2016
1121,56.0544021129608,"Zhong2025",2016
1122,51.9346795834993,"Zhong2025",2016
1,2.06797510329159,"Zhong2025",2017
2,0.0484776828412174,"Zhong2025",2017
3,0.147783763213576,"Zhong2025",2017
4,0.539097940436853,"Zhong2025",2017
5,0.202635982165603,"Zhong2025",2017
6,0.126139054049825,"Zhong2025",2017
7,0.00990826651207769,"Zhong2025",2017
8,0.079320227360872,"Zhong2025",2017
9,0.119276623373478,"Zhong2025",2017
10,0.0784146327885889,"Zhong2025",2017
11,0.0349226252140265,"Zhong2025",2017
12,0.0861828071758953,"Zhong2025",2017
13,0.00972417519484375,"Zhong2025",2017
14,0.178204295268541,"Zhong2025",2017
15,0.515371462513863,"Zhong2025",2017
16,0.107796369580675,"Zhong2025",2017
17,17.7914441353912,"Zhong2025",2017
18,0.401277786421199,"Zhong2025",2017
19,0.171161316179597,"Zhong2025",2017
20,0.350307121315617,"Zhong2025",2017
21,0.422162973128554,"Zhong2025",2017
22,2.0526410987476,"Zhong2025",2017
23,2.9430057600918,"Zhong2025",2017
24,1.57447923306609,"Zhong2025",2017
25,10.4652357839101,"Zhong2025",2017
26,9.08044608721608,"Zhong2025",2017
27,3.28706602487019,"Zhong2025",2017
28,17.4702877006908,"Zhong2025",2017
29,0.344554606273104,"Zhong2025",2017
30,1.74682078810658,"Zhong2025",2017
31,0.633105536922812,"Zhong2025",2017
32,0.107259040330736,"Zhong2025",2017
33,0.411190820230224,"Zhong2025",2017
34,11.3722261617026,"Zhong2025",2017
35,0.886226850847822,"Zhong2025",2017
36,12.4111736529582,"Zhong2025",2017
37,0.167170341135083,"Zhong2025",2017
38,0.758918021247497,"Zhong2025",2017
39,0.617005142444149,"Zhong2025",2017
40,12.8968593820145,"Zhong2025",2017
41,21.3843839579615,"Zhong2025",2017
42,0.55495159117428,"Zhong2025",2017
43,1.47391288188357,"Zhong2025",2017
44,0.0711939597170647,"Zhong2025",2017
45,9.7534409139215,"Zhong2025",2017
46,0.0106737615004929,"Zhong2025",2017
47,1.63673950691449,"Zhong2025",2017
48,1.77420127043044,"Zhong2025",2017
49,2.36200201349984,"Zhong2025",2017
50,0.0103477502202654,"Zhong2025",2017
51,9.8337001386616,"Zhong2025",2017
52,6.4247221292426,"Zhong2025",2017
53,1.94533830188338,"Zhong2025",2017
54,0.345916325419517,"Zhong2025",2017
55,0.0835174226790366,"Zhong2025",2017
56,0,"Zhong2025",2017
57,0,"Zhong2025",2017
58,22.5441360927763,"Zhong2025",2017
59,40.1061451699999,"Zhong2025",2017
60,16.0430666493445,"Zhong2025",2017
61,5.85785438299815,"Zhong2025",2017
62,1.89543298263299,"Zhong2025",2017
63,6.51964913732086,"Zhong2025",2017
64,7.05324065983115,"Zhong2025",2017
65,8.15017701303429,"Zhong2025",2017
66,2.78418026581537,"Zhong2025",2017
67,29.5649916917375,"Zhong2025",2017
68,18.4923539769104,"Zhong2025",2017
69,1.8836562470318,"Zhong2025",2017
70,1.64061061455972,"Zhong2025",2017
71,11.81097766883,"Zhong2025",2017
72,3.39509672924074,"Zhong2025",2017
73,7.71805060333782,"Zhong2025",2017
74,6.46994072806713,"Zhong2025",2017
75,13.5210642929025,"Zhong2025",2017
76,14.1172732720008,"Zhong2025",2017
77,4.47985104408792,"Zhong2025",2017
78,19.378171059722,"Zhong2025",2017
79,10.2109311407192,"Zhong2025",2017
80,10.533896698323,"Zhong2025",2017
81,6.95541561607639,"Zhong2025",2017
82,11.3463882584049,"Zhong2025",2017
83,10.9520562720459,"Zhong2025",2017
84,3.63179570629159,"Zhong2025",2017
85,6.46902070362722,"Zhong2025",2017
86,4.06358000027985,"Zhong2025",2017
87,7.41129351714714,"Zhong2025",2017
88,14.2047353029251,"Zhong2025",2017
89,2.46097390545216,"Zhong2025",2017
90,10.3384372046014,"Zhong2025",2017
91,8.05575314194661,"Zhong2025",2017
92,35.9112873638377,"Zhong2025",2017
93,9.99735141503113,"Zhong2025",2017
94,5.32259426871315,"Zhong2025",2017
95,14.9867578254441,"Zhong2025",2017
96,10.0379148371447,"Zhong2025",2017
97,12.0100217363549,"Zhong2025",2017
98,1.737683381616,"Zhong2025",2017
99,7.01737654686151,"Zhong2025",2017
100,1.38306389129526,"Zhong2025",2017
101,2.65068090978056,"Zhong2025",2017
102,5.40790456686826,"Zhong2025",2017
103,1.11999238377745,"Zhong2025",2017
104,5.74818389023645,"Zhong2025",2017
105,0.259924320104621,"Zhong2025",2017
106,3.43301537322189,"Zhong2025",2017
107,0.678809911866362,"Zhong2025",2017
108,0.488869880115513,"Zhong2025",2017
109,3.56558887560305,"Zhong2025",2017
110,0.141237137103689,"Zhong2025",2017
111,1.44663993007877,"Zhong2025",2017
112,0.0584863032818698,"Zhong2025",2017
113,0.0401472313926103,"Zhong2025",2017
114,7.32295201818148,"Zhong2025",2017
115,2.17356499621556,"Zhong2025",2017
116,1.0280458161906,"Zhong2025",2017
117,1.16260545191287,"Zhong2025",2017
118,4.06278244791471,"Zhong2025",2017
119,0.575738808326423,"Zhong2025",2017
120,2.66814916875017,"Zhong2025",2017
121,1.10885192814946,"Zhong2025",2017
122,0.149029180149924,"Zhong2025",2017
123,8.07670555991011,"Zhong2025",2017
124,0.908647741905448,"Zhong2025",2017
125,6.71345223797365,"Zhong2025",2017
126,9.21985451512866,"Zhong2025",2017
127,1.91032465013876,"Zhong2025",2017
128,8.83673800644445,"Zhong2025",2017
129,6.46660944131705,"Zhong2025",2017
130,9.19726551593618,"Zhong2025",2017
131,14.9851842411494,"Zhong2025",2017
132,3.77037637323549,"Zhong2025",2017
133,5.3546349968641,"Zhong2025",2017
134,5.1489762822787,"Zhong2025",2017
135,1.22729289912454,"Zhong2025",2017
136,7.64982776438433,"Zhong2025",2017
137,11.3554081916809,"Zhong2025",2017
138,5.16161658634933,"Zhong2025",2017
139,4.84531208213235,"Zhong2025",2017
140,1.32660164848947,"Zhong2025",2017
141,4.46243446738369,"Zhong2025",2017
142,7.18600755479912,"Zhong2025",2017
143,0.69861322414875,"Zhong2025",2017
144,0.265549202817022,"Zhong2025",2017
145,7.81953869447526,"Zhong2025",2017
146,2.966270740424,"Zhong2025",2017
147,4.84278014563372,"Zhong2025",2017
148,0.14807290998826,"Zhong2025",2017
149,2.75541544382078,"Zhong2025",2017
150,5.46840927377343,"Zhong2025",2017
151,1.77684701820224,"Zhong2025",2017
152,0.650220998197317,"Zhong2025",2017
153,5.74842523330611,"Zhong2025",2017
154,5.59242747123664,"Zhong2025",2017
155,3.6653819408668,"Zhong2025",2017
156,0.0855031943036011,"Zhong2025",2017
157,9.64298637807369,"Zhong2025",2017
158,3.50732709870619,"Zhong2025",2017
159,5.98956036259388,"Zhong2025",2017
160,2.25488961782069,"Zhong2025",2017
161,1.37856789107851,"Zhong2025",2017
162,0.0730443643532917,"Zhong2025",2017
163,0.134232371470038,"Zhong2025",2017
164,0.520892434426256,"Zhong2025",2017
165,0.144625054444848,"Zhong2025",2017
166,0.01222314056166,"Zhong2025",2017
167,0.103130037925995,"Zhong2025",2017
168,0.0104771387428203,"Zhong2025",2017
169,0.0170501261028938,"Zhong2025",2017
170,0,"Zhong2025",2017
171,0,"Zhong2025",2017
172,0,"Zhong2025",2017
173,0.262764182367597,"Zhong2025",2017
174,0.0466433927160474,"Zhong2025",2017
175,0,"Zhong2025",2017
176,0.00501423040310106,"Zhong2025",2017
177,0.060043990319311,"Zhong2025",2017
178,0,"Zhong2025",2017
179,0,"Zhong2025",2017
180,0.0196460906833944,"Zhong2025",2017
181,0.000952016672410011,"Zhong2025",2017
182,0,"Zhong2025",2017
183,0,"Zhong2025",2017
184,0,"Zhong2025",2017
185,0,"Zhong2025",2017
186,0.0364901902816321,"Zhong2025",2017
187,0.176882974943905,"Zhong2025",2017
188,0.0230924986086607,"Zhong2025",2017
189,0.00624228492918652,"Zhong2025",2017
190,6.23950800328138,"Zhong2025",2017
191,7.22754263956453,"Zhong2025",2017
192,0.054902149954947,"Zhong2025",2017
193,0,"Zhong2025",2017
194,0.607734327780724,"Zhong2025",2017
195,3.06969149726555,"Zhong2025",2017
196,0.268912103814464,"Zhong2025",2017
197,0.447258903141718,"Zhong2025",2017
198,0.733379469517456,"Zhong2025",2017
199,0.12745060173341,"Zhong2025",2017
200,0.748521691285321,"Zhong2025",2017
201,0.0677849289812035,"Zhong2025",2017
202,0.772790535386428,"Zhong2025",2017
203,0.097667491653462,"Zhong2025",2017
204,4.04729514148597,"Zhong2025",2017
205,0.402603194718452,"Zhong2025",2017
206,3.10611747059525,"Zhong2025",2017
207,0.178203295482797,"Zhong2025",2017
208,0.149668013018379,"Zhong2025",2017
209,0.158245983511109,"Zhong2025",2017
210,0.00120645550236861,"Zhong2025",2017
211,0,"Zhong2025",2017
212,0,"Zhong2025",2017
213,0,"Zhong2025",2017
214,0,"Zhong2025",2017
215,0,"Zhong2025",2017
216,0,"Zhong2025",2017
217,0.00293002363852803,"Zhong2025",2017
218,0,"Zhong2025",2017
219,0,"Zhong2025",2017
220,0.0506963973025796,"Zhong2025",2017
221,0.0122045259175221,"Zhong2025",2017
222,0,"Zhong2025",2017
223,0,"Zhong2025",2017
224,0,"Zhong2025",2017
225,0,"Zhong2025",2017
226,0.100368891500022,"Zhong2025",2017
227,0.0115011090196741,"Zhong2025",2017
228,0.01853166245757,"Zhong2025",2017
229,0.00836667406668159,"Zhong2025",2017
230,21.1460155566731,"Zhong2025",2017
231,2.31672306465198,"Zhong2025",2017
232,4.64586398459353,"Zhong2025",2017
233,0.378169722402645,"Zhong2025",2017
234,4.60161207004597,"Zhong2025",2017
235,10.6304099253482,"Zhong2025",2017
236,3.88400662668014,"Zhong2025",2017
237,3.25976117381886,"Zhong2025",2017
238,4.62315016643241,"Zhong2025",2017
239,3.07304161526194,"Zhong2025",2017
240,16.9058432997319,"Zhong2025",2017
241,8.0529042542991,"Zhong2025",2017
242,3.21543336533941,"Zhong2025",2017
243,8.40899901654172,"Zhong2025",2017
244,1.79795602234651,"Zhong2025",2017
245,8.54738972342422,"Zhong2025",2017
246,6.38401794960633,"Zhong2025",2017
247,0.768444632484659,"Zhong2025",2017
248,10.8830887831282,"Zhong2025",2017
249,4.91460643255371,"Zhong2025",2017
250,0.35807714794042,"Zhong2025",2017
251,1.9625878446806,"Zhong2025",2017
252,7.14810362709281,"Zhong2025",2017
253,1.15896668695268,"Zhong2025",2017
254,16.7715886406979,"Zhong2025",2017
255,2.37327686210276,"Zhong2025",2017
256,4.97354929641585,"Zhong2025",2017
257,34.4998403874839,"Zhong2025",2017
258,8.15695960577144,"Zhong2025",2017
259,17.6130057562675,"Zhong2025",2017
260,30.3838012119134,"Zhong2025",2017
261,4.66416569486741,"Zhong2025",2017
262,12.9640537869614,"Zhong2025",2017
263,1.43282369276287,"Zhong2025",2017
264,18.3661343837562,"Zhong2025",2017
265,11.4950929272395,"Zhong2025",2017
266,1.81878830162952,"Zhong2025",2017
267,17.2241649396353,"Zhong2025",2017
268,4.76101307638903,"Zhong2025",2017
269,24.1353972004946,"Zhong2025",2017
270,4.49713745535381,"Zhong2025",2017
271,9.68644495970673,"Zhong2025",2017
272,7.22205113201462,"Zhong2025",2017
273,50.0795159339905,"Zhong2025",2017
274,7.74314888963633,"Zhong2025",2017
275,4.75540900007658,"Zhong2025",2017
276,17.0548569735359,"Zhong2025",2017
277,12.3928174911401,"Zhong2025",2017
278,0.594451034978711,"Zhong2025",2017
279,0.348156408102102,"Zhong2025",2017
280,8.64654162916644,"Zhong2025",2017
281,7.67457588415241,"Zhong2025",2017
282,4.91844141186851,"Zhong2025",2017
283,48.8473854689514,"Zhong2025",2017
284,5.77334895489853,"Zhong2025",2017
285,2.10612942987573,"Zhong2025",2017
286,0.545209317344551,"Zhong2025",2017
287,0.247320572322855,"Zhong2025",2017
288,0.422788805550053,"Zhong2025",2017
289,2.26256932745067,"Zhong2025",2017
290,40.4093385441288,"Zhong2025",2017
291,1.55615782556274,"Zhong2025",2017
292,20.9061753428477,"Zhong2025",2017
293,4.96200232675824,"Zhong2025",2017
294,0.277491005392221,"Zhong2025",2017
295,0.46709091667668,"Zhong2025",2017
296,0.102387495668031,"Zhong2025",2017
297,3.32551878433594,"Zhong2025",2017
298,0.291623495527912,"Zhong2025",2017
299,1.9057555968041,"Zhong2025",2017
300,15.3720732969396,"Zhong2025",2017
301,3.36033841295449,"Zhong2025",2017
302,0.678113427122705,"Zhong2025",2017
303,21.4436927556992,"Zhong2025",2017
304,1.56876897334081,"Zhong2025",2017
305,0.105591507435154,"Zhong2025",2017
306,2.6241525097481,"Zhong2025",2017
307,1.49198927523554,"Zhong2025",2017
308,2.57601294519878,"Zhong2025",2017
309,0.719068618745608,"Zhong2025",2017
310,2.85273212976037,"Zhong2025",2017
311,0.854826365354765,"Zhong2025",2017
312,6.31083075008045,"Zhong2025",2017
313,0.787674500070044,"Zhong2025",2017
314,4.74698511731408,"Zhong2025",2017
315,0.234873882808278,"Zhong2025",2017
316,0.179261166602373,"Zhong2025",2017
317,1.45267707986477,"Zhong2025",2017
318,2.43556509681672,"Zhong2025",2017
319,6.38454057002478,"Zhong2025",2017
320,3.13209231235553,"Zhong2025",2017
321,0.579121095914714,"Zhong2025",2017
322,4.20060184813052,"Zhong2025",2017
323,6.33130669844376,"Zhong2025",2017
324,1.46435874205872,"Zhong2025",2017
325,0.663970929470515,"Zhong2025",2017
326,18.2374170918143,"Zhong2025",2017
327,3.66746411355059,"Zhong2025",2017
328,2.89834529794918,"Zhong2025",2017
329,9.34815658675959,"Zhong2025",2017
330,1.71811599788642,"Zhong2025",2017
331,7.35464666890049,"Zhong2025",2017
332,48.4689103841782,"Zhong2025",2017
333,3.61705696971122,"Zhong2025",2017
334,0.760796058166519,"Zhong2025",2017
335,5.98192701019624,"Zhong2025",2017
336,10.1991727641239,"Zhong2025",2017
337,50.1083104574858,"Zhong2025",2017
338,3.42272978829055,"Zhong2025",2017
339,2.2602165977678,"Zhong2025",2017
340,4.00999191665323,"Zhong2025",2017
341,9.60799507175883,"Zhong2025",2017
342,2.22080144701006,"Zhong2025",2017
343,1.63434357866168,"Zhong2025",2017
344,2.08019793250118,"Zhong2025",2017
345,9.66901061292023,"Zhong2025",2017
346,5.90581239999333,"Zhong2025",2017
347,3.88781474086672,"Zhong2025",2017
348,0.609741400633203,"Zhong2025",2017
349,0.875982959890938,"Zhong2025",2017
350,0.720537246306237,"Zhong2025",2017
351,21.0012189456395,"Zhong2025",2017
352,0.378483423526492,"Zhong2025",2017
353,9.35888776696119,"Zhong2025",2017
354,1.34847281736549,"Zhong2025",2017
355,3.47295546750526,"Zhong2025",2017
356,0.856071920330428,"Zhong2025",2017
357,11.0155246014625,"Zhong2025",2017
358,0.668924181441673,"Zhong2025",2017
359,2.04437385038317,"Zhong2025",2017
360,2.03427979005156,"Zhong2025",2017
361,13.5357632137476,"Zhong2025",2017
362,0.744092376828785,"Zhong2025",2017
363,1.68218256207989,"Zhong2025",2017
364,0.457875197985142,"Zhong2025",2017
365,2.07475001494415,"Zhong2025",2017
366,0.486740259941013,"Zhong2025",2017
367,50.0049050862973,"Zhong2025",2017
368,18.8036790376507,"Zhong2025",2017
369,0.859161143653063,"Zhong2025",2017
370,5.05676701736769,"Zhong2025",2017
371,3.02884175315119,"Zhong2025",2017
372,1.10688437776051,"Zhong2025",2017
373,6.13316022526277,"Zhong2025",2017
374,0.215149315285105,"Zhong2025",2017
375,12.6387146183199,"Zhong2025",2017
376,5.68809005839543,"Zhong2025",2017
377,0.508092107048703,"Zhong2025",2017
378,0.407127313291267,"Zhong2025",2017
379,0.664956486097978,"Zhong2025",2017
380,0.0172274339012802,"Zhong2025",2017
381,10.1944368321449,"Zhong2025",2017
382,27.4212578838154,"Zhong2025",2017
383,0.858724499153502,"Zhong2025",2017
384,1.23640735198784,"Zhong2025",2017
385,12.4447307342198,"Zhong2025",2017
386,10.4152155816555,"Zhong2025",2017
387,30.8449450177806,"Zhong2025",2017
388,4.33159466935583,"Zhong2025",2017
389,3.23450695976083,"Zhong2025",2017
390,62.8499296188354,"Zhong2025",2017
391,4.20998024077169,"Zhong2025",2017
392,11.0528180480989,"Zhong2025",2017
393,7.85184654150572,"Zhong2025",2017
394,33.8760401485888,"Zhong2025",2017
395,2.62623446689002,"Zhong2025",2017
396,3.06027465386946,"Zhong2025",2017
397,1.95281320807432,"Zhong2025",2017
398,40.6546462882649,"Zhong2025",2017
399,0.108897753018472,"Zhong2025",2017
400,0.204713230199978,"Zhong2025",2017
401,0.393058144602729,"Zhong2025",2017
402,0.225705474050242,"Zhong2025",2017
403,0,"Zhong2025",2017
404,0,"Zhong2025",2017
405,7.96730544156994,"Zhong2025",2017
406,0.0201835384820073,"Zhong2025",2017
407,0.797206037826443,"Zhong2025",2017
408,0.14600199961487,"Zhong2025",2017
409,0,"Zhong2025",2017
410,0.233354705255226,"Zhong2025",2017
411,0,"Zhong2025",2017
412,0.1409343589018,"Zhong2025",2017
413,0.00473986669501692,"Zhong2025",2017
414,0,"Zhong2025",2017
415,0.150441186115108,"Zhong2025",2017
416,0,"Zhong2025",2017
417,0.34076554170725,"Zhong2025",2017
418,0.500538342590877,"Zhong2025",2017
419,0.222516214883699,"Zhong2025",2017
420,0,"Zhong2025",2017
421,0.121531636598676,"Zhong2025",2017
422,0.0122744055588002,"Zhong2025",2017
423,0.023616139453204,"Zhong2025",2017
424,0,"Zhong2025",2017
425,0,"Zhong2025",2017
426,0.0818884677131369,"Zhong2025",2017
427,0.0108151844354591,"Zhong2025",2017
428,0.0087288009402853,"Zhong2025",2017
429,0.395030408038846,"Zhong2025",2017
430,0.240636692735131,"Zhong2025",2017
431,0.0667151853515347,"Zhong2025",2017
432,0.013136255054752,"Zhong2025",2017
433,0.251993285261391,"Zhong2025",2017
434,0.0355455313141238,"Zhong2025",2017
435,1.3219719432499,"Zhong2025",2017
436,0.626879125764313,"Zhong2025",2017
437,3.799416891592,"Zhong2025",2017
438,0.673463966363203,"Zhong2025",2017
439,1.13906911721737,"Zhong2025",2017
440,0.589074099471301,"Zhong2025",2017
441,15.3871042481653,"Zhong2025",2017
442,2.04961691376737,"Zhong2025",2017
443,5.66016775596716,"Zhong2025",2017
444,4.82789470611661,"Zhong2025",2017
445,6.31624303664032,"Zhong2025",2017
446,3.10511440527398,"Zhong2025",2017
447,4.41366403453884,"Zhong2025",2017
448,1.2100338772666,"Zhong2025",2017
449,7.61060383139235,"Zhong2025",2017
450,1.16271986897331,"Zhong2025",2017
451,2.38979039930817,"Zhong2025",2017
452,1.16578516279245,"Zhong2025",2017
453,0.252336434746554,"Zhong2025",2017
454,8.88394613493056,"Zhong2025",2017
455,5.07364890442242,"Zhong2025",2017
456,10.5266691755165,"Zhong2025",2017
457,10.0753877455622,"Zhong2025",2017
458,2.98544815986506,"Zhong2025",2017
459,2.93582873859936,"Zhong2025",2017
460,1.19796175324186,"Zhong2025",2017
461,4.30258559203779,"Zhong2025",2017
462,10.0826917105708,"Zhong2025",2017
463,1.23674807083918,"Zhong2025",2017
464,2.31119383619777,"Zhong2025",2017
465,1.05367529779372,"Zhong2025",2017
466,0.404148452677643,"Zhong2025",2017
467,58.3368215909818,"Zhong2025",2017
468,23.6924146295504,"Zhong2025",2017
469,14.2635218302409,"Zhong2025",2017
470,9.48675364918179,"Zhong2025",2017
471,37.4058355331421,"Zhong2025",2017
472,9.28026910651414,"Zhong2025",2017
473,8.5082732807224,"Zhong2025",2017
474,37.0820735784677,"Zhong2025",2017
475,7.98493521357988,"Zhong2025",2017
476,15.0148415443849,"Zhong2025",2017
477,3.31064950186349,"Zhong2025",2017
478,16.8879615893731,"Zhong2025",2017
479,8.7213666526036,"Zhong2025",2017
480,40.7277222951253,"Zhong2025",2017
481,7.6762342402536,"Zhong2025",2017
482,37.0410096188809,"Zhong2025",2017
483,12.1894690838266,"Zhong2025",2017
484,8.50121231675148,"Zhong2025",2017
485,23.1835910151987,"Zhong2025",2017
486,56.7572908548208,"Zhong2025",2017
487,13.4632371564706,"Zhong2025",2017
488,12.5829387542529,"Zhong2025",2017
489,9.91493531717704,"Zhong2025",2017
490,27.5392131399541,"Zhong2025",2017
491,0.130981733495614,"Zhong2025",2017
492,0.440062019742609,"Zhong2025",2017
493,0.650982684252684,"Zhong2025",2017
494,9.27162812701894,"Zhong2025",2017
495,5.10074681127605,"Zhong2025",2017
496,0.391416779975508,"Zhong2025",2017
497,4.28230719141253,"Zhong2025",2017
498,1.48981469031046,"Zhong2025",2017
499,12.3780363988028,"Zhong2025",2017
500,0.969771784654982,"Zhong2025",2017
501,11.9386914130096,"Zhong2025",2017
502,2.87248344778602,"Zhong2025",2017
503,1.06199755811094,"Zhong2025",2017
504,1.58922492597945,"Zhong2025",2017
505,5.73267927826733,"Zhong2025",2017
506,1.68156728576627,"Zhong2025",2017
507,4.51266788722889,"Zhong2025",2017
508,0,"Zhong2025",2017
509,2.21621166416303,"Zhong2025",2017
510,0.468106952209662,"Zhong2025",2017
511,0.0499861611522177,"Zhong2025",2017
512,0.194567049454184,"Zhong2025",2017
513,0.705063922247497,"Zhong2025",2017
514,0.469778738897039,"Zhong2025",2017
515,10.0764996118324,"Zhong2025",2017
516,8.28820465532216,"Zhong2025",2017
517,2.78229144686201,"Zhong2025",2017
518,0.143973489623034,"Zhong2025",2017
519,3.01293396844644,"Zhong2025",2017
520,1.03709311536671,"Zhong2025",2017
521,0.294791203377305,"Zhong2025",2017
522,7.59767683303159,"Zhong2025",2017
523,12.5296453968879,"Zhong2025",2017
524,0.381605867268269,"Zhong2025",2017
525,0.0982376767771801,"Zhong2025",2017
526,4.69854769213955,"Zhong2025",2017
527,4.03369154258822,"Zhong2025",2017
528,0.264989601356196,"Zhong2025",2017
529,24.8615964242857,"Zhong2025",2017
530,16.1583586513848,"Zhong2025",2017
531,8.77059223885472,"Zhong2025",2017
532,1.83991428246503,"Zhong2025",2017
533,1.68665770284544,"Zhong2025",2017
534,3.73548900377817,"Zhong2025",2017
535,0.63455421543105,"Zhong2025",2017
536,3.69124088968762,"Zhong2025",2017
537,2.31567418489123,"Zhong2025",2017
538,2.28305174834072,"Zhong2025",2017
539,5.73398791871615,"Zhong2025",2017
540,4.06072905470996,"Zhong2025",2017
541,5.40768819443787,"Zhong2025",2017
542,2.50349009517947,"Zhong2025",2017
543,10.2306025511053,"Zhong2025",2017
544,3.53503491964242,"Zhong2025",2017
545,1.97208332633958,"Zhong2025",2017
546,2.70459289727586,"Zhong2025",2017
547,3.11081397550649,"Zhong2025",2017
548,3.28868359938026,"Zhong2025",2017
549,1.86483959038449,"Zhong2025",2017
550,1.97928013570617,"Zhong2025",2017
551,3.30712046398085,"Zhong2025",2017
552,2.11570952432016,"Zhong2025",2017
553,4.19041915009668,"Zhong2025",2017
554,2.48055413754512,"Zhong2025",2017
555,0.764919006556226,"Zhong2025",2017
556,4.54748670499443,"Zhong2025",2017
557,6.10769750276574,"Zhong2025",2017
558,8.74764985706573,"Zhong2025",2017
559,5.03084046065453,"Zhong2025",2017
560,2.34566935058683,"Zhong2025",2017
561,6.77009113894623,"Zhong2025",2017
562,17.2608139045141,"Zhong2025",2017
563,5.57938910187096,"Zhong2025",2017
564,2.71173083308832,"Zhong2025",2017
565,6.70697558240416,"Zhong2025",2017
566,1.57621756175853,"Zhong2025",2017
567,8.42068649112857,"Zhong2025",2017
568,1.01854528364546,"Zhong2025",2017
569,2.8916773796183,"Zhong2025",2017
570,0.349958604157765,"Zhong2025",2017
571,3.61024979210337,"Zhong2025",2017
572,1.48545590921096,"Zhong2025",2017
573,2.27267305913107,"Zhong2025",2017
574,1.63358575212599,"Zhong2025",2017
575,1.68156534783935,"Zhong2025",2017
576,6.40524859201684,"Zhong2025",2017
577,0.688338894075082,"Zhong2025",2017
578,3.37599932461852,"Zhong2025",2017
579,2.14655340670072,"Zhong2025",2017
580,4.45337160013634,"Zhong2025",2017
581,2.04773927418801,"Zhong2025",2017
582,0.754333627620094,"Zhong2025",2017
583,0.328846073409511,"Zhong2025",2017
584,1.46476327744251,"Zhong2025",2017
585,1.45039856587693,"Zhong2025",2017
586,1.55890946346327,"Zhong2025",2017
587,1.67930362883844,"Zhong2025",2017
588,0.302545591821543,"Zhong2025",2017
589,5.41344254142836,"Zhong2025",2017
590,1.70643681173982,"Zhong2025",2017
591,4.06836509669786,"Zhong2025",2017
592,0.812965195364825,"Zhong2025",2017
593,0.647663922120745,"Zhong2025",2017
594,8.9562864475879,"Zhong2025",2017
595,1.39747243424129,"Zhong2025",2017
596,0.321858667696707,"Zhong2025",2017
597,9.8639109424245,"Zhong2025",2017
598,1.36588121235285,"Zhong2025",2017
599,3.78342571786762,"Zhong2025",2017
600,1.65522016779894,"Zhong2025",2017
601,5.0145181265024,"Zhong2025",2017
602,1.9789103999882,"Zhong2025",2017
603,24.844697615196,"Zhong2025",2017
604,3.41541755966404,"Zhong2025",2017
605,1.31318472635977,"Zhong2025",2017
606,6.42795751706141,"Zhong2025",2017
607,10.2875457375351,"Zhong2025",2017
608,21.1270385424296,"Zhong2025",2017
609,4.14087564361164,"Zhong2025",2017
610,1.40372238514954,"Zhong2025",2017
611,2.70836166026491,"Zhong2025",2017
612,0.322187782818219,"Zhong2025",2017
613,2.90066865093605,"Zhong2025",2017
614,7.87162939256283,"Zhong2025",2017
615,0.552606980709341,"Zhong2025",2017
616,4.47777359207236,"Zhong2025",2017
617,5.85979572551973,"Zhong2025",2017
618,13.8278064280748,"Zhong2025",2017
619,0.664449487280717,"Zhong2025",2017
620,7.9168609430566,"Zhong2025",2017
621,2.44963518552637,"Zhong2025",2017
622,2.42445700663119,"Zhong2025",2017
623,6.45200847761108,"Zhong2025",2017
624,4.17272469225001,"Zhong2025",2017
625,0.480403743882974,"Zhong2025",2017
626,6.32124097392106,"Zhong2025",2017
627,9.12883936391264,"Zhong2025",2017
628,13.3066774267764,"Zhong2025",2017
629,44.2149731318156,"Zhong2025",2017
630,14.8507744747659,"Zhong2025",2017
631,0.780804335272037,"Zhong2025",2017
632,0.056238343368387,"Zhong2025",2017
633,0.0378592608773817,"Zhong2025",2017
634,2.2226847368763,"Zhong2025",2017
635,0.541143082855124,"Zhong2025",2017
636,3.2219759175746,"Zhong2025",2017
637,0.343047327317643,"Zhong2025",2017
638,34.7904384583235,"Zhong2025",2017
639,2.00893457819738,"Zhong2025",2017
640,0.671143538583997,"Zhong2025",2017
641,2.80025895095545,"Zhong2025",2017
642,2.01710691805225,"Zhong2025",2017
643,0.976202406990711,"Zhong2025",2017
644,1.10057231718231,"Zhong2025",2017
645,1.1943659194655,"Zhong2025",2017
646,9.97872367092207,"Zhong2025",2017
647,0.928615248432526,"Zhong2025",2017
648,0.793972524712567,"Zhong2025",2017
649,19.8817479106096,"Zhong2025",2017
650,4.49954988480902,"Zhong2025",2017
651,0.149228122108911,"Zhong2025",2017
652,4.7537822564119,"Zhong2025",2017
653,1.23563377234758,"Zhong2025",2017
654,14.7981876381405,"Zhong2025",2017
655,0.172513638301329,"Zhong2025",2017
656,1.20454305233322,"Zhong2025",2017
657,7.54781178708346,"Zhong2025",2017
658,7.51177825421716,"Zhong2025",2017
659,6.95030769618688,"Zhong2025",2017
660,0,"Zhong2025",2017
661,24.3059302503544,"Zhong2025",2017
662,0.0873908724204362,"Zhong2025",2017
663,1.25275063086301,"Zhong2025",2017
664,0.0204951949417591,"Zhong2025",2017
665,0.988468139638128,"Zhong2025",2017
666,1.67468178174776,"Zhong2025",2017
667,0.0696441344066651,"Zhong2025",2017
668,4.40357340649329,"Zhong2025",2017
669,0.807136037246475,"Zhong2025",2017
670,0.246855315267218,"Zhong2025",2017
671,2.76993608232706,"Zhong2025",2017
672,19.3750468920251,"Zhong2025",2017
673,6.12650129463403,"Zhong2025",2017
674,1.80535328039597,"Zhong2025",2017
675,8.02187420937809,"Zhong2025",2017
676,4.00923167222312,"Zhong2025",2017
677,0.345691708306659,"Zhong2025",2017
678,1.37743355927092,"Zhong2025",2017
679,9.98018640695616,"Zhong2025",2017
680,5.67730921645497,"Zhong2025",2017
681,4.3342885521466,"Zhong2025",2017
682,0.253145565895625,"Zhong2025",2017
683,14.6495723622642,"Zhong2025",2017
684,1.13228717297909,"Zhong2025",2017
685,1.45896531646586,"Zhong2025",2017
686,9.1002614228545,"Zhong2025",2017
687,8.35726741084869,"Zhong2025",2017
688,1.08805653481218,"Zhong2025",2017
689,2.16476515615641,"Zhong2025",2017
690,3.97598860541294,"Zhong2025",2017
691,2.2251986838722,"Zhong2025",2017
692,17.0657750798596,"Zhong2025",2017
693,2.43325494059648,"Zhong2025",2017
694,8.67330785478864,"Zhong2025",2017
695,5.05265176196893,"Zhong2025",2017
696,0.514123009976701,"Zhong2025",2017
697,9.51145005665887,"Zhong2025",2017
698,0.595568920379743,"Zhong2025",2017
699,0.0555981890786262,"Zhong2025",2017
700,3.24789633661922,"Zhong2025",2017
701,0.882200091519928,"Zhong2025",2017
702,6.23236512576324,"Zhong2025",2017
703,6.55954034704436,"Zhong2025",2017
704,16.3405960921583,"Zhong2025",2017
705,1.81268251502951,"Zhong2025",2017
706,37.2546289318898,"Zhong2025",2017
707,2.7317190522195,"Zhong2025",2017
708,11.4454064109023,"Zhong2025",2017
709,0.249234834838659,"Zhong2025",2017
710,5.21292743755793,"Zhong2025",2017
711,0.54112235678259,"Zhong2025",2017
712,10.273210117634,"Zhong2025",2017
713,0.0953517005750627,"Zhong2025",2017
714,4.79608361513876,"Zhong2025",2017
715,0.350564063331356,"Zhong2025",2017
716,0.223901720048599,"Zhong2025",2017
717,2.55484118929147,"Zhong2025",2017
718,4.9463216088938,"Zhong2025",2017
719,3.03568940521317,"Zhong2025",2017
720,0.117861673095976,"Zhong2025",2017
721,2.69660137221217,"Zhong2025",2017
722,9.93372383713722,"Zhong2025",2017
723,14.6860183291353,"Zhong2025",2017
724,0.218391241230395,"Zhong2025",2017
725,4.78643207615356,"Zhong2025",2017
726,0.266787482355674,"Zhong2025",2017
727,1.00045893066205,"Zhong2025",2017
728,3.27154959494679,"Zhong2025",2017
729,0.601485078245655,"Zhong2025",2017
730,4.86161251345151,"Zhong2025",2017
731,0.647893173710966,"Zhong2025",2017
732,11.0577513952222,"Zhong2025",2017
733,4.73923129523978,"Zhong2025",2017
734,1.19491676100352,"Zhong2025",2017
735,1.0324785546823,"Zhong2025",2017
736,3.89634912703482,"Zhong2025",2017
737,4.31666967921592,"Zhong2025",2017
738,7.41434015154839,"Zhong2025",2017
739,3.65150846904822,"Zhong2025",2017
740,22.1792429010073,"Zhong2025",2017
741,0.51680262333477,"Zhong2025",2017
742,4.90698268647221,"Zhong2025",2017
743,10.056675280465,"Zhong2025",2017
744,1.73572456769578,"Zhong2025",2017
745,4.5846210470859,"Zhong2025",2017
746,2.42291617420717,"Zhong2025",2017
747,19.58861741971,"Zhong2025",2017
748,3.48557596573872,"Zhong2025",2017
749,1.80791686141962,"Zhong2025",2017
750,3.27704355750086,"Zhong2025",2017
751,0.959089442725397,"Zhong2025",2017
752,20.5748515000214,"Zhong2025",2017
753,1.22851888451987,"Zhong2025",2017
754,1.1336432232939,"Zhong2025",2017
755,4.99016968975234,"Zhong2025",2017
756,6.6210305795864,"Zhong2025",2017
757,0.313903877628036,"Zhong2025",2017
758,0.156713469355608,"Zhong2025",2017
759,0.402897620970203,"Zhong2025",2017
760,0.187434664882105,"Zhong2025",2017
761,12.8370884727029,"Zhong2025",2017
762,16.5463901896809,"Zhong2025",2017
763,12.794372227102,"Zhong2025",2017
764,11.5075897894015,"Zhong2025",2017
765,1.5492089901595,"Zhong2025",2017
766,5.63210856984369,"Zhong2025",2017
767,15.1098880313692,"Zhong2025",2017
768,0.25158464610913,"Zhong2025",2017
769,16.2152494021824,"Zhong2025",2017
770,54.4597387140447,"Zhong2025",2017
771,0.673787217170287,"Zhong2025",2017
772,10.6540930576814,"Zhong2025",2017
773,1.99147744406016,"Zhong2025",2017
774,0.726249227681048,"Zhong2025",2017
775,12.3579104351692,"Zhong2025",2017
776,9.96037861821764,"Zhong2025",2017
777,6.35614800193303,"Zhong2025",2017
778,15.5402274678615,"Zhong2025",2017
779,55.1398820392156,"Zhong2025",2017
780,8.76116909189471,"Zhong2025",2017
781,19.7424164438635,"Zhong2025",2017
782,0.731910736835562,"Zhong2025",2017
783,31.0362864846275,"Zhong2025",2017
784,1.53487182929344,"Zhong2025",2017
785,3.55036709710032,"Zhong2025",2017
786,54.990759008071,"Zhong2025",2017
787,6.25688738555434,"Zhong2025",2017
788,0.0204112091182191,"Zhong2025",2017
789,28.6555032508318,"Zhong2025",2017
790,0.748424331920269,"Zhong2025",2017
791,0.48782811701651,"Zhong2025",2017
792,14.2957931268411,"Zhong2025",2017
793,9.11981781837013,"Zhong2025",2017
794,4.5138796921262,"Zhong2025",2017
795,8.94233278194022,"Zhong2025",2017
796,2.39120728469321,"Zhong2025",2017
797,6.53705973361633,"Zhong2025",2017
798,8.02158836108535,"Zhong2025",2017
799,4.01763939650344,"Zhong2025",2017
800,0.137059245894547,"Zhong2025",2017
801,1.08141609601518,"Zhong2025",2017
802,0.938110163845909,"Zhong2025",2017
803,21.7386346743051,"Zhong2025",2017
804,18.5012991607189,"Zhong2025",2017
805,2.78335885916437,"Zhong2025",2017
806,0.4182389548651,"Zhong2025",2017
807,10.3286712397764,"Zhong2025",2017
808,7.28115182939,"Zhong2025",2017
809,1.51803790122865,"Zhong2025",2017
810,44.6791455338641,"Zhong2025",2017
811,1.80847180107542,"Zhong2025",2017
812,0.273366233293501,"Zhong2025",2017
813,8.53835847305841,"Zhong2025",2017
814,14.0278513935896,"Zhong2025",2017
815,12.518817873951,"Zhong2025",2017
816,1.86887036801005,"Zhong2025",2017
817,4.76365139792363,"Zhong2025",2017
818,0.430054464747035,"Zhong2025",2017
819,2.97906947590991,"Zhong2025",2017
820,0,"Zhong2025",2017
821,8.37407520574492,"Zhong2025",2017
822,0.360632595126982,"Zhong2025",2017
823,4.44601878482773,"Zhong2025",2017
824,3.71753212344074,"Zhong2025",2017
825,0.526093330802955,"Zhong2025",2017
826,4.36878529654461,"Zhong2025",2017
827,4.13820216580205,"Zhong2025",2017
828,6.50294500308541,"Zhong2025",2017
829,9.95782576799393,"Zhong2025",2017
830,22.1483447463424,"Zhong2025",2017
831,19.7334824622946,"Zhong2025",2017
832,1.9807867794226,"Zhong2025",2017
833,0.206964074075222,"Zhong2025",2017
834,10.3653968326629,"Zhong2025",2017
835,11.4717294519598,"Zhong2025",2017
836,11.6256497362566,"Zhong2025",2017
837,17.3258374158074,"Zhong2025",2017
838,8.1024895180382,"Zhong2025",2017
839,37.6790509466398,"Zhong2025",2017
840,11.7833738111637,"Zhong2025",2017
841,11.1055887548668,"Zhong2025",2017
842,3.37995227118512,"Zhong2025",2017
843,4.51844443894555,"Zhong2025",2017
844,9.66827322858753,"Zhong2025",2017
845,26.79732244226,"Zhong2025",2017
846,5.04084018183541,"Zhong2025",2017
847,17.3378536612899,"Zhong2025",2017
848,38.4521603349779,"Zhong2025",2017
849,13.8867128935125,"Zhong2025",2017
850,1.51124630354602,"Zhong2025",2017
851,8.67543440694983,"Zhong2025",2017
852,47.4194826761882,"Zhong2025",2017
853,0.342606861340372,"Zhong2025",2017
854,0.393748934589748,"Zhong2025",2017
855,11.5943844941285,"Zhong2025",2017
856,16.5795568892801,"Zhong2025",2017
857,2.52537663892855,"Zhong2025",2017
858,2.29230548688283,"Zhong2025",2017
859,1.12929156702012,"Zhong2025",2017
860,4.49715494293056,"Zhong2025",2017
861,0.20998423387573,"Zhong2025",2017
862,6.13690047590678,"Zhong2025",2017
863,13.688911036772,"Zhong2025",2017
864,8.50901512711547,"Zhong2025",2017
865,0.150860003080219,"Zhong2025",2017
866,14.4550496117543,"Zhong2025",2017
867,21.81759145841,"Zhong2025",2017
868,11.4692314548807,"Zhong2025",2017
869,12.8967504492045,"Zhong2025",2017
870,0.750410155631918,"Zhong2025",2017
871,0.211875485171297,"Zhong2025",2017
872,4.45415820960902,"Zhong2025",2017
873,0.16441514350866,"Zhong2025",2017
874,0.649392819441855,"Zhong2025",2017
875,0.302698668397139,"Zhong2025",2017
876,7.55313152666603,"Zhong2025",2017
877,0.430338455135362,"Zhong2025",2017
878,3.82967972560213,"Zhong2025",2017
879,5.18903413201809,"Zhong2025",2017
880,1.82387209213157,"Zhong2025",2017
881,0.0693448609589333,"Zhong2025",2017
882,1.01344464093616,"Zhong2025",2017
883,1.61812014798268,"Zhong2025",2017
884,1.24782284115199,"Zhong2025",2017
885,0.941323401890118,"Zhong2025",2017
886,23.8299502215831,"Zhong2025",2017
887,1.84110100343022,"Zhong2025",2017
888,1.28699244228715,"Zhong2025",2017
889,6.76479796310988,"Zhong2025",2017
890,6.20552527137574,"Zhong2025",2017
891,1.6205609295538,"Zhong2025",2017
892,4.23786016232631,"Zhong2025",2017
893,2.80874469214016,"Zhong2025",2017
894,0.824059479505628,"Zhong2025",2017
895,0.560795267207575,"Zhong2025",2017
896,16.9093977802112,"Zhong2025",2017
897,1.75497936352268,"Zhong2025",2017
898,0.477820942446869,"Zhong2025",2017
899,1.35538394221508,"Zhong2025",2017
900,0.406007476976854,"Zhong2025",2017
901,26.6285296210436,"Zhong2025",2017
902,0.204221316839916,"Zhong2025",2017
903,0.867172483898902,"Zhong2025",2017
904,0.365959554334878,"Zhong2025",2017
905,0.644867313028528,"Zhong2025",2017
906,1.39065231986336,"Zhong2025",2017
907,0.66351829854587,"Zhong2025",2017
908,0.166182476247133,"Zhong2025",2017
909,23.2197683845349,"Zhong2025",2017
910,16.263078933046,"Zhong2025",2017
911,12.9682951665703,"Zhong2025",2017
912,2.93990093711188,"Zhong2025",2017
913,2.98020489115392,"Zhong2025",2017
914,8.85032350800096,"Zhong2025",2017
915,1.0035992451564,"Zhong2025",2017
916,1.3492719382283,"Zhong2025",2017
917,0.097604307268971,"Zhong2025",2017
918,1.50098710156003,"Zhong2025",2017
919,2.37103272615156,"Zhong2025",2017
920,1.48902841754382,"Zhong2025",2017
921,10.1260565231163,"Zhong2025",2017
922,3.74346282381032,"Zhong2025",2017
923,0.116803144327859,"Zhong2025",2017
924,0.0399739723172524,"Zhong2025",2017
925,0.615830844776197,"Zhong2025",2017
926,0.319142004801175,"Zhong2025",2017
927,0.273191762697641,"Zhong2025",2017
928,0.204681015360094,"Zhong2025",2017
929,0.0971822954770722,"Zhong2025",2017
930,6.19690952208762,"Zhong2025",2017
931,1.35088197263442,"Zhong2025",2017
932,0.355905831008423,"Zhong2025",2017
933,0.0117147270782245,"Zhong2025",2017
934,0.442109228990756,"Zhong2025",2017
935,0.10927497319623,"Zhong2025",2017
936,0.0675017166655049,"Zhong2025",2017
937,0.00526162677691862,"Zhong2025",2017
938,0.826027318938094,"Zhong2025",2017
939,11.4989658297629,"Zhong2025",2017
940,6.75184181754069,"Zhong2025",2017
941,1.3058279819301,"Zhong2025",2017
942,3.0737441273179,"Zhong2025",2017
943,0.820465655272827,"Zhong2025",2017
944,0.966523048399976,"Zhong2025",2017
945,0.498804760034584,"Zhong2025",2017
946,2.23397863337495,"Zhong2025",2017
947,1.06763185117582,"Zhong2025",2017
948,1.34707304424409,"Zhong2025",2017
949,8.49996151781572,"Zhong2025",2017
950,7.41300178535315,"Zhong2025",2017
951,1.2023687177141,"Zhong2025",2017
952,2.4527277594944,"Zhong2025",2017
953,8.13257518356344,"Zhong2025",2017
954,9.04756316243473,"Zhong2025",2017
955,0.651173755219934,"Zhong2025",2017
956,0.513144782576821,"Zhong2025",2017
957,0.785864751972777,"Zhong2025",2017
958,0.745047981739044,"Zhong2025",2017
959,0.874160191022096,"Zhong2025",2017
960,6.33312109651489,"Zhong2025",2017
961,2.50662726816629,"Zhong2025",2017
962,0.658725038602845,"Zhong2025",2017
963,4.2960042047406,"Zhong2025",2017
964,1.12998498214641,"Zhong2025",2017
965,10.0946160832148,"Zhong2025",2017
966,6.19023718577502,"Zhong2025",2017
967,4.33711830611868,"Zhong2025",2017
968,0.0161030298689953,"Zhong2025",2017
969,5.65673211630719,"Zhong2025",2017
970,0.384153252510255,"Zhong2025",2017
971,3.57371044353126,"Zhong2025",2017
972,1.17340361885802,"Zhong2025",2017
973,6.90736166880194,"Zhong2025",2017
974,2.49029219847518,"Zhong2025",2017
975,0.540979998381955,"Zhong2025",2017
976,0.328382239830268,"Zhong2025",2017
977,0.0730772611164188,"Zhong2025",2017
978,4.18734935192423,"Zhong2025",2017
979,17.7625606108685,"Zhong2025",2017
980,7.38412073357324,"Zhong2025",2017
981,12.8760826822198,"Zhong2025",2017
982,3.40444446773946,"Zhong2025",2017
983,4.25370332861648,"Zhong2025",2017
984,6.11542995240953,"Zhong2025",2017
985,1.53597903898221,"Zhong2025",2017
986,0.328057153939004,"Zhong2025",2017
987,0.389112245748963,"Zhong2025",2017
988,0.375334503162686,"Zhong2025",2017
989,1.04263744496155,"Zhong2025",2017
990,1.38886740884243,"Zhong2025",2017
991,0.0393561898204296,"Zhong2025",2017
992,2.22379237347209,"Zhong2025",2017
993,0.646185379631538,"Zhong2025",2017
994,0.7380162687275,"Zhong2025",2017
995,1.04371887662365,"Zhong2025",2017
996,2.59135939169723,"Zhong2025",2017
997,5.85556724267721,"Zhong2025",2017
998,0.752201674570058,"Zhong2025",2017
999,3.78331434149896,"Zhong2025",2017
1000,15.4091896341259,"Zhong2025",2017
1001,0.182138679721794,"Zhong2025",2017
1002,4.56142510390944,"Zhong2025",2017
1003,0.198607204733668,"Zhong2025",2017
1004,2.63785076592982,"Zhong2025",2017
1005,0.492046063664568,"Zhong2025",2017
1006,0,"Zhong2025",2017
1007,0.834506948148534,"Zhong2025",2017
1008,13.0478515925783,"Zhong2025",2017
1009,1.20079751898352,"Zhong2025",2017
1010,0.0194013473630386,"Zhong2025",2017
1011,0.617103073309409,"Zhong2025",2017
1012,2.61103388666834,"Zhong2025",2017
1013,2.12066220939159,"Zhong2025",2017
1014,1.79343460278928,"Zhong2025",2017
1015,2.24706788933788,"Zhong2025",2017
1016,5.37372054238557,"Zhong2025",2017
1017,1.91659790480757,"Zhong2025",2017
1018,1.45672796933024,"Zhong2025",2017
1019,0.39194739457619,"Zhong2025",2017
1020,0.31728358036043,"Zhong2025",2017
1021,0.101022854222347,"Zhong2025",2017
1022,8.30272374603393,"Zhong2025",2017
1023,7.79055341126841,"Zhong2025",2017
1024,0,"Zhong2025",2017
1025,12.6878310149086,"Zhong2025",2017
1026,1.9503953872718,"Zhong2025",2017
1027,0.375307380918904,"Zhong2025",2017
1028,0.386392530448065,"Zhong2025",2017
1029,1.61597135262192,"Zhong2025",2017
1030,1.36679116052434,"Zhong2025",2017
1031,0.188052719399145,"Zhong2025",2017
1032,3.04826268215071,"Zhong2025",2017
1033,3.12582981119216,"Zhong2025",2017
1034,3.36831758239052,"Zhong2025",2017
1035,11.070388685193,"Zhong2025",2017
1036,4.66471918880996,"Zhong2025",2017
1037,0.207564166638418,"Zhong2025",2017
1038,1.33127449400931,"Zhong2025",2017
1039,0.834797203720644,"Zhong2025",2017
1040,0.0602429642432555,"Zhong2025",2017
1041,2.70149637348877,"Zhong2025",2017
1042,0.0904677292067331,"Zhong2025",2017
1043,0.487516967962055,"Zhong2025",2017
1044,0.737409205526144,"Zhong2025",2017
1045,0.0519409071476687,"Zhong2025",2017
1046,1.28387333778664,"Zhong2025",2017
1047,1.16321473771876,"Zhong2025",2017
1048,0.28186686235158,"Zhong2025",2017
1049,0.107061257212482,"Zhong2025",2017
1050,0.393838721658621,"Zhong2025",2017
1051,0.905937944723025,"Zhong2025",2017
1052,1.13842243787793,"Zhong2025",2017
1053,2.5438901795794,"Zhong2025",2017
1054,6.03935239464045,"Zhong2025",2017
1055,0.375113448340123,"Zhong2025",2017
1056,0.596369634521134,"Zhong2025",2017
1057,15.1321634687877,"Zhong2025",2017
1058,42.229223750462,"Zhong2025",2017
1059,0.418206935791307,"Zhong2025",2017
1060,0.168982856164803,"Zhong2025",2017
1061,13.848995439088,"Zhong2025",2017
1062,40.5986822154827,"Zhong2025",2017
1063,12.44698538714,"Zhong2025",2017
1064,0.547223750246653,"Zhong2025",2017
1065,3.0988561418115,"Zhong2025",2017
1066,1.152443743344,"Zhong2025",2017
1067,1.10114648966777,"Zhong2025",2017
1068,1.93254061617814,"Zhong2025",2017
1069,0.3796876002003,"Zhong2025",2017
1070,2.19535472687923,"Zhong2025",2017
1071,8.71873101361871,"Zhong2025",2017
1072,1.01711784080459,"Zhong2025",2017
1073,0.909602370957805,"Zhong2025",2017
1074,5.65516292382357,"Zhong2025",2017
1075,1.4261992810043,"Zhong2025",2017
1076,0.468192572316381,"Zhong2025",2017
1077,0.250627144401503,"Zhong2025",2017
1078,22.7493050070237,"Zhong2025",2017
1079,3.09269488301833,"Zhong2025",2017
1080,26.235944813373,"Zhong2025",2017
1081,7.0248059969737,"Zhong2025",2017
1082,7.06254795326193,"Zhong2025",2017
1083,1.26999405815745,"Zhong2025",2017
1084,8.26236898836827,"Zhong2025",2017
1085,5.468190793131,"Zhong2025",2017
1086,6.0673001281204,"Zhong2025",2017
1087,7.76879001554905,"Zhong2025",2017
1088,23.5018796802692,"Zhong2025",2017
1089,0.427652046130655,"Zhong2025",2017
1090,0.75544375142298,"Zhong2025",2017
1091,1.74620061192332,"Zhong2025",2017
1092,4.61630282886851,"Zhong2025",2017
1093,7.55193059569965,"Zhong2025",2017
1094,0.356854840100563,"Zhong2025",2017
1095,2.74361057218891,"Zhong2025",2017
1096,14.3488778340184,"Zhong2025",2017
1097,0.0813181774040603,"Zhong2025",2017
1098,0.331562729851742,"Zhong2025",2017
1099,1.92949238487545,"Zhong2025",2017
1100,9.52998033014707,"Zhong2025",2017
1101,0.810130378667247,"Zhong2025",2017
1102,5.03061856038536,"Zhong2025",2017
1103,1.02517961024044,"Zhong2025",2017
1104,6.11390370595718,"Zhong2025",2017
1105,2.62800446443502,"Zhong2025",2017
1106,3.04243072059392,"Zhong2025",2017
1107,1.42573938887867,"Zhong2025",2017
1108,0.700336171569417,"Zhong2025",2017
1109,3.28268576400025,"Zhong2025",2017
1110,1.43591666911182,"Zhong2025",2017
1111,3.5259400025644,"Zhong2025",2017
1112,28.6291173714179,"Zhong2025",2017
1113,34.5662370806363,"Zhong2025",2017
1114,57.6710913748968,"Zhong2025",2017
1115,28.3885297356071,"Zhong2025",2017
1116,43.2307263264614,"Zhong2025",2017
1117,20.0546566412999,"Zhong2025",2017
1118,29.7046797275543,"Zhong2025",2017
1119,1.35765493028148,"Zhong2025",2017
1120,5.66594894706829,"Zhong2025",2017
1121,56.0544021129608,"Zhong2025",2017
1122,51.9346795834993,"Zhong2025",2017
1,2.03384292600033,"Zhong2025",2018
2,0.0507848290338491,"Zhong2025",2018
3,0.153297917829989,"Zhong2025",2018
4,0.533248519471943,"Zhong2025",2018
5,0.212671236891539,"Zhong2025",2018
6,0.0824740944939745,"Zhong2025",2018
7,0,"Zhong2025",2018
8,0.0694850736801497,"Zhong2025",2018
9,0.143078901228971,"Zhong2025",2018
10,0.0785224362006111,"Zhong2025",2018
11,0.0346208652210408,"Zhong2025",2018
12,0.0907304158079705,"Zhong2025",2018
13,0.00985000755852691,"Zhong2025",2018
14,0.178204295268541,"Zhong2025",2018
15,0.581387979393834,"Zhong2025",2018
16,0.098047186587425,"Zhong2025",2018
17,18.1111677163719,"Zhong2025",2018
18,0.401277786421199,"Zhong2025",2018
19,0.171161316179597,"Zhong2025",2018
20,0.302239766283997,"Zhong2025",2018
21,0.395835648448456,"Zhong2025",2018
22,2.05441218989923,"Zhong2025",2018
23,2.96445537998624,"Zhong2025",2018
24,1.61409704983631,"Zhong2025",2018
25,10.608252507575,"Zhong2025",2018
26,9.07266675179813,"Zhong2025",2018
27,3.32505126246962,"Zhong2025",2018
28,17.5747389935031,"Zhong2025",2018
29,0.263287623971084,"Zhong2025",2018
30,1.66146478421141,"Zhong2025",2018
31,0.727161759683672,"Zhong2025",2018
32,0.188301242219399,"Zhong2025",2018
33,0.411526631330118,"Zhong2025",2018
34,11.3739447996096,"Zhong2025",2018
35,0.886226850847822,"Zhong2025",2018
36,12.474027582117,"Zhong2025",2018
37,0.174099034325129,"Zhong2025",2018
38,0.788581725837505,"Zhong2025",2018
39,0.478863196936476,"Zhong2025",2018
40,12.9089840358809,"Zhong2025",2018
41,21.5201050824132,"Zhong2025",2018
42,0.556116530097758,"Zhong2025",2018
43,1.64851185555575,"Zhong2025",2018
44,0.0806645401774748,"Zhong2025",2018
45,9.73062654420275,"Zhong2025",2018
46,0.0015826474511529,"Zhong2025",2018
47,1.64156903315424,"Zhong2025",2018
48,1.77510461832806,"Zhong2025",2018
49,2.37072847405159,"Zhong2025",2018
50,0.0107384595003995,"Zhong2025",2018
51,9.94418164646184,"Zhong2025",2018
52,6.51136136002934,"Zhong2025",2018
53,1.97487982685397,"Zhong2025",2018
54,0.368645004007192,"Zhong2025",2018
55,0.0839031738315027,"Zhong2025",2018
56,0,"Zhong2025",2018
57,0,"Zhong2025",2018
58,23.2203314417884,"Zhong2025",2018
59,40.1703283424051,"Zhong2025",2018
60,16.0681830025439,"Zhong2025",2018
61,5.61468883743226,"Zhong2025",2018
62,1.89543298263299,"Zhong2025",2018
63,6.52503332948509,"Zhong2025",2018
64,7.10284383468114,"Zhong2025",2018
65,8.06823722619332,"Zhong2025",2018
66,2.78418026581537,"Zhong2025",2018
67,29.5924587496662,"Zhong2025",2018
68,18.3900543176605,"Zhong2025",2018
69,1.44221320308458,"Zhong2025",2018
70,1.62546358315481,"Zhong2025",2018
71,11.6570871708858,"Zhong2025",2018
72,3.30078516772956,"Zhong2025",2018
73,7.8301964167156,"Zhong2025",2018
74,6.56436371131803,"Zhong2025",2018
75,13.5428407643209,"Zhong2025",2018
76,14.1172732720008,"Zhong2025",2018
77,3.81636000363664,"Zhong2025",2018
78,19.4789532853631,"Zhong2025",2018
79,10.5011868769884,"Zhong2025",2018
80,10.533896698323,"Zhong2025",2018
81,6.96181804678736,"Zhong2025",2018
82,11.2771256986017,"Zhong2025",2018
83,10.9652553376164,"Zhong2025",2018
84,3.49961479512033,"Zhong2025",2018
85,6.27914228300334,"Zhong2025",2018
86,4.05752932593644,"Zhong2025",2018
87,7.40641225475909,"Zhong2025",2018
88,14.2047353029251,"Zhong2025",2018
89,2.43359848936001,"Zhong2025",2018
90,10.3384372046014,"Zhong2025",2018
91,8.05575314194661,"Zhong2025",2018
92,35.9234756742205,"Zhong2025",2018
93,9.95813755250746,"Zhong2025",2018
94,5.09743203661947,"Zhong2025",2018
95,15.0384423439428,"Zhong2025",2018
96,10.0237180930896,"Zhong2025",2018
97,12.4980774575808,"Zhong2025",2018
98,1.71115025050583,"Zhong2025",2018
99,6.62388251719742,"Zhong2025",2018
100,1.36101108469068,"Zhong2025",2018
101,2.53763548139844,"Zhong2025",2018
102,5.25964065093328,"Zhong2025",2018
103,1.16219948917022,"Zhong2025",2018
104,5.7907066725646,"Zhong2025",2018
105,0.295986208943151,"Zhong2025",2018
106,3.5693988846381,"Zhong2025",2018
107,0.699322772143924,"Zhong2025",2018
108,0.550197308876558,"Zhong2025",2018
109,3.50858317251538,"Zhong2025",2018
110,0.17064586129849,"Zhong2025",2018
111,1.71697037887879,"Zhong2025",2018
112,0.0472591042987498,"Zhong2025",2018
113,0.0404574416282038,"Zhong2025",2018
114,7.30412061342171,"Zhong2025",2018
115,2.0931171658375,"Zhong2025",2018
116,0.840353033377412,"Zhong2025",2018
117,1.24436700813836,"Zhong2025",2018
118,4.05436759050126,"Zhong2025",2018
119,0.182937850989401,"Zhong2025",2018
120,3.0315370925308,"Zhong2025",2018
121,1.09428083267866,"Zhong2025",2018
122,0.132911124273289,"Zhong2025",2018
123,8.61403479381218,"Zhong2025",2018
124,0.910448597797241,"Zhong2025",2018
125,6.5904253383783,"Zhong2025",2018
126,10.7463569237126,"Zhong2025",2018
127,1.9504085115829,"Zhong2025",2018
128,9.00729912078383,"Zhong2025",2018
129,6.47298035254845,"Zhong2025",2018
130,9.20337548903487,"Zhong2025",2018
131,15.0452938160654,"Zhong2025",2018
132,3.52064913266326,"Zhong2025",2018
133,5.35499259396907,"Zhong2025",2018
134,5.1489762822787,"Zhong2025",2018
135,1.22283526887095,"Zhong2025",2018
136,7.77076103975849,"Zhong2025",2018
137,11.3928528594971,"Zhong2025",2018
138,6.06347644283221,"Zhong2025",2018
139,4.74086306537273,"Zhong2025",2018
140,1.34357420372353,"Zhong2025",2018
141,4.7192041074322,"Zhong2025",2018
142,7.22630796446496,"Zhong2025",2018
143,0.69861322414875,"Zhong2025",2018
144,0.259284196518339,"Zhong2025",2018
145,7.75500097841024,"Zhong2025",2018
146,3.04943197361239,"Zhong2025",2018
147,4.56914684148592,"Zhong2025",2018
148,0.0871592171642245,"Zhong2025",2018
149,2.75541544382078,"Zhong2025",2018
150,5.51300767374964,"Zhong2025",2018
151,1.71594941201098,"Zhong2025",2018
152,0.682533711226486,"Zhong2025",2018
153,5.69802919145071,"Zhong2025",2018
154,5.70665132374192,"Zhong2025",2018
155,3.67243476587632,"Zhong2025",2018
156,0.0785492367431289,"Zhong2025",2018
157,11.0783220469952,"Zhong2025",2018
158,4.15507326126099,"Zhong2025",2018
159,6.48495075055237,"Zhong2025",2018
160,2.32727602870291,"Zhong2025",2018
161,1.37817216314625,"Zhong2025",2018
162,0.0702235640638206,"Zhong2025",2018
163,0.126736637845063,"Zhong2025",2018
164,0.511507058940454,"Zhong2025",2018
165,0.115580179763712,"Zhong2025",2018
166,0.01222314056166,"Zhong2025",2018
167,0.108354262760192,"Zhong2025",2018
168,0.00778134205194162,"Zhong2025",2018
169,0.0170501261028938,"Zhong2025",2018
170,0,"Zhong2025",2018
171,0,"Zhong2025",2018
172,0,"Zhong2025",2018
173,0.254611268167193,"Zhong2025",2018
174,0.0466433927160474,"Zhong2025",2018
175,0,"Zhong2025",2018
176,0.00501423040310106,"Zhong2025",2018
177,0.0600536461082821,"Zhong2025",2018
178,0,"Zhong2025",2018
179,0,"Zhong2025",2018
180,0.0196460906833944,"Zhong2025",2018
181,0.000952016672410011,"Zhong2025",2018
182,0,"Zhong2025",2018
183,0,"Zhong2025",2018
184,0,"Zhong2025",2018
185,0,"Zhong2025",2018
186,0.0318997894282873,"Zhong2025",2018
187,0.181358315092332,"Zhong2025",2018
188,0.0240251794587494,"Zhong2025",2018
189,0.00621199431778403,"Zhong2025",2018
190,6.52821697035586,"Zhong2025",2018
191,7.62634090102711,"Zhong2025",2018
192,0.0798273049415623,"Zhong2025",2018
193,0,"Zhong2025",2018
194,0.65741837337062,"Zhong2025",2018
195,3.081611314308,"Zhong2025",2018
196,0.291860567443304,"Zhong2025",2018
197,0.495089333245624,"Zhong2025",2018
198,0.958466798921092,"Zhong2025",2018
199,0.12745060173341,"Zhong2025",2018
200,0.707059787731988,"Zhong2025",2018
201,0.0810561727794321,"Zhong2025",2018
202,0.713897552850893,"Zhong2025",2018
203,0.113219201013134,"Zhong2025",2018
204,4.13329658845063,"Zhong2025",2018
205,0.440374044591916,"Zhong2025",2018
206,3.25424910486257,"Zhong2025",2018
207,0.181432818896943,"Zhong2025",2018
208,0.154830030253675,"Zhong2025",2018
209,0.150514637738647,"Zhong2025",2018
210,0.00120645550236861,"Zhong2025",2018
211,0,"Zhong2025",2018
212,0,"Zhong2025",2018
213,0,"Zhong2025",2018
214,0,"Zhong2025",2018
215,0,"Zhong2025",2018
216,0,"Zhong2025",2018
217,0.00293002363852803,"Zhong2025",2018
218,0,"Zhong2025",2018
219,0,"Zhong2025",2018
220,0.0506963973025796,"Zhong2025",2018
221,0.0122045259175221,"Zhong2025",2018
222,0,"Zhong2025",2018
223,0,"Zhong2025",2018
224,0,"Zhong2025",2018
225,0,"Zhong2025",2018
226,0.102474662746261,"Zhong2025",2018
227,0.00726914036414963,"Zhong2025",2018
228,0.0148846155249335,"Zhong2025",2018
229,0.00836667406668159,"Zhong2025",2018
230,21.1507592612694,"Zhong2025",2018
231,2.28502276039987,"Zhong2025",2018
232,4.54655192057206,"Zhong2025",2018
233,0.313481253748956,"Zhong2025",2018
234,4.1569312173285,"Zhong2025",2018
235,10.6304099253482,"Zhong2025",2018
236,3.64590601423361,"Zhong2025",2018
237,3.34714041788492,"Zhong2025",2018
238,4.60539548665542,"Zhong2025",2018
239,3.08630146824935,"Zhong2025",2018
240,16.9058432997319,"Zhong2025",2018
241,8.1304716983084,"Zhong2025",2018
242,2.96946628228761,"Zhong2025",2018
243,8.43498015952563,"Zhong2025",2018
244,1.80054103429524,"Zhong2025",2018
245,8.81348545642363,"Zhong2025",2018
246,6.36948535020179,"Zhong2025",2018
247,0.730582106447568,"Zhong2025",2018
248,10.9957360166591,"Zhong2025",2018
249,5.90708391456043,"Zhong2025",2018
250,0.367169350320063,"Zhong2025",2018
251,1.93441648324063,"Zhong2025",2018
252,7.76753633436949,"Zhong2025",2018
253,1.14434807567813,"Zhong2025",2018
254,16.7746682894432,"Zhong2025",2018
255,2.17667807924228,"Zhong2025",2018
256,4.9354689312545,"Zhong2025",2018
257,34.5011781676998,"Zhong2025",2018
258,8.20730289747549,"Zhong2025",2018
259,17.6353317568658,"Zhong2025",2018
260,30.3838012119134,"Zhong2025",2018
261,4.66416569486741,"Zhong2025",2018
262,12.9640537869614,"Zhong2025",2018
263,1.38496514039647,"Zhong2025",2018
264,17.9040654343755,"Zhong2025",2018
265,11.5018651146866,"Zhong2025",2018
266,1.81878830162952,"Zhong2025",2018
267,17.160561881725,"Zhong2025",2018
268,4.75636135425138,"Zhong2025",2018
269,24.1566669089454,"Zhong2025",2018
270,4.49405100494623,"Zhong2025",2018
271,9.28277549478743,"Zhong2025",2018
272,7.25506823266202,"Zhong2025",2018
273,50.2242027388679,"Zhong2025",2018
274,7.59931334894951,"Zhong2025",2018
275,4.45073394373674,"Zhong2025",2018
276,19.2948883281035,"Zhong2025",2018
277,12.3928174972534,"Zhong2025",2018
278,0.588819458075559,"Zhong2025",2018
279,0.344677986410435,"Zhong2025",2018
280,8.57907784211224,"Zhong2025",2018
281,7.66202613454104,"Zhong2025",2018
282,4.44501327534695,"Zhong2025",2018
283,49.017191413668,"Zhong2025",2018
284,5.60389949059312,"Zhong2025",2018
285,2.09825453508307,"Zhong2025",2018
286,0.547043518116077,"Zhong2025",2018
287,0.247320572322855,"Zhong2025",2018
288,0.422788805550053,"Zhong2025",2018
289,2.15520467127984,"Zhong2025",2018
290,40.4093385441288,"Zhong2025",2018
291,1.57696413889287,"Zhong2025",2018
292,21.4368237545413,"Zhong2025",2018
293,4.96200232675824,"Zhong2025",2018
294,0.309393496449047,"Zhong2025",2018
295,0.477977201963949,"Zhong2025",2018
296,0.102387495668031,"Zhong2025",2018
297,3.39056373857286,"Zhong2025",2018
298,0.305348672732811,"Zhong2025",2018
299,1.90550708472311,"Zhong2025",2018
300,15.3720732969396,"Zhong2025",2018
301,3.20342520064727,"Zhong2025",2018
302,0.680570715853327,"Zhong2025",2018
303,21.4436927556992,"Zhong2025",2018
304,1.6440616676017,"Zhong2025",2018
305,0.13458668223966,"Zhong2025",2018
306,2.62881092080413,"Zhong2025",2018
307,1.46260044538734,"Zhong2025",2018
308,2.57629331258473,"Zhong2025",2018
309,0.746477234671892,"Zhong2025",2018
310,2.83179127216005,"Zhong2025",2018
311,0.806021809298346,"Zhong2025",2018
312,6.3389453105256,"Zhong2025",2018
313,0.769404059412545,"Zhong2025",2018
314,4.73023626728873,"Zhong2025",2018
315,0.234873882808278,"Zhong2025",2018
316,0.174802278026991,"Zhong2025",2018
317,1.43655683362323,"Zhong2025",2018
318,2.43556509681672,"Zhong2025",2018
319,6.38454057002478,"Zhong2025",2018
320,3.17806360270549,"Zhong2025",2018
321,0.579121095914714,"Zhong2025",2018
322,4.31683275436736,"Zhong2025",2018
323,6.39170486055255,"Zhong2025",2018
324,1.494427564491,"Zhong2025",2018
325,0.682600286670363,"Zhong2025",2018
326,18.8873417129677,"Zhong2025",2018
327,3.67971765821446,"Zhong2025",2018
328,2.90423822127167,"Zhong2025",2018
329,9.68050162512266,"Zhong2025",2018
330,1.81142864127954,"Zhong2025",2018
331,7.20933403074052,"Zhong2025",2018
332,49.4852546930313,"Zhong2025",2018
333,3.61836455771533,"Zhong2025",2018
334,0.748612400849903,"Zhong2025",2018
335,5.98192701019624,"Zhong2025",2018
336,10.2237500134289,"Zhong2025",2018
337,50.1083104574858,"Zhong2025",2018
338,3.43903348192889,"Zhong2025",2018
339,2.30530172695905,"Zhong2025",2018
340,4.40888066368643,"Zhong2025",2018
341,9.61758097137014,"Zhong2025",2018
342,2.20308783754234,"Zhong2025",2018
343,1.62630109852839,"Zhong2025",2018
344,2.08019793250118,"Zhong2025",2018
345,9.87161597936639,"Zhong2025",2018
346,5.82349994747139,"Zhong2025",2018
347,3.88781474086672,"Zhong2025",2018
348,0.526832652977553,"Zhong2025",2018
349,0.881361899406263,"Zhong2025",2018
350,0.70651348003971,"Zhong2025",2018
351,21.0173540762493,"Zhong2025",2018
352,0.399784675875064,"Zhong2025",2018
353,9.65677115174591,"Zhong2025",2018
354,1.34615646299366,"Zhong2025",2018
355,3.52564111131173,"Zhong2025",2018
356,0.848213498597218,"Zhong2025",2018
357,11.0748027987996,"Zhong2025",2018
358,0.696756005135054,"Zhong2025",2018
359,2.01956225957264,"Zhong2025",2018
360,2.05061167111551,"Zhong2025",2018
361,13.6088541754667,"Zhong2025",2018
362,0.848800022234505,"Zhong2025",2018
363,1.6650358727363,"Zhong2025",2018
364,0.463486806805298,"Zhong2025",2018
365,2.16401575123433,"Zhong2025",2018
366,0.486740259941013,"Zhong2025",2018
367,51.0355870998823,"Zhong2025",2018
368,19.8713626045197,"Zhong2025",2018
369,0.826165745185983,"Zhong2025",2018
370,5.01816243605761,"Zhong2025",2018
371,3.02803892257597,"Zhong2025",2018
372,1.10362866143682,"Zhong2025",2018
373,6.1096462917171,"Zhong2025",2018
374,0.203765853407563,"Zhong2025",2018
375,12.9266598004127,"Zhong2025",2018
376,5.69893676129092,"Zhong2025",2018
377,0.504827472826791,"Zhong2025",2018
378,0.40508959549567,"Zhong2025",2018
379,0.65873421794417,"Zhong2025",2018
380,0.0172274339012802,"Zhong2025",2018
381,10.202924509719,"Zhong2025",2018
382,28.6453823558355,"Zhong2025",2018
383,0.884643770156451,"Zhong2025",2018
384,1.23647135105389,"Zhong2025",2018
385,12.521245631982,"Zhong2025",2018
386,10.2906359920376,"Zhong2025",2018
387,30.8468103298119,"Zhong2025",2018
388,4.29261937568608,"Zhong2025",2018
389,3.21472106225611,"Zhong2025",2018
390,62.8499296188354,"Zhong2025",2018
391,4.12526040074844,"Zhong2025",2018
392,11.0528180480989,"Zhong2025",2018
393,8.03649828098714,"Zhong2025",2018
394,34.4955751383963,"Zhong2025",2018
395,2.60979072377086,"Zhong2025",2018
396,3.12195188172536,"Zhong2025",2018
397,1.9236331041981,"Zhong2025",2018
398,40.6546462882649,"Zhong2025",2018
399,0.108897753018472,"Zhong2025",2018
400,0.20902420142492,"Zhong2025",2018
401,0.393058144602729,"Zhong2025",2018
402,0.228426818411106,"Zhong2025",2018
403,0,"Zhong2025",2018
404,0,"Zhong2025",2018
405,7.91274360102668,"Zhong2025",2018
406,0.0179676502098294,"Zhong2025",2018
407,0.925692688834212,"Zhong2025",2018
408,0.0871605866007945,"Zhong2025",2018
409,0,"Zhong2025",2018
410,0.267249493476223,"Zhong2025",2018
411,0,"Zhong2025",2018
412,0.119248029736287,"Zhong2025",2018
413,0.00473986669501692,"Zhong2025",2018
414,0,"Zhong2025",2018
415,0.150441186115108,"Zhong2025",2018
416,0,"Zhong2025",2018
417,0.222553600167686,"Zhong2025",2018
418,0.50337415497735,"Zhong2025",2018
419,0.240051796369461,"Zhong2025",2018
420,0,"Zhong2025",2018
421,0.126996070370737,"Zhong2025",2018
422,0.0122744055588002,"Zhong2025",2018
423,0.023616139453204,"Zhong2025",2018
424,0,"Zhong2025",2018
425,0,"Zhong2025",2018
426,0.051870019004437,"Zhong2025",2018
427,0.0108151844354591,"Zhong2025",2018
428,0,"Zhong2025",2018
429,0.412238094916878,"Zhong2025",2018
430,0.279332724595265,"Zhong2025",2018
431,0.0667151853515347,"Zhong2025",2018
432,0.013136255054752,"Zhong2025",2018
433,0.254377607353624,"Zhong2025",2018
434,0.0355455313141238,"Zhong2025",2018
435,1.2026117361806,"Zhong2025",2018
436,0.646481210958602,"Zhong2025",2018
437,3.81405815984888,"Zhong2025",2018
438,0.673270440653566,"Zhong2025",2018
439,1.13095291361928,"Zhong2025",2018
440,0.574494187144554,"Zhong2025",2018
441,15.4052035592164,"Zhong2025",2018
442,2.05169040566922,"Zhong2025",2018
443,6.12441025845507,"Zhong2025",2018
444,4.83259156647662,"Zhong2025",2018
445,6.31624303664032,"Zhong2025",2018
446,3.10511440527398,"Zhong2025",2018
447,4.41598536790793,"Zhong2025",2018
448,1.21020233393129,"Zhong2025",2018
449,7.62571350408323,"Zhong2025",2018
450,1.13787292252179,"Zhong2025",2018
451,2.37807824720967,"Zhong2025",2018
452,1.13663725049802,"Zhong2025",2018
453,0.224109708989432,"Zhong2025",2018
454,8.91377661341713,"Zhong2025",2018
455,5.31498940708116,"Zhong2025",2018
456,10.6424166988243,"Zhong2025",2018
457,10.0753877455622,"Zhong2025",2018
458,2.97037713749645,"Zhong2025",2018
459,2.97412930034148,"Zhong2025",2018
460,1.19796175324186,"Zhong2025",2018
461,4.30258559203779,"Zhong2025",2018
462,10.1021429176988,"Zhong2025",2018
463,1.15531011892905,"Zhong2025",2018
464,2.31119383619777,"Zhong2025",2018
465,1.06919742393434,"Zhong2025",2018
466,0.371160221636882,"Zhong2025",2018
467,58.4614213966742,"Zhong2025",2018
468,23.8171317085965,"Zhong2025",2018
469,14.8855030241467,"Zhong2025",2018
470,9.67027769651678,"Zhong2025",2018
471,37.5772175743466,"Zhong2025",2018
472,9.68365215831767,"Zhong2025",2018
473,8.57821177945783,"Zhong2025",2018
474,37.4068712454576,"Zhong2025",2018
475,8.57331807423367,"Zhong2025",2018
476,15.1500313768581,"Zhong2025",2018
477,3.69113183908561,"Zhong2025",2018
478,17.1345060727535,"Zhong2025",2018
479,9.23959900782659,"Zhong2025",2018
480,40.9455725351969,"Zhong2025",2018
481,7.92060629542215,"Zhong2025",2018
482,37.9806167927194,"Zhong2025",2018
483,12.610444447673,"Zhong2025",2018
484,9.30435854593913,"Zhong2025",2018
485,23.6376194813672,"Zhong2025",2018
486,57.0508357414832,"Zhong2025",2018
487,13.8604686756929,"Zhong2025",2018
488,12.9374876633669,"Zhong2025",2018
489,10.345964597968,"Zhong2025",2018
490,27.6528249062243,"Zhong2025",2018
491,0.152994733467045,"Zhong2025",2018
492,0.430324171247504,"Zhong2025",2018
493,0.650982684252684,"Zhong2025",2018
494,9.57357619215023,"Zhong2025",2018
495,5.62233337620004,"Zhong2025",2018
496,0.387151143127263,"Zhong2025",2018
497,4.43894997543683,"Zhong2025",2018
498,1.48981469031046,"Zhong2025",2018
499,12.498659213785,"Zhong2025",2018
500,0.939692784198183,"Zhong2025",2018
501,12.3367590904236,"Zhong2025",2018
502,2.91538647980086,"Zhong2025",2018
503,1.10038776327298,"Zhong2025",2018
504,1.5868439194638,"Zhong2025",2018
505,6.51951641729001,"Zhong2025",2018
506,1.65719962342908,"Zhong2025",2018
507,4.60545306632878,"Zhong2025",2018
508,0,"Zhong2025",2018
509,2.45114490232278,"Zhong2025",2018
510,0.465209064369158,"Zhong2025",2018
511,0.0405050011482639,"Zhong2025",2018
512,0.149100875706165,"Zhong2025",2018
513,0.755551984112642,"Zhong2025",2018
514,0.4925460002408,"Zhong2025",2018
515,10.2372633676196,"Zhong2025",2018
516,9.5633919282393,"Zhong2025",2018
517,2.92940657086793,"Zhong2025",2018
518,0.143973489623034,"Zhong2025",2018
519,3.12191073990276,"Zhong2025",2018
520,1.03720169626097,"Zhong2025",2018
521,0.294791203377305,"Zhong2025",2018
522,8.07826402174175,"Zhong2025",2018
523,13.1923480253278,"Zhong2025",2018
524,0.401909002672239,"Zhong2025",2018
525,0.0982376767771801,"Zhong2025",2018
526,4.86607447473129,"Zhong2025",2018
527,4.32539626972214,"Zhong2025",2018
528,0.255627449496109,"Zhong2025",2018
529,25.5630785014531,"Zhong2025",2018
530,16.1946862927124,"Zhong2025",2018
531,9.06461136486079,"Zhong2025",2018
532,1.89574855524633,"Zhong2025",2018
533,1.80055423789274,"Zhong2025",2018
534,3.88554200903775,"Zhong2025",2018
535,0.655052847901762,"Zhong2025",2018
536,3.74968949655614,"Zhong2025",2018
537,2.33653320778465,"Zhong2025",2018
538,2.40100572543916,"Zhong2025",2018
539,6.00901810510952,"Zhong2025",2018
540,3.73022456747622,"Zhong2025",2018
541,5.47742876976351,"Zhong2025",2018
542,2.48011097111992,"Zhong2025",2018
543,10.4560615350852,"Zhong2025",2018
544,4.01201024243276,"Zhong2025",2018
545,1.9702890381979,"Zhong2025",2018
546,2.7371227432934,"Zhong2025",2018
547,3.20661465208673,"Zhong2025",2018
548,3.42879337938274,"Zhong2025",2018
549,2.060956632679,"Zhong2025",2018
550,1.99145501178344,"Zhong2025",2018
551,3.51325597431352,"Zhong2025",2018
552,2.24900815445314,"Zhong2025",2018
553,4.50458150868929,"Zhong2025",2018
554,2.64429540771974,"Zhong2025",2018
555,0.911390374151041,"Zhong2025",2018
556,7.4900335262913,"Zhong2025",2018
557,6.30872847356423,"Zhong2025",2018
558,9.7539785013579,"Zhong2025",2018
559,5.37856374252292,"Zhong2025",2018
560,2.64008680664119,"Zhong2025",2018
561,6.83192521309991,"Zhong2025",2018
562,17.6295218083645,"Zhong2025",2018
563,6.52018150348921,"Zhong2025",2018
564,2.97357106821514,"Zhong2025",2018
565,7.03069479321297,"Zhong2025",2018
566,1.68630450228583,"Zhong2025",2018
567,8.63063685527014,"Zhong2025",2018
568,1.10039066997396,"Zhong2025",2018
569,3.15927960771153,"Zhong2025",2018
570,0.358882100124257,"Zhong2025",2018
571,3.77652203657012,"Zhong2025",2018
572,1.60989405420157,"Zhong2025",2018
573,2.416837359644,"Zhong2025",2018
574,1.69435994685478,"Zhong2025",2018
575,1.73395627789036,"Zhong2025",2018
576,6.82154388986127,"Zhong2025",2018
577,0.715689754793568,"Zhong2025",2018
578,3.58033101229357,"Zhong2025",2018
579,2.31917430368697,"Zhong2025",2018
580,4.59873157248762,"Zhong2025",2018
581,2.05185346737992,"Zhong2025",2018
582,0.742188537874569,"Zhong2025",2018
583,0.35047808052751,"Zhong2025",2018
584,1.57034233348747,"Zhong2025",2018
585,1.50224237762098,"Zhong2025",2018
586,1.58738178333919,"Zhong2025",2018
587,2.0231665880529,"Zhong2025",2018
588,0.302545591821543,"Zhong2025",2018
589,5.99446460332989,"Zhong2025",2018
590,1.74329006167777,"Zhong2025",2018
591,4.47497436611842,"Zhong2025",2018
592,0.878160976573538,"Zhong2025",2018
593,0.699894011651094,"Zhong2025",2018
594,9.79263199460823,"Zhong2025",2018
595,1.41289171293771,"Zhong2025",2018
596,0.304593382824331,"Zhong2025",2018
597,10.2546236544081,"Zhong2025",2018
598,1.51662187596542,"Zhong2025",2018
599,4.05406720842272,"Zhong2025",2018
600,1.75051974951456,"Zhong2025",2018
601,5.13524031088423,"Zhong2025",2018
602,2.03635143306029,"Zhong2025",2018
603,24.8999713881262,"Zhong2025",2018
604,3.46977593479495,"Zhong2025",2018
605,1.30887878603423,"Zhong2025",2018
606,6.67760133685665,"Zhong2025",2018
607,10.5739858616824,"Zhong2025",2018
608,21.3821036577225,"Zhong2025",2018
609,4.14738312252294,"Zhong2025",2018
610,2.01279136909252,"Zhong2025",2018
611,2.92018236167126,"Zhong2025",2018
612,0.36104063266733,"Zhong2025",2018
613,3.15801204776807,"Zhong2025",2018
614,8.18911545646212,"Zhong2025",2018
615,0.576049573782571,"Zhong2025",2018
616,4.55100370328048,"Zhong2025",2018
617,5.88087267199855,"Zhong2025",2018
618,14.51348404038,"Zhong2025",2018
619,0.684952412850713,"Zhong2025",2018
620,8.76706740042642,"Zhong2025",2018
621,2.54515549961806,"Zhong2025",2018
622,2.48857510433183,"Zhong2025",2018
623,6.51138163216301,"Zhong2025",2018
624,4.36237643726054,"Zhong2025",2018
625,0.462971669041241,"Zhong2025",2018
626,6.43700029440941,"Zhong2025",2018
627,9.13876238451785,"Zhong2025",2018
628,13.6707838630212,"Zhong2025",2018
629,44.3540222379896,"Zhong2025",2018
630,14.8507744747659,"Zhong2025",2018
631,0.784780583833141,"Zhong2025",2018
632,0.0637437847418722,"Zhong2025",2018
633,0.0412590844643443,"Zhong2025",2018
634,2.27053745360439,"Zhong2025",2018
635,0.532650525568509,"Zhong2025",2018
636,3.26455981639569,"Zhong2025",2018
637,0.67335274352437,"Zhong2025",2018
638,34.7984604164958,"Zhong2025",2018
639,2.25703704414228,"Zhong2025",2018
640,0.690667990398146,"Zhong2025",2018
641,2.83851053057978,"Zhong2025",2018
642,2.12912621344494,"Zhong2025",2018
643,0.912910861092516,"Zhong2025",2018
644,1.13401272660565,"Zhong2025",2018
645,1.23410063416006,"Zhong2025",2018
646,10.3090665948157,"Zhong2025",2018
647,0.873661486231364,"Zhong2025",2018
648,0.793972524712567,"Zhong2025",2018
649,19.8782668342957,"Zhong2025",2018
650,4.51230951734347,"Zhong2025",2018
651,0.167540636125811,"Zhong2025",2018
652,4.64027324799394,"Zhong2025",2018
653,1.24340562937904,"Zhong2025",2018
654,14.7689015034522,"Zhong2025",2018
655,0.178331933696787,"Zhong2025",2018
656,1.1237047727019,"Zhong2025",2018
657,7.55293277861937,"Zhong2025",2018
658,7.60874070615197,"Zhong2025",2018
659,7.0331222371428,"Zhong2025",2018
660,0,"Zhong2025",2018
661,24.2887880393574,"Zhong2025",2018
662,0.0929939462871672,"Zhong2025",2018
663,1.18495386112481,"Zhong2025",2018
664,0,"Zhong2025",2018
665,0.999333535136958,"Zhong2025",2018
666,1.75155798867879,"Zhong2025",2018
667,0.072036465003901,"Zhong2025",2018
668,4.43689150097658,"Zhong2025",2018
669,0.739972656415827,"Zhong2025",2018
670,0.250385817209905,"Zhong2025",2018
671,2.90381556023268,"Zhong2025",2018
672,19.3785273445371,"Zhong2025",2018
673,6.18716778269699,"Zhong2025",2018
674,1.80535328039597,"Zhong2025",2018
675,8.81271397459897,"Zhong2025",2018
676,4.12942797684717,"Zhong2025",2018
677,0.36100814304543,"Zhong2025",2018
678,1.27005622280693,"Zhong2025",2018
679,9.98018642913464,"Zhong2025",2018
680,5.91644950522933,"Zhong2025",2018
681,4.46653228428488,"Zhong2025",2018
682,0.253145565895625,"Zhong2025",2018
683,14.6517221496269,"Zhong2025",2018
684,1.13397998478546,"Zhong2025",2018
685,1.75287685063604,"Zhong2025",2018
686,9.30184838590784,"Zhong2025",2018
687,8.41136065173044,"Zhong2025",2018
688,1.08220767355322,"Zhong2025",2018
689,2.16476515615641,"Zhong2025",2018
690,3.98381141378668,"Zhong2025",2018
691,2.26967593107062,"Zhong2025",2018
692,17.2788879556788,"Zhong2025",2018
693,2.33527990260448,"Zhong2025",2018
694,9.04259627205985,"Zhong2025",2018
695,5.43496555785338,"Zhong2025",2018
696,0.623147054922942,"Zhong2025",2018
697,9.61308453038783,"Zhong2025",2018
698,0.382721082319536,"Zhong2025",2018
699,0.0499326647037552,"Zhong2025",2018
700,3.22960713389847,"Zhong2025",2018
701,0.882200091519928,"Zhong2025",2018
702,6.23236512576324,"Zhong2025",2018
703,6.57178351866483,"Zhong2025",2018
704,16.5981167822049,"Zhong2025",2018
705,1.85706268123126,"Zhong2025",2018
706,37.2546289318898,"Zhong2025",2018
707,2.81591211372454,"Zhong2025",2018
708,11.4487415765013,"Zhong2025",2018
709,0.231111170243472,"Zhong2025",2018
710,5.42336356511313,"Zhong2025",2018
711,0.554432754335856,"Zhong2025",2018
712,10.4400583174648,"Zhong2025",2018
713,0.0953517005750627,"Zhong2025",2018
714,5.13283784287732,"Zhong2025",2018
715,0.380353717576391,"Zhong2025",2018
716,0.223901720048599,"Zhong2025",2018
717,2.54568115031246,"Zhong2025",2018
718,5.21953214885611,"Zhong2025",2018
719,3.33294806069041,"Zhong2025",2018
720,0.0934786738504267,"Zhong2025",2018
721,2.6431102873256,"Zhong2025",2018
722,9.93573509292169,"Zhong2025",2018
723,14.7975054248909,"Zhong2025",2018
724,0.16431343179682,"Zhong2025",2018
725,4.66130801616811,"Zhong2025",2018
726,0.227371850474143,"Zhong2025",2018
727,1.0197986078377,"Zhong2025",2018
728,3.15357621767716,"Zhong2025",2018
729,0.577654263090559,"Zhong2025",2018
730,5.13945613276791,"Zhong2025",2018
731,0.651034742457474,"Zhong2025",2018
732,11.054962882506,"Zhong2025",2018
733,4.75356343517333,"Zhong2025",2018
734,1.19491676100352,"Zhong2025",2018
735,0.929239304329861,"Zhong2025",2018
736,3.8972616684697,"Zhong2025",2018
737,4.34985927904927,"Zhong2025",2018
738,7.81569547533989,"Zhong2025",2018
739,3.95611040308973,"Zhong2025",2018
740,22.2141337752342,"Zhong2025",2018
741,0.656591493392682,"Zhong2025",2018
742,4.85815837356177,"Zhong2025",2018
743,10.1536833445231,"Zhong2025",2018
744,1.68237066651518,"Zhong2025",2018
745,4.21171435713768,"Zhong2025",2018
746,2.69550473035421,"Zhong2025",2018
747,19.6809471942941,"Zhong2025",2018
748,3.4088110562547,"Zhong2025",2018
749,1.99582881813771,"Zhong2025",2018
750,3.30385285676091,"Zhong2025",2018
751,0.937565821102234,"Zhong2025",2018
752,20.5748515000214,"Zhong2025",2018
753,1.23922822010578,"Zhong2025",2018
754,1.19983476888517,"Zhong2025",2018
755,5.21017099090115,"Zhong2025",2018
756,6.6820775567294,"Zhong2025",2018
757,0.313903877628036,"Zhong2025",2018
758,0.133309398552702,"Zhong2025",2018
759,0.345896078778371,"Zhong2025",2018
760,0.199173663555096,"Zhong2025",2018
761,12.9513011539684,"Zhong2025",2018
762,16.5112512818603,"Zhong2025",2018
763,12.8455414473567,"Zhong2025",2018
764,11.4120545628432,"Zhong2025",2018
765,1.51360684168584,"Zhong2025",2018
766,6.63128481432796,"Zhong2025",2018
767,15.2381028947376,"Zhong2025",2018
768,0.240454247746928,"Zhong2025",2018
769,16.2152494021824,"Zhong2025",2018
770,54.459738852761,"Zhong2025",2018
771,0.702345395977072,"Zhong2025",2018
772,11.1238968290834,"Zhong2025",2018
773,2.00343023257564,"Zhong2025",2018
774,0.783045443361471,"Zhong2025",2018
775,12.3579104351692,"Zhong2025",2018
776,9.96037861821764,"Zhong2025",2018
777,6.27210802517587,"Zhong2025",2018
778,15.7941743833403,"Zhong2025",2018
779,55.174352096299,"Zhong2025",2018
780,9.01579738356944,"Zhong2025",2018
781,19.7424164438635,"Zhong2025",2018
782,0.557638880663684,"Zhong2025",2018
783,31.0413167817252,"Zhong2025",2018
784,1.53522667823379,"Zhong2025",2018
785,4.11137585832244,"Zhong2025",2018
786,55.5912158629474,"Zhong2025",2018
787,6.36375838724605,"Zhong2025",2018
788,0.0204112091182191,"Zhong2025",2018
789,29.8621485954107,"Zhong2025",2018
790,0.748424331920269,"Zhong2025",2018
791,0.304572059215922,"Zhong2025",2018
792,14.370846717084,"Zhong2025",2018
793,9.2887736124297,"Zhong2025",2018
794,4.52898187054573,"Zhong2025",2018
795,8.94233278194022,"Zhong2025",2018
796,2.43230599674339,"Zhong2025",2018
797,6.53705973361633,"Zhong2025",2018
798,8.67713718627816,"Zhong2025",2018
799,4.3807721902809,"Zhong2025",2018
800,0.138997233236488,"Zhong2025",2018
801,1.10097452379129,"Zhong2025",2018
802,0.920255691732582,"Zhong2025",2018
803,21.7470536337706,"Zhong2025",2018
804,18.6238463640213,"Zhong2025",2018
805,2.74742895937318,"Zhong2025",2018
806,0.418602827635101,"Zhong2025",2018
807,10.5964968373746,"Zhong2025",2018
808,7.30569726723261,"Zhong2025",2018
809,1.42820717546964,"Zhong2025",2018
810,44.6808486566311,"Zhong2025",2018
811,1.60524828204819,"Zhong2025",2018
812,0.296390885390727,"Zhong2025",2018
813,8.87075052436056,"Zhong2025",2018
814,14.4730853942724,"Zhong2025",2018
815,12.5232087136867,"Zhong2025",2018
816,1.96756654648731,"Zhong2025",2018
817,4.87853461563587,"Zhong2025",2018
818,0.358191722264839,"Zhong2025",2018
819,2.97785799904318,"Zhong2025",2018
820,0,"Zhong2025",2018
821,8.37407520574492,"Zhong2025",2018
822,0.361554289880888,"Zhong2025",2018
823,4.45320855482323,"Zhong2025",2018
824,3.68306313492289,"Zhong2025",2018
825,0.487807721486509,"Zhong2025",2018
826,4.66985837975517,"Zhong2025",2018
827,4.35961389970289,"Zhong2025",2018
828,6.58271600139829,"Zhong2025",2018
829,9.93628718119401,"Zhong2025",2018
830,22.149251125477,"Zhong2025",2018
831,19.8204881688382,"Zhong2025",2018
832,1.9807867794226,"Zhong2025",2018
833,0.200477698420892,"Zhong2025",2018
834,10.4557035196395,"Zhong2025",2018
835,11.8277164845427,"Zhong2025",2018
836,11.6256497362566,"Zhong2025",2018
837,17.3263925832861,"Zhong2025",2018
838,8.12292554181562,"Zhong2025",2018
839,37.6790509466398,"Zhong2025",2018
840,11.7952442018823,"Zhong2025",2018
841,11.4629061170246,"Zhong2025",2018
842,3.37995227118512,"Zhong2025",2018
843,4.55193920318388,"Zhong2025",2018
844,10.784749919718,"Zhong2025",2018
845,26.9025211696383,"Zhong2025",2018
846,5.72122650618761,"Zhong2025",2018
847,17.3670456144545,"Zhong2025",2018
848,38.493188091966,"Zhong2025",2018
849,13.8867128935125,"Zhong2025",2018
850,1.67880300252602,"Zhong2025",2018
851,8.56727299262059,"Zhong2025",2018
852,47.4221067810059,"Zhong2025",2018
853,0.306210951021823,"Zhong2025",2018
854,0.401008060880101,"Zhong2025",2018
855,11.5943844941285,"Zhong2025",2018
856,16.6155395198751,"Zhong2025",2018
857,2.52537663892855,"Zhong2025",2018
858,2.37988600280549,"Zhong2025",2018
859,1.13028003339117,"Zhong2025",2018
860,4.62230193941561,"Zhong2025",2018
861,0.0561740758967062,"Zhong2025",2018
862,6.10812817054824,"Zhong2025",2018
863,14.0113854094022,"Zhong2025",2018
864,8.52612793002018,"Zhong2025",2018
865,0.161891399886459,"Zhong2025",2018
866,14.4571690155288,"Zhong2025",2018
867,21.8580922470987,"Zhong2025",2018
868,11.471031667112,"Zhong2025",2018
869,12.8665351761483,"Zhong2025",2018
870,0.764789297202036,"Zhong2025",2018
871,0.204816459589232,"Zhong2025",2018
872,4.56058419439736,"Zhong2025",2018
873,0.16441514350866,"Zhong2025",2018
874,0.649392819441855,"Zhong2025",2018
875,0.326377541879192,"Zhong2025",2018
876,7.49951132046325,"Zhong2025",2018
877,0.455885132756038,"Zhong2025",2018
878,3.95481500255998,"Zhong2025",2018
879,5.34274767147936,"Zhong2025",2018
880,2.15339851092741,"Zhong2025",2018
881,0.0693448609589333,"Zhong2025",2018
882,1.0243621182882,"Zhong2025",2018
883,1.63071075454354,"Zhong2025",2018
884,1.10374969097653,"Zhong2025",2018
885,1.00427734315063,"Zhong2025",2018
886,23.9199413955039,"Zhong2025",2018
887,2.09637665127714,"Zhong2025",2018
888,1.26628714816964,"Zhong2025",2018
889,6.78982043585667,"Zhong2025",2018
890,6.21199639169351,"Zhong2025",2018
891,1.64224804321814,"Zhong2025",2018
892,4.23786016232631,"Zhong2025",2018
893,2.81830153214159,"Zhong2025",2018
894,0.67158813562481,"Zhong2025",2018
895,0.595284718512791,"Zhong2025",2018
896,17.1193768112149,"Zhong2025",2018
897,1.7825669321056,"Zhong2025",2018
898,0.487961275559629,"Zhong2025",2018
899,1.37802762284096,"Zhong2025",2018
900,0.0180717064218376,"Zhong2025",2018
901,26.6285296210436,"Zhong2025",2018
902,0.202879615268674,"Zhong2025",2018
903,0.872910430111494,"Zhong2025",2018
904,0.365063375115378,"Zhong2025",2018
905,0.631282789508502,"Zhong2025",2018
906,1.39825763576746,"Zhong2025",2018
907,0.63453878948953,"Zhong2025",2018
908,0.166182476247133,"Zhong2025",2018
909,23.2011764420934,"Zhong2025",2018
910,16.3464813164558,"Zhong2025",2018
911,12.9881220974023,"Zhong2025",2018
912,2.54889464647357,"Zhong2025",2018
913,3.4593136821524,"Zhong2025",2018
914,9.77885802968048,"Zhong2025",2018
915,0.975877582701881,"Zhong2025",2018
916,1.44900440358718,"Zhong2025",2018
917,0.101170276689889,"Zhong2025",2018
918,1.55623597469233,"Zhong2025",2018
919,2.375519807466,"Zhong2025",2018
920,1.52111897674969,"Zhong2025",2018
921,10.1993259066711,"Zhong2025",2018
922,3.96808538941282,"Zhong2025",2018
923,0.111373028763175,"Zhong2025",2018
924,0.03375811161786,"Zhong2025",2018
925,0.645164938545884,"Zhong2025",2018
926,0.347876291152679,"Zhong2025",2018
927,0.280878867972271,"Zhong2025",2018
928,0.216812281822049,"Zhong2025",2018
929,0.09602873603253,"Zhong2025",2018
930,6.07504108088294,"Zhong2025",2018
931,1.38516821068466,"Zhong2025",2018
932,0.325693624302182,"Zhong2025",2018
933,0.0157900866904547,"Zhong2025",2018
934,0.436985745882432,"Zhong2025",2018
935,0.111985643020327,"Zhong2025",2018
936,0.0764288041743814,"Zhong2025",2018
937,0.00568104375025897,"Zhong2025",2018
938,0.878896469884582,"Zhong2025",2018
939,11.498986285284,"Zhong2025",2018
940,6.51086789138873,"Zhong2025",2018
941,1.34522920670459,"Zhong2025",2018
942,3.06723404902874,"Zhong2025",2018
943,0.847043848090495,"Zhong2025",2018
944,0.998461637010699,"Zhong2025",2018
945,0.644795113813814,"Zhong2025",2018
946,2.21557241685406,"Zhong2025",2018
947,1.1632626604302,"Zhong2025",2018
948,1.33329684124752,"Zhong2025",2018
949,7.50616192947947,"Zhong2025",2018
950,7.48201137608586,"Zhong2025",2018
951,1.15817549885848,"Zhong2025",2018
952,2.53618173937239,"Zhong2025",2018
953,8.02873024766366,"Zhong2025",2018
954,9.12816771701204,"Zhong2025",2018
955,0.664450790901734,"Zhong2025",2018
956,0.56984814454208,"Zhong2025",2018
957,0.824204844113927,"Zhong2025",2018
958,0.927262541767624,"Zhong2025",2018
959,0.888770001891283,"Zhong2025",2018
960,6.05853014741474,"Zhong2025",2018
961,2.54968800367871,"Zhong2025",2018
962,0.702943745616005,"Zhong2025",2018
963,4.27137562828959,"Zhong2025",2018
964,1.17421810836932,"Zhong2025",2018
965,10.1783552282686,"Zhong2025",2018
966,6.44121805529195,"Zhong2025",2018
967,4.10414434354528,"Zhong2025",2018
968,0.0191263184623005,"Zhong2025",2018
969,5.70480580348714,"Zhong2025",2018
970,0.378835092885825,"Zhong2025",2018
971,3.64031878593279,"Zhong2025",2018
972,1.19935189631679,"Zhong2025",2018
973,6.94311461096371,"Zhong2025",2018
974,2.55240836430425,"Zhong2025",2018
975,0.540979998381955,"Zhong2025",2018
976,0.328382239830268,"Zhong2025",2018
977,0.0445299604986557,"Zhong2025",2018
978,4.32299453505008,"Zhong2025",2018
979,18.7453563067378,"Zhong2025",2018
980,7.64062374839201,"Zhong2025",2018
981,13.0516704874932,"Zhong2025",2018
982,3.50118122256436,"Zhong2025",2018
983,4.22535140505608,"Zhong2025",2018
984,6.27663411266274,"Zhong2025",2018
985,1.57164201341655,"Zhong2025",2018
986,0.30325432792034,"Zhong2025",2018
987,0.429823808568089,"Zhong2025",2018
988,0.400533265862111,"Zhong2025",2018
989,1.05554122946019,"Zhong2025",2018
990,1.47017870291469,"Zhong2025",2018
991,0.0393561898204296,"Zhong2025",2018
992,2.49162681378406,"Zhong2025",2018
993,0.63862859777435,"Zhong2025",2018
994,0.717996241223046,"Zhong2025",2018
995,0.396753412282354,"Zhong2025",2018
996,2.58718855876256,"Zhong2025",2018
997,5.86530974416271,"Zhong2025",2018
998,0.721231524764702,"Zhong2025",2018
999,3.78331434149896,"Zhong2025",2018
1000,15.7147829223745,"Zhong2025",2018
1001,0.182138679721794,"Zhong2025",2018
1002,4.5306811635325,"Zhong2025",2018
1003,0.00848556692535813,"Zhong2025",2018
1004,2.90555505722276,"Zhong2025",2018
1005,0.517343294421,"Zhong2025",2018
1006,0,"Zhong2025",2018
1007,0.809423068657893,"Zhong2025",2018
1008,13.0239271714731,"Zhong2025",2018
1009,1.24882670293015,"Zhong2025",2018
1010,0,"Zhong2025",2018
1011,0.720328610206101,"Zhong2025",2018
1012,2.8472365641351,"Zhong2025",2018
1013,2.02012357291053,"Zhong2025",2018
1014,1.84987741353553,"Zhong2025",2018
1015,2.23221542114949,"Zhong2025",2018
1016,5.59213988962158,"Zhong2025",2018
1017,2.09719720110786,"Zhong2025",2018
1018,1.55593752742983,"Zhong2025",2018
1019,0.366779980329531,"Zhong2025",2018
1020,0.345594210290566,"Zhong2025",2018
1021,0.101022854222347,"Zhong2025",2018
1022,8.61074366432149,"Zhong2025",2018
1023,8.90248854912275,"Zhong2025",2018
1024,0,"Zhong2025",2018
1025,13.0111452166376,"Zhong2025",2018
1026,2.0341656805372,"Zhong2025",2018
1027,0.373349379173577,"Zhong2025",2018
1028,0.290411814298264,"Zhong2025",2018
1029,1.32493609859578,"Zhong2025",2018
1030,1.39633430464699,"Zhong2025",2018
1031,0.196849103616587,"Zhong2025",2018
1032,3.07932255688039,"Zhong2025",2018
1033,2.69567779716799,"Zhong2025",2018
1034,3.54662761605018,"Zhong2025",2018
1035,11.1570946751979,"Zhong2025",2018
1036,4.96336716370083,"Zhong2025",2018
1037,0.0807320180004717,"Zhong2025",2018
1038,1.31495595767023,"Zhong2025",2018
1039,0.907243266984307,"Zhong2025",2018
1040,0.0569257140957445,"Zhong2025",2018
1041,2.7925827809961,"Zhong2025",2018
1042,0.0895185823994473,"Zhong2025",2018
1043,0.319622274507817,"Zhong2025",2018
1044,0.654017855124625,"Zhong2025",2018
1045,0.0519409071476687,"Zhong2025",2018
1046,1.23764443585577,"Zhong2025",2018
1047,1.18728634719065,"Zhong2025",2018
1048,0.197560126736551,"Zhong2025",2018
1049,0.0731823441024736,"Zhong2025",2018
1050,0.390629650829434,"Zhong2025",2018
1051,0.905937944723025,"Zhong2025",2018
1052,1.18561369658146,"Zhong2025",2018
1053,2.65772839807059,"Zhong2025",2018
1054,6.44018494710326,"Zhong2025",2018
1055,0.375113448340123,"Zhong2025",2018
1056,0.44116808692033,"Zhong2025",2018
1057,15.6880828019691,"Zhong2025",2018
1058,42.3192044552242,"Zhong2025",2018
1059,0.405887645097371,"Zhong2025",2018
1060,0.116440235108782,"Zhong2025",2018
1061,14.1648033293513,"Zhong2025",2018
1062,40.5986822154827,"Zhong2025",2018
1063,12.538994830922,"Zhong2025",2018
1064,0.54876930158554,"Zhong2025",2018
1065,3.14406508966388,"Zhong2025",2018
1066,1.27965720610421,"Zhong2025",2018
1067,1.17114553459064,"Zhong2025",2018
1068,1.92958808346872,"Zhong2025",2018
1069,0.398213461626791,"Zhong2025",2018
1070,2.1259578923124,"Zhong2025",2018
1071,8.71171504865731,"Zhong2025",2018
1072,0.997074496079847,"Zhong2025",2018
1073,0.970263947648628,"Zhong2025",2018
1074,5.702874786245,"Zhong2025",2018
1075,1.44207515596421,"Zhong2025",2018
1076,0.38480224027516,"Zhong2025",2018
1077,0.288349653859901,"Zhong2025",2018
1078,22.8332166581374,"Zhong2025",2018
1079,2.88972938673923,"Zhong2025",2018
1080,26.59318003,"Zhong2025",2018
1081,6.84163258552519,"Zhong2025",2018
1082,7.17940469141664,"Zhong2025",2018
1083,1.17995968996683,"Zhong2025",2018
1084,8.08200130607573,"Zhong2025",2018
1085,5.75248453971325,"Zhong2025",2018
1086,6.01619415380147,"Zhong2025",2018
1087,7.80743752729172,"Zhong2025",2018
1088,23.7754563353253,"Zhong2025",2018
1089,0.405702519127531,"Zhong2025",2018
1090,0.777100162958733,"Zhong2025",2018
1091,1.89145567799903,"Zhong2025",2018
1092,4.33175279168596,"Zhong2025",2018
1093,7.6595647051216,"Zhong2025",2018
1094,0.400550342359065,"Zhong2025",2018
1095,2.74734445735854,"Zhong2025",2018
1096,14.1399154291485,"Zhong2025",2018
1097,0.09270028075976,"Zhong2025",2018
1098,0.27064754883644,"Zhong2025",2018
1099,1.95922034430013,"Zhong2025",2018
1100,9.55651471859748,"Zhong2025",2018
1101,0.738377108403798,"Zhong2025",2018
1102,5.11225818478264,"Zhong2025",2018
1103,1.0301880787422,"Zhong2025",2018
1104,6.05725425680607,"Zhong2025",2018
1105,2.63316044186985,"Zhong2025",2018
1106,2.98238306747205,"Zhong2025",2018
1107,1.37086645416574,"Zhong2025",2018
1108,0.680671083555034,"Zhong2025",2018
1109,3.28268576400025,"Zhong2025",2018
1110,1.45447543715635,"Zhong2025",2018
1111,3.51981366554939,"Zhong2025",2018
1112,28.720219872616,"Zhong2025",2018
1113,34.799747783335,"Zhong2025",2018
1114,57.6710913748968,"Zhong2025",2018
1115,28.4030416666806,"Zhong2025",2018
1116,43.3518287017282,"Zhong2025",2018
1117,20.0546566412999,"Zhong2025",2018
1118,29.7046797275543,"Zhong2025",2018
1119,1.59661918818919,"Zhong2025",2018
1120,5.6220915856126,"Zhong2025",2018
1121,56.0544021129608,"Zhong2025",2018
1122,51.9757507223832,"Zhong2025",2018
1,2.02795969050338,"Zhong2025",2019
2,0.0459926924107734,"Zhong2025",2019
3,0.139893864378566,"Zhong2025",2019
4,0.531463592048285,"Zhong2025",2019
5,0.211838018186708,"Zhong2025",2019
6,0.0824740944939745,"Zhong2025",2019
7,0,"Zhong2025",2019
8,0.0694850736801497,"Zhong2025",2019
9,0.143078901228971,"Zhong2025",2019
10,0.00148394285137081,"Zhong2025",2019
11,0.0344659912802589,"Zhong2025",2019
12,0.0906451611352002,"Zhong2025",2019
13,0.00979002722961687,"Zhong2025",2019
14,0.186982380582293,"Zhong2025",2019
15,0.555330457576844,"Zhong2025",2019
16,0.0978089516104473,"Zhong2025",2019
17,18.3840856328215,"Zhong2025",2019
18,0.409528423446201,"Zhong2025",2019
19,0.201983530445504,"Zhong2025",2019
20,0.284883615948813,"Zhong2025",2019
21,0.407670203643311,"Zhong2025",2019
22,2.16622647049698,"Zhong2025",2019
23,3.16771565309225,"Zhong2025",2019
24,1.76691699468412,"Zhong2025",2019
25,10.608252507575,"Zhong2025",2019
26,9.05553946839319,"Zhong2025",2019
27,3.33489678800106,"Zhong2025",2019
28,17.5747389935031,"Zhong2025",2019
29,0.263287623971084,"Zhong2025",2019
30,1.66699435953277,"Zhong2025",2019
31,0.772020517103374,"Zhong2025",2019
32,0.291836083145184,"Zhong2025",2019
33,0.408469619628393,"Zhong2025",2019
34,11.3784073951281,"Zhong2025",2019
35,0.901076364170495,"Zhong2025",2019
36,12.474027582117,"Zhong2025",2019
37,0.181853119647285,"Zhong2025",2019
38,0.851630087348476,"Zhong2025",2019
39,0.440727924908767,"Zhong2025",2019
40,12.8567524771941,"Zhong2025",2019
41,21.8384482613925,"Zhong2025",2019
42,0.569771448975791,"Zhong2025",2019
43,1.81288076559695,"Zhong2025",2019
44,0.0946783145446305,"Zhong2025",2019
45,9.89126984578029,"Zhong2025",2019
46,0.0015826474511529,"Zhong2025",2019
47,1.66278915794272,"Zhong2025",2019
48,1.92023669761227,"Zhong2025",2019
49,2.3755461976556,"Zhong2025",2019
50,0.0728313156962883,"Zhong2025",2019
51,10.2467083897392,"Zhong2025",2019
52,6.54535067663053,"Zhong2025",2019
53,2.08432414253102,"Zhong2025",2019
54,0.403911118217001,"Zhong2025",2019
55,0.0714872182598411,"Zhong2025",2019
56,0,"Zhong2025",2019
57,0,"Zhong2025",2019
58,23.3991136777969,"Zhong2025",2019
59,40.2514484209892,"Zhong2025",2019
60,16.1946505246491,"Zhong2025",2019
61,5.61562909089063,"Zhong2025",2019
62,2.08397439592763,"Zhong2025",2019
63,6.54386055231664,"Zhong2025",2019
64,7.33551477217048,"Zhong2025",2019
65,8.1692748618349,"Zhong2025",2019
66,2.81632129170239,"Zhong2025",2019
67,29.9853284953096,"Zhong2025",2019
68,18.4056597309372,"Zhong2025",2019
69,1.47522371504456,"Zhong2025",2019
70,1.61707355911533,"Zhong2025",2019
71,11.6298421790573,"Zhong2025",2019
72,3.29927598781566,"Zhong2025",2019
73,7.67558361844308,"Zhong2025",2019
74,6.64237674993208,"Zhong2025",2019
75,13.593255849095,"Zhong2025",2019
76,14.1172732720008,"Zhong2025",2019
77,3.75927846242081,"Zhong2025",2019
78,19.4864359066771,"Zhong2025",2019
79,10.4086709102805,"Zhong2025",2019
80,10.6638347751474,"Zhong2025",2019
81,6.86870511433823,"Zhong2025",2019
82,11.2820415121256,"Zhong2025",2019
83,11.3035944082334,"Zhong2025",2019
84,3.54535084355161,"Zhong2025",2019
85,6.26996219672904,"Zhong2025",2019
86,4.10132265057287,"Zhong2025",2019
87,7.50886284143695,"Zhong2025",2019
88,14.2047353029251,"Zhong2025",2019
89,2.42530873342294,"Zhong2025",2019
90,10.3384372046014,"Zhong2025",2019
91,8.39385805710366,"Zhong2025",2019
92,35.9247004044156,"Zhong2025",2019
93,10.1491128595202,"Zhong2025",2019
94,5.11290908714408,"Zhong2025",2019
95,15.0863082641222,"Zhong2025",2019
96,10.0354464637643,"Zhong2025",2019
97,12.7135154608768,"Zhong2025",2019
98,1.71632712891206,"Zhong2025",2019
99,6.5314576087735,"Zhong2025",2019
100,1.37205111350886,"Zhong2025",2019
101,2.51219344518803,"Zhong2025",2019
102,5.25964065093328,"Zhong2025",2019
103,1.14230313678085,"Zhong2025",2019
104,5.81741834360391,"Zhong2025",2019
105,0.293627077387972,"Zhong2025",2019
106,3.35006456639636,"Zhong2025",2019
107,0.687204501765259,"Zhong2025",2019
108,0.522887209096016,"Zhong2025",2019
109,3.18608054088114,"Zhong2025",2019
110,0.168829035070653,"Zhong2025",2019
111,1.58916040093465,"Zhong2025",2019
112,0.0453509536345949,"Zhong2025",2019
113,0.0415113454249705,"Zhong2025",2019
114,7.30212903249831,"Zhong2025",2019
115,2.11117631871076,"Zhong2025",2019
116,0.793595788751565,"Zhong2025",2019
117,1.24886719045207,"Zhong2025",2019
118,4.05436759050126,"Zhong2025",2019
119,0.169950825721025,"Zhong2025",2019
120,3.08085233204602,"Zhong2025",2019
121,1.1169887544968,"Zhong2025",2019
122,0.131023194799398,"Zhong2025",2019
123,8.62657775684013,"Zhong2025",2019
124,0.886662015779956,"Zhong2025",2019
125,6.5437550000591,"Zhong2025",2019
126,10.7479339195622,"Zhong2025",2019
127,1.93961324576949,"Zhong2025",2019
128,9.04855256187657,"Zhong2025",2019
129,6.48877031680865,"Zhong2025",2019
130,9.20337548903487,"Zhong2025",2019
131,15.0902597863795,"Zhong2025",2019
132,3.39402087271048,"Zhong2025",2019
133,5.24521541234947,"Zhong2025",2019
134,5.14925203190909,"Zhong2025",2019
135,1.29013768011819,"Zhong2025",2019
136,7.85680765765054,"Zhong2025",2019
137,11.3928528594971,"Zhong2025",2019
138,6.10126943359008,"Zhong2025",2019
139,4.74086306537273,"Zhong2025",2019
140,1.33384845821859,"Zhong2025",2019
141,5.2819045005354,"Zhong2025",2019
142,7.23301407744821,"Zhong2025",2019
143,0.731787121415138,"Zhong2025",2019
144,0.353264995762332,"Zhong2025",2019
145,7.74120027446085,"Zhong2025",2019
146,2.90109772011117,"Zhong2025",2019
147,4.94912715360662,"Zhong2025",2019
148,0.0953701105805076,"Zhong2025",2019
149,2.76323570638331,"Zhong2025",2019
150,5.54275303208109,"Zhong2025",2019
151,1.72273674927307,"Zhong2025",2019
152,0.763047684191002,"Zhong2025",2019
153,5.74165466114388,"Zhong2025",2019
154,5.69206981808568,"Zhong2025",2019
155,3.5965276920229,"Zhong2025",2019
156,0.0821777541132178,"Zhong2025",2019
157,11.0906367878119,"Zhong2025",2019
158,4.58028513438561,"Zhong2025",2019
159,6.73754867996978,"Zhong2025",2019
160,2.35334868104647,"Zhong2025",2019
161,1.39709003097436,"Zhong2025",2019
162,0.0706233698240296,"Zhong2025",2019
163,0.121875975941609,"Zhong2025",2019
164,0.492662870573261,"Zhong2025",2019
165,0.111399748585489,"Zhong2025",2019
166,0.0153817654382892,"Zhong2025",2019
167,0.0886038759175868,"Zhong2025",2019
168,0.00778134205194162,"Zhong2025",2019
169,0.0170501261028938,"Zhong2025",2019
170,0,"Zhong2025",2019
171,0,"Zhong2025",2019
172,0,"Zhong2025",2019
173,0.245658099720783,"Zhong2025",2019
174,0.0466433927160474,"Zhong2025",2019
175,0,"Zhong2025",2019
176,0.00465534012049973,"Zhong2025",2019
177,0.0671369352380365,"Zhong2025",2019
178,0,"Zhong2025",2019
179,0,"Zhong2025",2019
180,0.0196460906833944,"Zhong2025",2019
181,0.000952016672410011,"Zhong2025",2019
182,0,"Zhong2025",2019
183,0,"Zhong2025",2019
184,0,"Zhong2025",2019
185,0,"Zhong2025",2019
186,0.00725466805468263,"Zhong2025",2019
187,0.184468065288723,"Zhong2025",2019
188,0.0269093942409621,"Zhong2025",2019
189,0.00613258787450849,"Zhong2025",2019
190,6.7067768615969,"Zhong2025",2019
191,7.53064346342904,"Zhong2025",2019
192,0.0798273049415623,"Zhong2025",2019
193,0,"Zhong2025",2019
194,0.602066711628612,"Zhong2025",2019
195,3.14064411635449,"Zhong2025",2019
196,0.309313318842032,"Zhong2025",2019
197,0.501618723029842,"Zhong2025",2019
198,1.02183946028872,"Zhong2025",2019
199,0.12745060173341,"Zhong2025",2019
200,0.70051827496668,"Zhong2025",2019
201,0.100297813354415,"Zhong2025",2019
202,0.728621962613909,"Zhong2025",2019
203,0.113219201013134,"Zhong2025",2019
204,3.84421995404367,"Zhong2025",2019
205,0.436325569740683,"Zhong2025",2019
206,3.77374316482493,"Zhong2025",2019
207,0.179214331144369,"Zhong2025",2019
208,0.157487821931778,"Zhong2025",2019
209,0.150514637738647,"Zhong2025",2019
210,0.00120645550236861,"Zhong2025",2019
211,0,"Zhong2025",2019
212,0,"Zhong2025",2019
213,0,"Zhong2025",2019
214,0,"Zhong2025",2019
215,0,"Zhong2025",2019
216,0,"Zhong2025",2019
217,0.00293002363852803,"Zhong2025",2019
218,0,"Zhong2025",2019
219,0,"Zhong2025",2019
220,0.049719940228841,"Zhong2025",2019
221,0.0122045259175221,"Zhong2025",2019
222,0,"Zhong2025",2019
223,0,"Zhong2025",2019
224,0,"Zhong2025",2019
225,0,"Zhong2025",2019
226,0.101928310692022,"Zhong2025",2019
227,0.00726914036414963,"Zhong2025",2019
228,0.0147309004599275,"Zhong2025",2019
229,0.00836667406668159,"Zhong2025",2019
230,21.0913116029132,"Zhong2025",2019
231,2.35186169694042,"Zhong2025",2019
232,4.59562218980621,"Zhong2025",2019
233,0.302563662133661,"Zhong2025",2019
234,4.1569312173285,"Zhong2025",2019
235,10.6502598971128,"Zhong2025",2019
236,3.64837121459333,"Zhong2025",2019
237,3.70250072885024,"Zhong2025",2019
238,4.59608611393848,"Zhong2025",2019
239,3.17467549783616,"Zhong2025",2019
240,16.9058432997319,"Zhong2025",2019
241,8.1304716983084,"Zhong2025",2019
242,2.90455623404123,"Zhong2025",2019
243,8.45332460607668,"Zhong2025",2019
244,1.60224125732725,"Zhong2025",2019
245,8.93649050118959,"Zhong2025",2019
246,6.39638808809933,"Zhong2025",2019
247,0.718519269952033,"Zhong2025",2019
248,11.2079183456954,"Zhong2025",2019
249,5.90708391456043,"Zhong2025",2019
250,0.370788299282954,"Zhong2025",2019
251,1.97832353471227,"Zhong2025",2019
252,7.77031400151875,"Zhong2025",2019
253,1.11509873057139,"Zhong2025",2019
254,16.7746682894432,"Zhong2025",2019
255,2.22842050572974,"Zhong2025",2019
256,4.96708961971635,"Zhong2025",2019
257,34.5011781676998,"Zhong2025",2019
258,8.21318015386892,"Zhong2025",2019
259,17.6895995785271,"Zhong2025",2019
260,30.3838012119134,"Zhong2025",2019
261,4.7191229680533,"Zhong2025",2019
262,12.9640537869614,"Zhong2025",2019
263,1.40413699060726,"Zhong2025",2019
264,17.9165071297599,"Zhong2025",2019
265,11.5515934204848,"Zhong2025",2019
266,1.84502173753885,"Zhong2025",2019
267,17.160561881725,"Zhong2025",2019
268,4.76425260346393,"Zhong2025",2019
269,24.1741936582973,"Zhong2025",2019
270,4.53972160811386,"Zhong2025",2019
271,9.26287511937202,"Zhong2025",2019
272,7.31961924214154,"Zhong2025",2019
273,50.3423301643795,"Zhong2025",2019
274,7.60787337586701,"Zhong2025",2019
275,4.35427688922464,"Zhong2025",2019
276,19.2948883281035,"Zhong2025",2019
277,12.3928174972534,"Zhong2025",2019
278,0.595182289103985,"Zhong2025",2019
279,0.328319794949673,"Zhong2025",2019
280,8.61497359894987,"Zhong2025",2019
281,7.65320639787372,"Zhong2025",2019
282,4.44218024179469,"Zhong2025",2019
283,49.1413457183454,"Zhong2025",2019
284,5.62268643711473,"Zhong2025",2019
285,2.18395161725697,"Zhong2025",2019
286,0.922273998339971,"Zhong2025",2019
287,0.305374869934999,"Zhong2025",2019
288,0.780343438038132,"Zhong2025",2019
289,2.16355048647771,"Zhong2025",2019
290,40.4093385441288,"Zhong2025",2019
291,1.70350290101863,"Zhong2025",2019
292,21.5358915762967,"Zhong2025",2019
293,5.67976638897617,"Zhong2025",2019
294,0.322021722517093,"Zhong2025",2019
295,0.486216449194762,"Zhong2025",2019
296,0.297104936687423,"Zhong2025",2019
297,3.5134223682158,"Zhong2025",2019
298,0.393325428497171,"Zhong2025",2019
299,1.99086222800763,"Zhong2025",2019
300,15.3720732969396,"Zhong2025",2019
301,3.25794165725117,"Zhong2025",2019
302,0.800180314904127,"Zhong2025",2019
303,21.5375034199821,"Zhong2025",2019
304,1.68595261291425,"Zhong2025",2019
305,0.155471575145904,"Zhong2025",2019
306,2.67857426565794,"Zhong2025",2019
307,1.51239144302597,"Zhong2025",2019
308,2.62898303426285,"Zhong2025",2019
309,0.849893776482417,"Zhong2025",2019
310,2.89631223221495,"Zhong2025",2019
311,0.784670035051317,"Zhong2025",2019
312,6.88222135043393,"Zhong2025",2019
313,0.765014195768926,"Zhong2025",2019
314,4.80931554184949,"Zhong2025",2019
315,0.383380758925535,"Zhong2025",2019
316,0.273620347684914,"Zhong2025",2019
317,1.43692159845262,"Zhong2025",2019
318,2.64152533152916,"Zhong2025",2019
319,7.12920157061327,"Zhong2025",2019
320,3.473865144521,"Zhong2025",2019
321,0.69487819389627,"Zhong2025",2019
322,4.4943626557881,"Zhong2025",2019
323,7.01491434599491,"Zhong2025",2019
324,1.60064609080523,"Zhong2025",2019
325,0.686956187371646,"Zhong2025",2019
326,19.1219156726023,"Zhong2025",2019
327,4.14912352265663,"Zhong2025",2019
328,3.18909545063948,"Zhong2025",2019
329,9.73562874352035,"Zhong2025",2019
330,3.29956293821034,"Zhong2025",2019
331,7.53119611238578,"Zhong2025",2019
332,49.9018287181854,"Zhong2025",2019
333,3.72487711564671,"Zhong2025",2019
334,0.766806321096819,"Zhong2025",2019
335,6.51189425171317,"Zhong2025",2019
336,10.4419823992088,"Zhong2025",2019
337,50.1083104574858,"Zhong2025",2019
338,3.67060058999044,"Zhong2025",2019
339,2.55574805579056,"Zhong2025",2019
340,4.96053503368603,"Zhong2025",2019
341,9.65589671830336,"Zhong2025",2019
342,2.20479851061062,"Zhong2025",2019
343,1.66835939152182,"Zhong2025",2019
344,2.27596926014087,"Zhong2025",2019
345,10.1467557647024,"Zhong2025",2019
346,5.83528169590962,"Zhong2025",2019
347,4.03834089794845,"Zhong2025",2019
348,0.526832652977553,"Zhong2025",2019
349,1.53887363026215,"Zhong2025",2019
350,0.711412038238012,"Zhong2025",2019
351,21.3146434341158,"Zhong2025",2019
352,0.418496960515611,"Zhong2025",2019
353,10.5121575110271,"Zhong2025",2019
354,1.43317654021543,"Zhong2025",2019
355,3.728826880776,"Zhong2025",2019
356,0.848213498597218,"Zhong2025",2019
357,11.2842626114021,"Zhong2025",2019
358,0.68360515866946,"Zhong2025",2019
359,2.01956225957264,"Zhong2025",2019
360,2.6364268851501,"Zhong2025",2019
361,14.3470874184585,"Zhong2025",2019
362,1.01933805410942,"Zhong2025",2019
363,1.74662050175494,"Zhong2025",2019
364,0.819145690401928,"Zhong2025",2019
365,2.43228404626983,"Zhong2025",2019
366,0.611298722428634,"Zhong2025",2019
367,51.2181687996938,"Zhong2025",2019
368,20.0886618321044,"Zhong2025",2019
369,0.827435534030171,"Zhong2025",2019
370,5.24628555696252,"Zhong2025",2019
371,3.04298084155447,"Zhong2025",2019
372,1.087199347987,"Zhong2025",2019
373,6.26495482223599,"Zhong2025",2019
374,0.199291850008022,"Zhong2025",2019
375,13.4458419202917,"Zhong2025",2019
376,5.82220164835453,"Zhong2025",2019
377,0.511844404156189,"Zhong2025",2019
378,0.417681118148326,"Zhong2025",2019
379,0.632487437883002,"Zhong2025",2019
380,0.0172274339012802,"Zhong2025",2019
381,10.2567631021142,"Zhong2025",2019
382,29.5697383880615,"Zhong2025",2019
383,0.899676144785351,"Zhong2025",2019
384,1.33810732539379,"Zhong2025",2019
385,12.6122265718031,"Zhong2025",2019
386,10.4062206907231,"Zhong2025",2019
387,30.9167747088841,"Zhong2025",2019
388,4.78895273061347,"Zhong2025",2019
389,3.24880272754512,"Zhong2025",2019
390,62.8499296188354,"Zhong2025",2019
391,4.2538034215806,"Zhong2025",2019
392,11.2280612996787,"Zhong2025",2019
393,9.26549067327546,"Zhong2025",2019
394,34.7652146392073,"Zhong2025",2019
395,2.86283494549848,"Zhong2025",2019
396,3.42691063233731,"Zhong2025",2019
397,2.16287825021394,"Zhong2025",2019
398,40.6890520507639,"Zhong2025",2019
399,0.128941149363555,"Zhong2025",2019
400,0.254639913305175,"Zhong2025",2019
401,0.428215302443825,"Zhong2025",2019
402,0.253761410616068,"Zhong2025",2019
403,0,"Zhong2025",2019
404,0,"Zhong2025",2019
405,7.91274360102668,"Zhong2025",2019
406,0.0179676502098294,"Zhong2025",2019
407,0.925692688834212,"Zhong2025",2019
408,0.0871605866007945,"Zhong2025",2019
409,0,"Zhong2025",2019
410,0.267249493476223,"Zhong2025",2019
411,0,"Zhong2025",2019
412,0.119248029736287,"Zhong2025",2019
413,0.00473986669501692,"Zhong2025",2019
414,0,"Zhong2025",2019
415,0.150441186115108,"Zhong2025",2019
416,0,"Zhong2025",2019
417,0.222553600167686,"Zhong2025",2019
418,0.50337415497735,"Zhong2025",2019
419,0.249112472351098,"Zhong2025",2019
420,0,"Zhong2025",2019
421,0.129677380088412,"Zhong2025",2019
422,0.0122744055588002,"Zhong2025",2019
423,0.023616139453204,"Zhong2025",2019
424,0,"Zhong2025",2019
425,0,"Zhong2025",2019
426,0.051870019004437,"Zhong2025",2019
427,0.0108151844354591,"Zhong2025",2019
428,0,"Zhong2025",2019
429,0.402966955549172,"Zhong2025",2019
430,0.279332724595265,"Zhong2025",2019
431,0.0667151853515347,"Zhong2025",2019
432,0.013136255054752,"Zhong2025",2019
433,0.257355426375242,"Zhong2025",2019
434,0.0355455313141238,"Zhong2025",2019
435,1.2026117361806,"Zhong2025",2019
436,0.666014464954026,"Zhong2025",2019
437,4.00686140583754,"Zhong2025",2019
438,0.682014230985574,"Zhong2025",2019
439,1.1572120205715,"Zhong2025",2019
440,0.560155727120816,"Zhong2025",2019
441,15.7174056717165,"Zhong2025",2019
442,2.39351365221989,"Zhong2025",2019
443,7.21348075336899,"Zhong2025",2019
444,5.43654605510554,"Zhong2025",2019
445,6.61373531724277,"Zhong2025",2019
446,3.30077300153988,"Zhong2025",2019
447,4.54763776333259,"Zhong2025",2019
448,1.24932323204406,"Zhong2025",2019
449,7.76544750459266,"Zhong2025",2019
450,1.37671859294588,"Zhong2025",2019
451,2.43006876149952,"Zhong2025",2019
452,1.20178025121252,"Zhong2025",2019
453,0.201237113684963,"Zhong2025",2019
454,9.16755141152276,"Zhong2025",2019
455,6.00501059406017,"Zhong2025",2019
456,10.8288651162928,"Zhong2025",2019
457,10.2022291931451,"Zhong2025",2019
458,3.09782803930076,"Zhong2025",2019
459,3.5313776462963,"Zhong2025",2019
460,1.18774556528281,"Zhong2025",2019
461,4.37612135767142,"Zhong2025",2019
462,10.1312681477645,"Zhong2025",2019
463,1.18198552513879,"Zhong2025",2019
464,2.36968050313798,"Zhong2025",2019
465,1.12930483728243,"Zhong2025",2019
466,0.371993816992119,"Zhong2025",2019
467,59.3384050974032,"Zhong2025",2019
468,24.8372204176342,"Zhong2025",2019
469,15.1827042579651,"Zhong2025",2019
470,10.636223377453,"Zhong2025",2019
471,39.054540007455,"Zhong2025",2019
472,10.2988057016024,"Zhong2025",2019
473,9.0247657717516,"Zhong2025",2019
474,37.7860496227558,"Zhong2025",2019
475,10.1752170701898,"Zhong2025",2019
476,15.7740611689431,"Zhong2025",2019
477,3.93965619678936,"Zhong2025",2019
478,18.2188499707442,"Zhong2025",2019
479,9.95731875583597,"Zhong2025",2019
480,42.4353735605876,"Zhong2025",2019
481,8.81501693151774,"Zhong2025",2019
482,39.0026640181846,"Zhong2025",2019
483,13.4807560787697,"Zhong2025",2019
484,9.79241137107213,"Zhong2025",2019
485,24.0924195612178,"Zhong2025",2019
486,57.5487863687369,"Zhong2025",2019
487,13.8735923270384,"Zhong2025",2019
488,13.4846065667959,"Zhong2025",2019
489,10.9421358819191,"Zhong2025",2019
490,28.5957906701262,"Zhong2025",2019
491,0.159306499628402,"Zhong2025",2019
492,0.430324171247504,"Zhong2025",2019
493,0.685565153412797,"Zhong2025",2019
494,10.437549954509,"Zhong2025",2019
495,5.67650622226341,"Zhong2025",2019
496,0.361843868911136,"Zhong2025",2019
497,4.5613749466589,"Zhong2025",2019
498,1.60318587498815,"Zhong2025",2019
499,12.8304815091477,"Zhong2025",2019
500,0.913010590478022,"Zhong2025",2019
501,12.8966896560166,"Zhong2025",2019
502,3.06901870092043,"Zhong2025",2019
503,1.07243773241899,"Zhong2025",2019
504,1.67258034061186,"Zhong2025",2019
505,7.01050996771783,"Zhong2025",2019
506,1.70555981721838,"Zhong2025",2019
507,4.74673071164602,"Zhong2025",2019
508,0,"Zhong2025",2019
509,2.42383922000442,"Zhong2025",2019
510,0.477149961088567,"Zhong2025",2019
511,0.0405050011482639,"Zhong2025",2019
512,0.149100875706165,"Zhong2025",2019
513,0.821253020096802,"Zhong2025",2019
514,0.499973829831486,"Zhong2025",2019
515,10.4531389599623,"Zhong2025",2019
516,11.1081944834102,"Zhong2025",2019
517,3.11227774493173,"Zhong2025",2019
518,0.143973489623034,"Zhong2025",2019
519,3.27091677714983,"Zhong2025",2019
520,1.0525348128522,"Zhong2025",2019
521,0.328994040154322,"Zhong2025",2019
522,8.87814369188488,"Zhong2025",2019
523,14.7240477910071,"Zhong2025",2019
524,0.433972497952472,"Zhong2025",2019
525,0.17726321887759,"Zhong2025",2019
526,5.09972777603065,"Zhong2025",2019
527,4.34557421521679,"Zhong2025",2019
528,0.243777609234791,"Zhong2025",2019
529,27.3298916054643,"Zhong2025",2019
530,16.2731033780088,"Zhong2025",2019
531,10.3597545478795,"Zhong2025",2019
532,1.88693947938492,"Zhong2025",2019
533,1.80154727031751,"Zhong2025",2019
534,3.96340575758129,"Zhong2025",2019
535,0.661274043243824,"Zhong2025",2019
536,4.04766240004045,"Zhong2025",2019
537,2.53659526320507,"Zhong2025",2019
538,2.4616323920132,"Zhong2025",2019
539,6.21474450128327,"Zhong2025",2019
540,3.97592586816137,"Zhong2025",2019
541,5.29849795997143,"Zhong2025",2019
542,2.4935132427858,"Zhong2025",2019
543,11.6604376653711,"Zhong2025",2019
544,4.12869434364854,"Zhong2025",2019
545,2.07451447775959,"Zhong2025",2019
546,2.7691747743486,"Zhong2025",2019
547,3.37220410174945,"Zhong2025",2019
548,3.46307703095233,"Zhong2025",2019
549,2.21088420643459,"Zhong2025",2019
550,2.06206936265812,"Zhong2025",2019
551,3.58366714935084,"Zhong2025",2019
552,2.33260138276673,"Zhong2025",2019
553,4.87278752165487,"Zhong2025",2019
554,2.77532469503978,"Zhong2025",2019
555,0.925237897746031,"Zhong2025",2019
556,8.52457345119816,"Zhong2025",2019
557,6.38875241093861,"Zhong2025",2019
558,10.2637859557754,"Zhong2025",2019
559,5.40411078773202,"Zhong2025",2019
560,2.70279956868035,"Zhong2025",2019
561,6.98027829918637,"Zhong2025",2019
562,17.6347149437442,"Zhong2025",2019
563,6.94198130175874,"Zhong2025",2019
564,3.06698193710605,"Zhong2025",2019
565,7.09751519743058,"Zhong2025",2019
566,1.71406093184259,"Zhong2025",2019
567,8.61837952720707,"Zhong2025",2019
568,1.05353659253349,"Zhong2025",2019
569,3.23637187697542,"Zhong2025",2019
570,0.357793668466256,"Zhong2025",2019
571,3.78919789605031,"Zhong2025",2019
572,1.66914107052238,"Zhong2025",2019
573,2.42841547591924,"Zhong2025",2019
574,1.80373998224422,"Zhong2025",2019
575,1.71595246913509,"Zhong2025",2019
576,6.86816461353252,"Zhong2025",2019
577,0.74838876197315,"Zhong2025",2019
578,3.56287937999523,"Zhong2025",2019
579,2.45038588217741,"Zhong2025",2019
580,4.7097330386431,"Zhong2025",2019
581,2.09927746345474,"Zhong2025",2019
582,0.761170747419616,"Zhong2025",2019
583,0.373188344677542,"Zhong2025",2019
584,1.60843923406663,"Zhong2025",2019
585,1.5527733948037,"Zhong2025",2019
586,1.59103890848209,"Zhong2025",2019
587,2.0777137308576,"Zhong2025",2019
588,0.31996560479319,"Zhong2025",2019
589,6.08920797823995,"Zhong2025",2019
590,1.74734891719063,"Zhong2025",2019
591,4.59999612078254,"Zhong2025",2019
592,0.861885306545551,"Zhong2025",2019
593,0.700991510628508,"Zhong2025",2019
594,10.5996640525572,"Zhong2025",2019
595,1.46919788922008,"Zhong2025",2019
596,0.2939703284634,"Zhong2025",2019
597,10.3577848987403,"Zhong2025",2019
598,1.56056642655648,"Zhong2025",2019
599,4.17255157015848,"Zhong2025",2019
600,1.79500737062482,"Zhong2025",2019
601,5.30505475064483,"Zhong2025",2019
602,2.28083925032906,"Zhong2025",2019
603,25.2093478309697,"Zhong2025",2019
604,3.46525030059655,"Zhong2025",2019
605,1.41654711750551,"Zhong2025",2019
606,6.90330251818188,"Zhong2025",2019
607,11.5711034920772,"Zhong2025",2019
608,21.4076680898666,"Zhong2025",2019
609,4.3092771479967,"Zhong2025",2019
610,2.3095405485178,"Zhong2025",2019
611,3.43065054062754,"Zhong2025",2019
612,0.359468826131585,"Zhong2025",2019
613,3.5989201529586,"Zhong2025",2019
614,10.5129465560002,"Zhong2025",2019
615,0.561648043979701,"Zhong2025",2019
616,4.8142265086537,"Zhong2025",2019
617,6.64711622958598,"Zhong2025",2019
618,14.9984977802673,"Zhong2025",2019
619,0.685705171906404,"Zhong2025",2019
620,9.78445528972082,"Zhong2025",2019
621,2.63019196388275,"Zhong2025",2019
622,2.70553074754498,"Zhong2025",2019
623,6.74311032079403,"Zhong2025",2019
624,4.95662169348461,"Zhong2025",2019
625,0.414825791986659,"Zhong2025",2019
626,7.15961729736999,"Zhong2025",2019
627,9.43376156248816,"Zhong2025",2019
628,14.7780427249362,"Zhong2025",2019
629,44.3577677055641,"Zhong2025",2019
630,14.9188365106997,"Zhong2025",2019
631,0.810530771794155,"Zhong2025",2019
632,0.0646713696436651,"Zhong2025",2019
633,0.0409541776619818,"Zhong2025",2019
634,2.61241226956607,"Zhong2025",2019
635,0.538592459069647,"Zhong2025",2019
636,3.2752197001286,"Zhong2025",2019
637,0.837176146849506,"Zhong2025",2019
638,34.8757055476308,"Zhong2025",2019
639,2.357145956417,"Zhong2025",2019
640,0.752374792339286,"Zhong2025",2019
641,2.83318813351838,"Zhong2025",2019
642,2.22987666617548,"Zhong2025",2019
643,0.619676332625132,"Zhong2025",2019
644,1.06827379683299,"Zhong2025",2019
645,1.25709206174699,"Zhong2025",2019
646,10.5331348063899,"Zhong2025",2019
647,0.662212144640776,"Zhong2025",2019
648,0.837564010079167,"Zhong2025",2019
649,19.9067208400139,"Zhong2025",2019
650,4.47247636515969,"Zhong2025",2019
651,0.147790143407787,"Zhong2025",2019
652,4.32141342813122,"Zhong2025",2019
653,1.12912844982699,"Zhong2025",2019
654,14.7932305553414,"Zhong2025",2019
655,0.185738021614668,"Zhong2025",2019
656,1.12677154454966,"Zhong2025",2019
657,7.91603867962675,"Zhong2025",2019
658,8.50816326454903,"Zhong2025",2019
659,7.08263119890705,"Zhong2025",2019
660,0.0050476972395793,"Zhong2025",2019
661,24.3165895001542,"Zhong2025",2019
662,0.0846270635347285,"Zhong2025",2019
663,1.18495386112481,"Zhong2025",2019
664,0,"Zhong2025",2019
665,1.09118047514172,"Zhong2025",2019
666,1.76765989580302,"Zhong2025",2019
667,0.123171114096132,"Zhong2025",2019
668,4.38284772213212,"Zhong2025",2019
669,0.739972656415827,"Zhong2025",2019
670,0.273884390746061,"Zhong2025",2019
671,3.10887107660009,"Zhong2025",2019
672,19.4833497407048,"Zhong2025",2019
673,6.15795995565432,"Zhong2025",2019
674,1.80745324002881,"Zhong2025",2019
675,9.55970090547843,"Zhong2025",2019
676,4.22183895187955,"Zhong2025",2019
677,0.405398131752352,"Zhong2025",2019
678,1.26485570720224,"Zhong2025",2019
679,10.0070485070694,"Zhong2025",2019
680,5.91644950522933,"Zhong2025",2019
681,5.33906458546814,"Zhong2025",2019
682,0.305688965113899,"Zhong2025",2019
683,14.6847269882201,"Zhong2025",2019
684,1.16884026444884,"Zhong2025",2019
685,1.79381842033504,"Zhong2025",2019
686,9.31370088539756,"Zhong2025",2019
687,8.41488388965271,"Zhong2025",2019
688,1.25291247916934,"Zhong2025",2019
689,2.25475878669231,"Zhong2025",2019
690,4.00060555133326,"Zhong2025",2019
691,2.24573780846161,"Zhong2025",2019
692,17.2788879556788,"Zhong2025",2019
693,2.50803525658109,"Zhong2025",2019
694,9.14023139136178,"Zhong2025",2019
695,5.97850116644598,"Zhong2025",2019
696,0.630682743610004,"Zhong2025",2019
697,9.87522033730844,"Zhong2025",2019
698,0.387396474469285,"Zhong2025",2019
699,0.15885604953482,"Zhong2025",2019
700,3.23848288342771,"Zhong2025",2019
701,0.890511017840287,"Zhong2025",2019
702,6.30746167315089,"Zhong2025",2019
703,6.93416064127558,"Zhong2025",2019
704,16.7093965801699,"Zhong2025",2019
705,1.80920190903647,"Zhong2025",2019
706,37.2740356726725,"Zhong2025",2019
707,3.25175360550306,"Zhong2025",2019
708,12.3394448094898,"Zhong2025",2019
709,0.224926453765482,"Zhong2025",2019
710,5.5194936977883,"Zhong2025",2019
711,0.526741127003292,"Zhong2025",2019
712,10.8086641266988,"Zhong2025",2019
713,0.0953517005750627,"Zhong2025",2019
714,5.33851673326841,"Zhong2025",2019
715,0.383531937965154,"Zhong2025",2019
716,0.223901720048599,"Zhong2025",2019
717,2.57408319787635,"Zhong2025",2019
718,6.244153869677,"Zhong2025",2019
719,3.45719452944208,"Zhong2025",2019
720,0.0934786738504267,"Zhong2025",2019
721,2.67551397337363,"Zhong2025",2019
722,10.8616161852172,"Zhong2025",2019
723,15.6826917539442,"Zhong2025",2019
724,0.155282755131307,"Zhong2025",2019
725,4.86193150488867,"Zhong2025",2019
726,0.230732831480567,"Zhong2025",2019
727,1.06339281338912,"Zhong2025",2019
728,3.17054308956545,"Zhong2025",2019
729,0.547229401694918,"Zhong2025",2019
730,5.17362709952072,"Zhong2025",2019
731,0.715370894739086,"Zhong2025",2019
732,11.2637798044062,"Zhong2025",2019
733,4.75356343517333,"Zhong2025",2019
734,1.27800247322635,"Zhong2025",2019
735,0.929239304329861,"Zhong2025",2019
736,4.01855155293431,"Zhong2025",2019
737,4.35155893894262,"Zhong2025",2019
738,8.09028942108154,"Zhong2025",2019
739,4.01472499497876,"Zhong2025",2019
740,22.2380968729655,"Zhong2025",2019
741,0.582576861506125,"Zhong2025",2019
742,4.89156094437296,"Zhong2025",2019
743,10.2100818422106,"Zhong2025",2019
744,1.81835381287309,"Zhong2025",2019
745,4.30597802742999,"Zhong2025",2019
746,2.8133973403207,"Zhong2025",2019
747,19.9199533280061,"Zhong2025",2019
748,3.40893134520212,"Zhong2025",2019
749,2.26287685707211,"Zhong2025",2019
750,3.31988335396111,"Zhong2025",2019
751,0.947191211826134,"Zhong2025",2019
752,20.5748515000214,"Zhong2025",2019
753,1.23422575844541,"Zhong2025",2019
754,0.510463471813449,"Zhong2025",2019
755,5.56559361024695,"Zhong2025",2019
756,7.26841568777901,"Zhong2025",2019
757,0.313903877628036,"Zhong2025",2019
758,0.132843885328162,"Zhong2025",2019
759,0.332675444635172,"Zhong2025",2019
760,0.199546466162567,"Zhong2025",2019
761,13.490396677279,"Zhong2025",2019
762,17.3874513146489,"Zhong2025",2019
763,12.9056669184642,"Zhong2025",2019
764,11.4544089709065,"Zhong2025",2019
765,1.55596937255022,"Zhong2025",2019
766,7.33015152812004,"Zhong2025",2019
767,15.3672226951236,"Zhong2025",2019
768,0.207425188802973,"Zhong2025",2019
769,16.2195214203426,"Zhong2025",2019
770,55.5546107205478,"Zhong2025",2019
771,0.736522229870316,"Zhong2025",2019
772,11.901953815395,"Zhong2025",2019
773,2.01657860701905,"Zhong2025",2019
774,1.03526546398579,"Zhong2025",2019
775,12.539335396905,"Zhong2025",2019
776,10.0412343481029,"Zhong2025",2019
777,6.32230692572175,"Zhong2025",2019
778,16.0015372186899,"Zhong2025",2019
779,55.4319614475056,"Zhong2025",2019
780,9.47927987215848,"Zhong2025",2019
781,19.7917821000262,"Zhong2025",2019
782,0.577981423001204,"Zhong2025",2019
783,31.0901007879348,"Zhong2025",2019
784,1.60179798353425,"Zhong2025",2019
785,4.48488033216196,"Zhong2025",2019
786,56.3855479184319,"Zhong2025",2019
787,6.50259242134999,"Zhong2025",2019
788,0.0731445984229342,"Zhong2025",2019
789,34.9025289846021,"Zhong2025",2019
790,0.729223395169,"Zhong2025",2019
791,0.304375104916258,"Zhong2025",2019
792,14.6153317123163,"Zhong2025",2019
793,9.4223579565684,"Zhong2025",2019
794,4.56460057941011,"Zhong2025",2019
795,9.13014955649681,"Zhong2025",2019
796,3.54059873947075,"Zhong2025",2019
797,6.65482359540774,"Zhong2025",2019
798,9.15430668930509,"Zhong2025",2019
799,4.49168845512583,"Zhong2025",2019
800,0.138997233236488,"Zhong2025",2019
801,1.05781981335591,"Zhong2025",2019
802,0.929343110612843,"Zhong2025",2019
803,21.9170157654562,"Zhong2025",2019
804,19.0767157554626,"Zhong2025",2019
805,2.59937962830948,"Zhong2025",2019
806,0.440951596096377,"Zhong2025",2019
807,11.0544812826463,"Zhong2025",2019
808,7.48228032934494,"Zhong2025",2019
809,1.42820717546964,"Zhong2025",2019
810,44.9304805228381,"Zhong2025",2019
811,1.50826023796773,"Zhong2025",2019
812,0.302529405836253,"Zhong2025",2019
813,9.07844030343253,"Zhong2025",2019
814,15.4302377884205,"Zhong2025",2019
815,12.7696585565805,"Zhong2025",2019
816,2.36922664412608,"Zhong2025",2019
817,5.1547363169988,"Zhong2025",2019
818,0.358191722264839,"Zhong2025",2019
819,3.10435541760783,"Zhong2025",2019
820,0,"Zhong2025",2019
821,8.40394288059827,"Zhong2025",2019
822,0.361554289880888,"Zhong2025",2019
823,4.50651875108336,"Zhong2025",2019
824,3.68349839700128,"Zhong2025",2019
825,0.599592434972817,"Zhong2025",2019
826,4.73682124759736,"Zhong2025",2019
827,4.54057185698862,"Zhong2025",2019
828,6.71339829099866,"Zhong2025",2019
829,10.1857727986116,"Zhong2025",2019
830,22.7334081543816,"Zhong2025",2019
831,19.8425796792862,"Zhong2025",2019
832,1.96539725813155,"Zhong2025",2019
833,0.207288524972611,"Zhong2025",2019
834,10.8829204809098,"Zhong2025",2019
835,11.8907329110075,"Zhong2025",2019
836,12.9753438914632,"Zhong2025",2019
837,17.3433040394503,"Zhong2025",2019
838,8.21577048677421,"Zhong2025",2019
839,38.3389565742622,"Zhong2025",2019
840,11.8606930553913,"Zhong2025",2019
841,11.4859032463282,"Zhong2025",2019
842,3.79252806240625,"Zhong2025",2019
843,4.58595066778405,"Zhong2025",2019
844,10.8853951295217,"Zhong2025",2019
845,27.1990854649604,"Zhong2025",2019
846,5.78800294002535,"Zhong2025",2019
847,17.5571482269852,"Zhong2025",2019
848,38.630768807208,"Zhong2025",2019
849,13.8942736612426,"Zhong2025",2019
850,1.67880300252602,"Zhong2025",2019
851,9.09393015777759,"Zhong2025",2019
852,47.7183969116211,"Zhong2025",2019
853,0.170618404487246,"Zhong2025",2019
854,0.418403686036145,"Zhong2025",2019
855,11.5943845199035,"Zhong2025",2019
856,16.9001339516706,"Zhong2025",2019
857,2.53423215549995,"Zhong2025",2019
858,2.5118388721825,"Zhong2025",2019
859,0.928828369875095,"Zhong2025",2019
860,4.98211444159077,"Zhong2025",2019
861,0.0453768068946374,"Zhong2025",2019
862,6.12102318225305,"Zhong2025",2019
863,14.2190015202477,"Zhong2025",2019
864,8.61691979641138,"Zhong2025",2019
865,0.146353494677693,"Zhong2025",2019
866,14.5852361776061,"Zhong2025",2019
867,22.6236563097918,"Zhong2025",2019
868,13.03616133496,"Zhong2025",2019
869,12.9269369266055,"Zhong2025",2019
870,0.749255671336956,"Zhong2025",2019
871,0.204816459589232,"Zhong2025",2019
872,4.50503224514692,"Zhong2025",2019
873,0.134463361572278,"Zhong2025",2019
874,0.663774698538085,"Zhong2025",2019
875,0.313305748068513,"Zhong2025",2019
876,7.46248873484986,"Zhong2025",2019
877,0.43721202012609,"Zhong2025",2019
878,3.97425039541642,"Zhong2025",2019
879,5.38356466750047,"Zhong2025",2019
880,2.60293570524928,"Zhong2025",2019
881,0.0693448609589333,"Zhong2025",2019
882,1.02161024031653,"Zhong2025",2019
883,1.59209586094632,"Zhong2025",2019
884,1.18577899876199,"Zhong2025",2019
885,1.09653984178074,"Zhong2025",2019
886,24.0635259722084,"Zhong2025",2019
887,2.02361726865012,"Zhong2025",2019
888,1.2474502539703,"Zhong2025",2019
889,6.90652353418213,"Zhong2025",2019
890,6.30084637467979,"Zhong2025",2019
891,1.6361058657812,"Zhong2025",2019
892,4.77095412046827,"Zhong2025",2019
893,2.87674317628801,"Zhong2025",2019
894,0.668423824862852,"Zhong2025",2019
895,0.546042044061905,"Zhong2025",2019
896,17.353695190502,"Zhong2025",2019
897,1.81915756112617,"Zhong2025",2019
898,0.471716072598175,"Zhong2025",2019
899,1.39719200213231,"Zhong2025",2019
900,0.0180717064218376,"Zhong2025",2019
901,26.9331136740217,"Zhong2025",2019
902,0.206004983674451,"Zhong2025",2019
903,0.861592382992585,"Zhong2025",2019
904,0.331765307403454,"Zhong2025",2019
905,0.603747649559608,"Zhong2025",2019
906,1.37615643482369,"Zhong2025",2019
907,0.618392832706662,"Zhong2025",2019
908,0.321801771192542,"Zhong2025",2019
909,23.3492525480589,"Zhong2025",2019
910,16.5060199761309,"Zhong2025",2019
911,13.8335351277967,"Zhong2025",2019
912,2.49075157204178,"Zhong2025",2019
913,3.17860310068975,"Zhong2025",2019
914,11.1089685265062,"Zhong2025",2019
915,0.97693342968147,"Zhong2025",2019
916,1.50759524576491,"Zhong2025",2019
917,0.154553098109519,"Zhong2025",2019
918,1.583597868471,"Zhong2025",2019
919,2.44439932239863,"Zhong2025",2019
920,1.64608626559775,"Zhong2025",2019
921,10.3997395292725,"Zhong2025",2019
922,4.31507893264412,"Zhong2025",2019
923,0.113331828771824,"Zhong2025",2019
924,0.0296714389286996,"Zhong2025",2019
925,0.699302511487269,"Zhong2025",2019
926,0.350784532940401,"Zhong2025",2019
927,0.281212271487001,"Zhong2025",2019
928,0.227469866126028,"Zhong2025",2019
929,0.0938755762521411,"Zhong2025",2019
930,6.19260740924356,"Zhong2025",2019
931,1.37947965513721,"Zhong2025",2019
932,0.323979392031149,"Zhong2025",2019
933,0.0157900866904547,"Zhong2025",2019
934,0.438401596567115,"Zhong2025",2019
935,0.116032487275396,"Zhong2025",2019
936,0.07551382397155,"Zhong2025",2019
937,0.00568104375025897,"Zhong2025",2019
938,0.91176685547041,"Zhong2025",2019
939,11.52521077198,"Zhong2025",2019
940,6.49945575123709,"Zhong2025",2019
941,1.51423034991286,"Zhong2025",2019
942,3.02531686976279,"Zhong2025",2019
943,0.766906978497903,"Zhong2025",2019
944,1.01421306996906,"Zhong2025",2019
945,0.645584001168806,"Zhong2025",2019
946,2.20442912055847,"Zhong2025",2019
947,1.17234464207704,"Zhong2025",2019
948,1.32266518997424,"Zhong2025",2019
949,7.51171389253609,"Zhong2025",2019
950,7.59373855246916,"Zhong2025",2019
951,1.17425015024258,"Zhong2025",2019
952,2.4990190096951,"Zhong2025",2019
953,8.05959049761592,"Zhong2025",2019
954,9.1420093266237,"Zhong2025",2019
955,0.589507279955924,"Zhong2025",2019
956,0.567843089632119,"Zhong2025",2019
957,0.827221457968391,"Zhong2025",2019
958,0.704932664281999,"Zhong2025",2019
959,0.901336476759675,"Zhong2025",2019
960,5.96783067866808,"Zhong2025",2019
961,2.52421050229622,"Zhong2025",2019
962,0.588949144137976,"Zhong2025",2019
963,4.31364349264246,"Zhong2025",2019
964,1.19027007296469,"Zhong2025",2019
965,9.9761202186693,"Zhong2025",2019
966,6.63205107033133,"Zhong2025",2019
967,4.05284164042537,"Zhong2025",2019
968,0.018503496365156,"Zhong2025",2019
969,5.78766009285294,"Zhong2025",2019
970,0.360086967581478,"Zhong2025",2019
971,3.95330057135892,"Zhong2025",2019
972,1.1697377869482,"Zhong2025",2019
973,7.00582757159515,"Zhong2025",2019
974,2.56632491118975,"Zhong2025",2019
975,0.528080123883628,"Zhong2025",2019
976,0.328382239830268,"Zhong2025",2019
977,0.0415788432767373,"Zhong2025",2019
978,4.35914587094214,"Zhong2025",2019
979,18.9930959818315,"Zhong2025",2019
980,7.9051032579924,"Zhong2025",2019
981,13.4072537792055,"Zhong2025",2019
982,3.509239756627,"Zhong2025",2019
983,4.38610822356799,"Zhong2025",2019
984,6.27579592830605,"Zhong2025",2019
985,1.57164201341655,"Zhong2025",2019
986,0.295657681138085,"Zhong2025",2019
987,0.392419678208075,"Zhong2025",2019
988,0.400533265862111,"Zhong2025",2019
989,1.08810714011591,"Zhong2025",2019
990,1.53852248055512,"Zhong2025",2019
991,0.0393561898204296,"Zhong2025",2019
992,3.04146453778844,"Zhong2025",2019
993,0.626283970138219,"Zhong2025",2019
994,0.717996241223046,"Zhong2025",2019
995,0.396753412282354,"Zhong2025",2019
996,2.50030169778042,"Zhong2025",2019
997,5.98188969511677,"Zhong2025",2019
998,0.643224460954796,"Zhong2025",2019
999,3.78331434149896,"Zhong2025",2019
1000,16.0336210099909,"Zhong2025",2019
1001,0.153552930271685,"Zhong2025",2019
1002,4.5306811635325,"Zhong2025",2019
1003,0.00848556692535813,"Zhong2025",2019
1004,2.94797254645493,"Zhong2025",2019
1005,0.603387995806199,"Zhong2025",2019
1006,0,"Zhong2025",2019
1007,0.936829680454044,"Zhong2025",2019
1008,13.0316343293146,"Zhong2025",2019
1009,1.26067414105034,"Zhong2025",2019
1010,0,"Zhong2025",2019
1011,0.720535090474489,"Zhong2025",2019
1012,2.99508387955962,"Zhong2025",2019
1013,2.03236431935254,"Zhong2025",2019
1014,1.91690083371818,"Zhong2025",2019
1015,2.09958522458628,"Zhong2025",2019
1016,5.62044649534577,"Zhong2025",2019
1017,2.00279734144354,"Zhong2025",2019
1018,1.55593752742983,"Zhong2025",2019
1019,0.366779980329531,"Zhong2025",2019
1020,0.394271840026672,"Zhong2025",2019
1021,0.101022854222347,"Zhong2025",2019
1022,9.03407830062437,"Zhong2025",2019
1023,9.24120021364744,"Zhong2025",2019
1024,0,"Zhong2025",2019
1025,13.0111452166376,"Zhong2025",2019
1026,2.03776176377555,"Zhong2025",2019
1027,0.37539960207209,"Zhong2025",2019
1028,0.290411814298264,"Zhong2025",2019
1029,1.38040153729369,"Zhong2025",2019
1030,1.54294788962637,"Zhong2025",2019
1031,0.175079104187989,"Zhong2025",2019
1032,3.19814369827509,"Zhong2025",2019
1033,2.69567779716799,"Zhong2025",2019
1034,3.54673237160042,"Zhong2025",2019
1035,11.1570946751979,"Zhong2025",2019
1036,5.12101163632495,"Zhong2025",2019
1037,0.0743397691936484,"Zhong2025",2019
1038,1.60937760929458,"Zhong2025",2019
1039,0.905640667599851,"Zhong2025",2019
1040,0.0569257140957445,"Zhong2025",2019
1041,2.88247443086573,"Zhong2025",2019
1042,0.0846948624721869,"Zhong2025",2019
1043,0.319622274507817,"Zhong2025",2019
1044,0.656210436000804,"Zhong2025",2019
1045,0.0519409071476687,"Zhong2025",2019
1046,1.27767777325323,"Zhong2025",2019
1047,1.10429835761773,"Zhong2025",2019
1048,0.197560126736551,"Zhong2025",2019
1049,0.0757572181703008,"Zhong2025",2019
1050,0.388722687923822,"Zhong2025",2019
1051,0.940390791225071,"Zhong2025",2019
1052,1.18561369658146,"Zhong2025",2019
1053,2.74094679604538,"Zhong2025",2019
1054,6.44224553927779,"Zhong2025",2019
1055,0.430414585983277,"Zhong2025",2019
1056,0.44116808692033,"Zhong2025",2019
1057,15.6866277312563,"Zhong2025",2019
1058,43.5638913662634,"Zhong2025",2019
1059,0.400872438072179,"Zhong2025",2019
1060,0.0944925795685357,"Zhong2025",2019
1061,14.9069633410254,"Zhong2025",2019
1062,40.6556158799951,"Zhong2025",2019
1063,12.6487440880029,"Zhong2025",2019
1064,0.50120965036174,"Zhong2025",2019
1065,3.39455763647245,"Zhong2025",2019
1066,1.42242021820409,"Zhong2025",2019
1067,1.22165678418383,"Zhong2025",2019
1068,1.99096026329764,"Zhong2025",2019
1069,0.391214466988431,"Zhong2025",2019
1070,2.14678372478994,"Zhong2025",2019
1071,9.50296849024418,"Zhong2025",2019
1072,1.00499181699737,"Zhong2025",2019
1073,1.01413119231667,"Zhong2025",2019
1074,6.11695120177152,"Zhong2025",2019
1075,1.33369385694574,"Zhong2025",2019
1076,0.52346791920522,"Zhong2025",2019
1077,0.290954070028834,"Zhong2025",2019
1078,23.4737477988329,"Zhong2025",2019
1079,2.81111212397951,"Zhong2025",2019
1080,28.316064713048,"Zhong2025",2019
1081,6.69557133800956,"Zhong2025",2019
1082,7.72966426839226,"Zhong2025",2019
1083,1.18238224255395,"Zhong2025",2019
1084,8.12230914055876,"Zhong2025",2019
1085,5.86268062971271,"Zhong2025",2019
1086,5.98938270672086,"Zhong2025",2019
1087,7.76138412391499,"Zhong2025",2019
1088,24.4658787352437,"Zhong2025",2019
1089,0.400622940527666,"Zhong2025",2019
1090,0.752301791172114,"Zhong2025",2019
1091,1.90843782713777,"Zhong2025",2019
1092,4.47104920247491,"Zhong2025",2019
1093,7.99258140262459,"Zhong2025",2019
1094,0.389485949669947,"Zhong2025",2019
1095,2.6729343912748,"Zhong2025",2019
1096,14.1883234078194,"Zhong2025",2019
1097,0.092295092276749,"Zhong2025",2019
1098,0.268073067858155,"Zhong2025",2019
1099,1.94267607045048,"Zhong2025",2019
1100,9.58195758559326,"Zhong2025",2019
1101,0.740931002161663,"Zhong2025",2019
1102,4.6717937553193,"Zhong2025",2019
1103,0.858695898062261,"Zhong2025",2019
1104,6.08593244242622,"Zhong2025",2019
1105,2.66106491110314,"Zhong2025",2019
1106,2.9827055234647,"Zhong2025",2019
1107,1.3547681582717,"Zhong2025",2019
1108,0.678556968123047,"Zhong2025",2019
1109,3.41750426008477,"Zhong2025",2019
1110,1.47683379894732,"Zhong2025",2019
1111,3.55425679338722,"Zhong2025",2019
1112,29.2624333099083,"Zhong2025",2019
1113,35.3889343031687,"Zhong2025",2019
1114,57.7188814026969,"Zhong2025",2019
1115,28.4079980169024,"Zhong2025",2019
1116,44.0522349366045,"Zhong2025",2019
1117,21.3362881403703,"Zhong2025",2019
1118,29.974251220722,"Zhong2025",2019
1119,1.70826652734682,"Zhong2025",2019
1120,5.64478515652607,"Zhong2025",2019
1121,56.0544023513794,"Zhong2025",2019
1122,52.3523074200279,"Zhong2025",2019
1,2.11686530959507,"Zhong2025",2020
2,0.0492675985787409,"Zhong2025",2020
3,0.165241414535254,"Zhong2025",2020
4,0.565643914699041,"Zhong2025",2020
5,0.244318407138736,"Zhong2025",2020
6,0.0980409668766864,"Zhong2025",2020
7,0,"Zhong2025",2020
8,0.0735961812410931,"Zhong2025",2020
9,0.1543184571277,"Zhong2025",2020
10,0.00148394285137081,"Zhong2025",2020
11,0.0354602078535067,"Zhong2025",2020
12,0.0989821357284435,"Zhong2025",2020
13,0.00964886143652685,"Zhong2025",2020
14,0.185208753703286,"Zhong2025",2020
15,0.552900866023811,"Zhong2025",2020
16,0.1090758188069,"Zhong2025",2020
17,19.1107042915503,"Zhong2025",2020
18,0.634117890584974,"Zhong2025",2020
19,0.208577510216135,"Zhong2025",2020
20,0.249597433094567,"Zhong2025",2020
21,0.4066291812378,"Zhong2025",2020
22,2.86679742100285,"Zhong2025",2020
23,3.11633031477099,"Zhong2025",2020
24,2.02370032711212,"Zhong2025",2020
25,11.022258929327,"Zhong2025",2020
26,9.13326910851872,"Zhong2025",2020
27,3.52360734318273,"Zhong2025",2020
28,17.8709237787983,"Zhong2025",2020
29,0.273859730435465,"Zhong2025",2020
30,2.18631937439263,"Zhong2025",2020
31,0.775487715463069,"Zhong2025",2020
32,0.285231442017276,"Zhong2025",2020
33,0.443677071629328,"Zhong2025",2020
34,11.4269390898913,"Zhong2025",2020
35,0.964780557192583,"Zhong2025",2020
36,12.6688128548699,"Zhong2025",2020
37,0.252390960694845,"Zhong2025",2020
38,0.93298798435463,"Zhong2025",2020
39,0.322641281268096,"Zhong2025",2020
40,12.7398616411184,"Zhong2025",2020
41,22.0569425780198,"Zhong2025",2020
42,0.607955013838658,"Zhong2025",2020
43,2.0440206941695,"Zhong2025",2020
44,0.103558046067374,"Zhong2025",2020
45,10.6536937976923,"Zhong2025",2020
46,0.000825019224023441,"Zhong2025",2020
47,1.71847006592052,"Zhong2025",2020
48,1.95154631841199,"Zhong2025",2020
49,2.25090252236888,"Zhong2025",2020
50,0.119242975238786,"Zhong2025",2020
51,11.8694498962723,"Zhong2025",2020
52,7.58122303843616,"Zhong2025",2020
53,2.21522579261844,"Zhong2025",2020
54,0.392893030572793,"Zhong2025",2020
55,0.0714872182598411,"Zhong2025",2020
56,0,"Zhong2025",2020
57,0,"Zhong2025",2020
58,24.3135299114954,"Zhong2025",2020
59,40.6725347152123,"Zhong2025",2020
60,17.9890469682628,"Zhong2025",2020
61,6.05573958722965,"Zhong2025",2020
62,2.53910438198792,"Zhong2025",2020
63,6.64530461194773,"Zhong2025",2020
64,8.02174954127142,"Zhong2025",2020
65,9.35237536419678,"Zhong2025",2020
66,2.88821228238247,"Zhong2025",2020
67,30.2981653244364,"Zhong2025",2020
68,18.8571902841102,"Zhong2025",2020
69,2.02099696169966,"Zhong2025",2020
70,1.63599245631033,"Zhong2025",2020
71,11.6757773487421,"Zhong2025",2020
72,3.47733459289648,"Zhong2025",2020
73,7.70751153703806,"Zhong2025",2020
74,7.01743626460977,"Zhong2025",2020
75,13.7857933721122,"Zhong2025",2020
76,14.134199993427,"Zhong2025",2020
77,4.6066564750265,"Zhong2025",2020
78,19.6119572533839,"Zhong2025",2020
79,10.591395921942,"Zhong2025",2020
80,10.8145650859973,"Zhong2025",2020
81,6.88358432383357,"Zhong2025",2020
82,12.2153537712687,"Zhong2025",2020
83,12.036048611764,"Zhong2025",2020
84,4.01431801133993,"Zhong2025",2020
85,6.70597219646418,"Zhong2025",2020
86,4.55909484220999,"Zhong2025",2020
87,8.13269869517192,"Zhong2025",2020
88,14.2289510250092,"Zhong2025",2020
89,2.46644709029077,"Zhong2025",2020
90,10.6926437145522,"Zhong2025",2020
91,8.72121145450156,"Zhong2025",2020
92,36.2557569391587,"Zhong2025",2020
93,11.113373216244,"Zhong2025",2020
94,6.23930516304019,"Zhong2025",2020
95,15.8427507483114,"Zhong2025",2020
96,10.2898665881241,"Zhong2025",2020
97,13.5018047297507,"Zhong2025",2020
98,1.86598155767482,"Zhong2025",2020
99,6.71339635956217,"Zhong2025",2020
100,1.45364151386608,"Zhong2025",2020
101,2.48793825681334,"Zhong2025",2020
102,6.00674065805095,"Zhong2025",2020
103,1.11223577092234,"Zhong2025",2020
104,6.33684954272978,"Zhong2025",2020
105,0.347791486756229,"Zhong2025",2020
106,2.86260508042035,"Zhong2025",2020
107,0.7207459028242,"Zhong2025",2020
108,0.553359900824812,"Zhong2025",2020
109,2.60706798119632,"Zhong2025",2020
110,0.208046079401928,"Zhong2025",2020
111,1.49386821262049,"Zhong2025",2020
112,0.0441069858101064,"Zhong2025",2020
113,0.0480199488019768,"Zhong2025",2020
114,7.47520107357275,"Zhong2025",2020
115,2.36096056042209,"Zhong2025",2020
116,0.818085109004538,"Zhong2025",2020
117,1.31435638393116,"Zhong2025",2020
118,4.4463101454727,"Zhong2025",2020
119,0.328385407431051,"Zhong2025",2020
120,3.67633010473168,"Zhong2025",2020
121,1.19555454540648,"Zhong2025",2020
122,0.133249318570638,"Zhong2025",2020
123,8.14758911202936,"Zhong2025",2020
124,0.90355156932953,"Zhong2025",2020
125,6.71809070195342,"Zhong2025",2020
126,13.1266682094998,"Zhong2025",2020
127,1.89655438084391,"Zhong2025",2020
128,9.63819349874406,"Zhong2025",2020
129,6.59006963020716,"Zhong2025",2020
130,9.06590865267084,"Zhong2025",2020
131,16.917424929344,"Zhong2025",2020
132,2.89786119871352,"Zhong2025",2020
133,5.35602764568983,"Zhong2025",2020
134,5.18683723078834,"Zhong2025",2020
135,1.51417140657051,"Zhong2025",2020
136,7.86893162308704,"Zhong2025",2020
137,11.863535194397,"Zhong2025",2020
138,5.27265899273065,"Zhong2025",2020
139,4.27911960541225,"Zhong2025",2020
140,1.2177222697675,"Zhong2025",2020
141,5.87485663540531,"Zhong2025",2020
142,7.94077214918681,"Zhong2025",2020
143,0.758298464894295,"Zhong2025",2020
144,0.3080636879902,"Zhong2025",2020
145,8.28237158366376,"Zhong2025",2020
146,3.02856631212301,"Zhong2025",2020
147,6.55191398760147,"Zhong2025",2020
148,0.115071511311064,"Zhong2025",2020
149,2.98383167204985,"Zhong2025",2020
150,6.16139752237961,"Zhong2025",2020
151,1.99296057651819,"Zhong2025",2020
152,0.902585664881024,"Zhong2025",2020
153,5.29784226495616,"Zhong2025",2020
154,5.60055532879507,"Zhong2025",2020
155,3.67433795332909,"Zhong2025",2020
156,0.0585363334044814,"Zhong2025",2020
157,11.3831962913275,"Zhong2025",2020
158,5.88811893803889,"Zhong2025",2020
159,7.78176798495924,"Zhong2025",2020
160,2.53382748481011,"Zhong2025",2020
161,1.40912520540216,"Zhong2025",2020
162,0.0612348364107818,"Zhong2025",2020
163,0.14457576982064,"Zhong2025",2020
164,0.580924155025178,"Zhong2025",2020
165,0.107365818511114,"Zhong2025",2020
166,0.0130667721154684,"Zhong2025",2020
167,0.0788892659412068,"Zhong2025",2020
168,0.00778134205194162,"Zhong2025",2020
169,0.0170501261028938,"Zhong2025",2020
170,0,"Zhong2025",2020
171,0,"Zhong2025",2020
172,0,"Zhong2025",2020
173,0.266013376176466,"Zhong2025",2020
174,0.0466433927160474,"Zhong2025",2020
175,0,"Zhong2025",2020
176,0.00465534012049973,"Zhong2025",2020
177,0.0695005107323622,"Zhong2025",2020
178,0,"Zhong2025",2020
179,0,"Zhong2025",2020
180,0.0196460906833944,"Zhong2025",2020
181,0.000952016672410011,"Zhong2025",2020
182,0,"Zhong2025",2020
183,0,"Zhong2025",2020
184,0,"Zhong2025",2020
185,0,"Zhong2025",2020
186,0.00725466805468263,"Zhong2025",2020
187,0.19424015683886,"Zhong2025",2020
188,0.0305131426579747,"Zhong2025",2020
189,0.00677021188070085,"Zhong2025",2020
190,6.76009636002194,"Zhong2025",2020
191,6.29725378419694,"Zhong2025",2020
192,0.160359194138792,"Zhong2025",2020
193,0.0146465642211583,"Zhong2025",2020
194,0.58784657870206,"Zhong2025",2020
195,2.75312242822717,"Zhong2025",2020
196,0.387822683882781,"Zhong2025",2020
197,0.475258989523163,"Zhong2025",2020
198,1.12533697793358,"Zhong2025",2020
199,0.0690961796693851,"Zhong2025",2020
200,0.788608887460153,"Zhong2025",2020
201,0.212117395192115,"Zhong2025",2020
202,0.553254208249142,"Zhong2025",2020
203,0.127615009620705,"Zhong2025",2020
204,3.69420795404785,"Zhong2025",2020
205,0.455568482006621,"Zhong2025",2020
206,3.9929474145409,"Zhong2025",2020
207,0.191716556117046,"Zhong2025",2020
208,0.1664736375968,"Zhong2025",2020
209,0.197473565040246,"Zhong2025",2020
210,0.00120645550236861,"Zhong2025",2020
211,0,"Zhong2025",2020
212,0,"Zhong2025",2020
213,0,"Zhong2025",2020
214,0,"Zhong2025",2020
215,0,"Zhong2025",2020
216,0,"Zhong2025",2020
217,0.00293002363852803,"Zhong2025",2020
218,0,"Zhong2025",2020
219,0.000684143649346117,"Zhong2025",2020
220,0.0506230583205153,"Zhong2025",2020
221,0.0122045259175221,"Zhong2025",2020
222,0,"Zhong2025",2020
223,0,"Zhong2025",2020
224,0,"Zhong2025",2020
225,0.00105814855349691,"Zhong2025",2020
226,0.102436521295627,"Zhong2025",2020
227,0.014052158915406,"Zhong2025",2020
228,0.0175521999347813,"Zhong2025",2020
229,0.00836667406668159,"Zhong2025",2020
230,21.3666455275239,"Zhong2025",2020
231,2.58157987365936,"Zhong2025",2020
232,4.90194013137486,"Zhong2025",2020
233,0.3350852132047,"Zhong2025",2020
234,4.42511232840387,"Zhong2025",2020
235,10.8119327260388,"Zhong2025",2020
236,3.73051963110741,"Zhong2025",2020
237,4.39171104677903,"Zhong2025",2020
238,4.53387070747799,"Zhong2025",2020
239,3.79570398463102,"Zhong2025",2020
240,16.9375295053449,"Zhong2025",2020
241,8.34976955995721,"Zhong2025",2020
242,3.14652038179338,"Zhong2025",2020
243,8.83351965233201,"Zhong2025",2020
244,1.60644729323685,"Zhong2025",2020
245,9.25260849844696,"Zhong2025",2020
246,6.45569000529849,"Zhong2025",2020
247,0.751347084279018,"Zhong2025",2020
248,11.8567790659145,"Zhong2025",2020
249,6.11967786270029,"Zhong2025",2020
250,0.418626934104839,"Zhong2025",2020
251,2.18193136708535,"Zhong2025",2020
252,7.86297358637271,"Zhong2025",2020
253,1.12967135391863,"Zhong2025",2020
254,16.8141350261236,"Zhong2025",2020
255,3.05932809808377,"Zhong2025",2020
256,5.02147296868283,"Zhong2025",2020
257,34.8591132357838,"Zhong2025",2020
258,8.96710619261098,"Zhong2025",2020
259,18.5235858460685,"Zhong2025",2020
260,30.3838012119134,"Zhong2025",2020
261,5.19186510514188,"Zhong2025",2020
262,12.9640537869614,"Zhong2025",2020
263,1.50840346848179,"Zhong2025",2020
264,19.1030322624289,"Zhong2025",2020
265,12.7036862976943,"Zhong2025",2020
266,2.01132617486426,"Zhong2025",2020
267,17.3022231021961,"Zhong2025",2020
268,5.0852064698011,"Zhong2025",2020
269,24.2505850670289,"Zhong2025",2020
270,4.48797347271635,"Zhong2025",2020
271,9.55703318698539,"Zhong2025",2020
272,7.3814178497154,"Zhong2025",2020
273,50.3423301643795,"Zhong2025",2020
274,7.98165856844911,"Zhong2025",2020
275,4.56114038978655,"Zhong2025",2020
276,19.582194664899,"Zhong2025",2020
277,12.4216173658004,"Zhong2025",2020
278,0.630448069423437,"Zhong2025",2020
279,0.344902059436276,"Zhong2025",2020
280,9.08042278125368,"Zhong2025",2020
281,7.74104269906851,"Zhong2025",2020
282,4.83833464331888,"Zhong2025",2020
283,49.4384174635188,"Zhong2025",2020
284,5.92479544651145,"Zhong2025",2020
285,2.65423612035622,"Zhong2025",2020
286,1.84923757155736,"Zhong2025",2020
287,0.365394872343612,"Zhong2025",2020
288,1.14170157978645,"Zhong2025",2020
289,2.72898896364495,"Zhong2025",2020
290,40.8405565334733,"Zhong2025",2020
291,2.08419800349962,"Zhong2025",2020
292,23.9606718017209,"Zhong2025",2020
293,6.91476494124812,"Zhong2025",2020
294,0.281049349476234,"Zhong2025",2020
295,0.602036644194741,"Zhong2025",2020
296,0.853148584415142,"Zhong2025",2020
297,4.27818534255831,"Zhong2025",2020
298,0.485188653436333,"Zhong2025",2020
299,2.16719700239014,"Zhong2025",2020
300,15.7914523405187,"Zhong2025",2020
301,3.36008223149715,"Zhong2025",2020
302,0.873686960503022,"Zhong2025",2020
303,22.1891812165578,"Zhong2025",2020
304,1.78715173425018,"Zhong2025",2020
305,0.209972544272725,"Zhong2025",2020
306,2.56533194958157,"Zhong2025",2020
307,1.7981138607319,"Zhong2025",2020
308,2.60710172927885,"Zhong2025",2020
309,1.15624991760886,"Zhong2025",2020
310,3.23143159704498,"Zhong2025",2020
311,0.851696858746716,"Zhong2025",2020
312,8.04632818778356,"Zhong2025",2020
313,0.971525791417748,"Zhong2025",2020
314,5.4994446935007,"Zhong2025",2020
315,0.459291885698372,"Zhong2025",2020
316,0.513613511498873,"Zhong2025",2020
317,1.67976180423938,"Zhong2025",2020
318,3.21598885694647,"Zhong2025",2020
319,9.19961589294792,"Zhong2025",2020
320,4.36036519098282,"Zhong2025",2020
321,0.823200334109209,"Zhong2025",2020
322,5.56589142197989,"Zhong2025",2020
323,9.69532523502774,"Zhong2025",2020
324,1.72002767269229,"Zhong2025",2020
325,0.892123211670387,"Zhong2025",2020
326,22.5485286980533,"Zhong2025",2020
327,4.6256940843628,"Zhong2025",2020
328,3.99481247717067,"Zhong2025",2020
329,11.0221154164631,"Zhong2025",2020
330,5.22996456264471,"Zhong2025",2020
331,8.41090980400676,"Zhong2025",2020
332,50.5676334857941,"Zhong2025",2020
333,4.24707992741605,"Zhong2025",2020
334,0.889295931606053,"Zhong2025",2020
335,7.65245704574279,"Zhong2025",2020
336,11.5711389411979,"Zhong2025",2020
337,51.6125388216617,"Zhong2025",2020
338,4.5441918705795,"Zhong2025",2020
339,2.84459694189801,"Zhong2025",2020
340,5.41066316758952,"Zhong2025",2020
341,10.7169647732129,"Zhong2025",2020
342,2.35291820934812,"Zhong2025",2020
343,1.84948725345341,"Zhong2025",2020
344,3.38414764295148,"Zhong2025",2020
345,10.4316000612182,"Zhong2025",2020
346,6.25741864962094,"Zhong2025",2020
347,4.6785358068712,"Zhong2025",2020
348,0.588737641797777,"Zhong2025",2020
349,2.25054392342118,"Zhong2025",2020
350,0.829231495468843,"Zhong2025",2020
351,21.8949697358268,"Zhong2025",2020
352,0.408420125370105,"Zhong2025",2020
353,11.5076677892052,"Zhong2025",2020
354,1.63562028666737,"Zhong2025",2020
355,4.08230102172318,"Zhong2025",2020
356,1.0053902393279,"Zhong2025",2020
357,12.6938742823182,"Zhong2025",2020
358,0.840115254315444,"Zhong2025",2020
359,2.49345537812923,"Zhong2025",2020
360,2.70851492241577,"Zhong2025",2020
361,17.4713264962277,"Zhong2025",2020
362,1.12851677197352,"Zhong2025",2020
363,1.91778428142347,"Zhong2025",2020
364,1.30294704986456,"Zhong2025",2020
365,2.68804359795281,"Zhong2025",2020
366,0.862428446049972,"Zhong2025",2020
367,51.4198841865246,"Zhong2025",2020
368,20.9112896752265,"Zhong2025",2020
369,0.933749122717729,"Zhong2025",2020
370,5.75745442651648,"Zhong2025",2020
371,3.08962166304307,"Zhong2025",2020
372,1.08293446941224,"Zhong2025",2020
373,6.52590902228104,"Zhong2025",2020
374,0.280609911827123,"Zhong2025",2020
375,14.5354045240148,"Zhong2025",2020
376,8.22959335204214,"Zhong2025",2020
377,0.610414966368768,"Zhong2025",2020
378,0.514695152807629,"Zhong2025",2020
379,0.151565248838174,"Zhong2025",2020
380,0.0500573256186077,"Zhong2025",2020
381,10.7678664028645,"Zhong2025",2020
382,31.748724347454,"Zhong2025",2020
383,1.19550970796349,"Zhong2025",2020
384,1.67614984245687,"Zhong2025",2020
385,12.6425946006467,"Zhong2025",2020
386,11.1773132975948,"Zhong2025",2020
387,30.9994503638574,"Zhong2025",2020
388,6.04083118399727,"Zhong2025",2020
389,3.45192987964533,"Zhong2025",2020
390,62.8499296188354,"Zhong2025",2020
391,4.91063230650292,"Zhong2025",2020
392,11.9132282793029,"Zhong2025",2020
393,10.6906267510468,"Zhong2025",2020
394,36.8513892764694,"Zhong2025",2020
395,3.51320442365157,"Zhong2025",2020
396,3.96408922297825,"Zhong2025",2020
397,2.70014465009453,"Zhong2025",2020
398,42.5705006014217,"Zhong2025",2020
399,0.152202273817094,"Zhong2025",2020
400,0.357167586221458,"Zhong2025",2020
401,0.531211738988961,"Zhong2025",2020
402,0.295877904978377,"Zhong2025",2020
403,0,"Zhong2025",2020
404,0,"Zhong2025",2020
405,8.89173915897097,"Zhong2025",2020
406,0.0247402140037857,"Zhong2025",2020
407,1.01009460223021,"Zhong2025",2020
408,0.10271024478709,"Zhong2025",2020
409,0,"Zhong2025",2020
410,0.318483809616029,"Zhong2025",2020
411,0,"Zhong2025",2020
412,0.115255577275728,"Zhong2025",2020
413,0.00473986669501692,"Zhong2025",2020
414,0,"Zhong2025",2020
415,0.150441186115108,"Zhong2025",2020
416,0,"Zhong2025",2020
417,0.282993878356435,"Zhong2025",2020
418,0.569899313755122,"Zhong2025",2020
419,0.295543465709559,"Zhong2025",2020
420,0,"Zhong2025",2020
421,0.146420241720845,"Zhong2025",2020
422,0.0122744055588002,"Zhong2025",2020
423,0.023616139453204,"Zhong2025",2020
424,0,"Zhong2025",2020
425,0,"Zhong2025",2020
426,0.0882734386532596,"Zhong2025",2020
427,0.0108151844354591,"Zhong2025",2020
428,0,"Zhong2025",2020
429,0.323149745092018,"Zhong2025",2020
430,0.331583286062859,"Zhong2025",2020
431,0.0667162750901097,"Zhong2025",2020
432,0.013136255054752,"Zhong2025",2020
433,0.321303601493899,"Zhong2025",2020
434,0.0355455313141238,"Zhong2025",2020
435,1.21210486284471,"Zhong2025",2020
436,0.617036565072021,"Zhong2025",2020
437,4.78829284570366,"Zhong2025",2020
438,0.700254139787276,"Zhong2025",2020
439,1.44358178818293,"Zhong2025",2020
440,0.703360354351125,"Zhong2025",2020
441,16.7526340497877,"Zhong2025",2020
442,3.18696191854271,"Zhong2025",2020
443,8.07959509927493,"Zhong2025",2020
444,6.54583636737102,"Zhong2025",2020
445,7.21425772772024,"Zhong2025",2020
446,3.74210523206025,"Zhong2025",2020
447,4.91298736479715,"Zhong2025",2020
448,2.27842126242956,"Zhong2025",2020
449,8.60395337885076,"Zhong2025",2020
450,1.62373084801545,"Zhong2025",2020
451,3.10948796488598,"Zhong2025",2020
452,1.99757811294894,"Zhong2025",2020
453,0.24327930629279,"Zhong2025",2020
454,10.517519352928,"Zhong2025",2020
455,7.36907521980276,"Zhong2025",2020
456,11.4736568407579,"Zhong2025",2020
457,10.8509192757763,"Zhong2025",2020
458,3.53777685368411,"Zhong2025",2020
459,4.09159874421067,"Zhong2025",2020
460,1.13146790742041,"Zhong2025",2020
461,4.51418569048361,"Zhong2025",2020
462,10.4907913947928,"Zhong2025",2020
463,1.83869497589095,"Zhong2025",2020
464,2.55211377223744,"Zhong2025",2020
465,1.42278370983249,"Zhong2025",2020
466,0.413267622149711,"Zhong2025",2020
467,59.9103302257817,"Zhong2025",2020
468,25.3035886706287,"Zhong2025",2020
469,16.2285889443897,"Zhong2025",2020
470,11.4646929303805,"Zhong2025",2020
471,40.5643825803484,"Zhong2025",2020
472,10.9608239003259,"Zhong2025",2020
473,9.63402130915007,"Zhong2025",2020
474,38.6281056220715,"Zhong2025",2020
475,11.1834732206237,"Zhong2025",2020
476,17.0129075780207,"Zhong2025",2020
477,5.00725496516375,"Zhong2025",2020
478,19.0802216529846,"Zhong2025",2020
479,10.5987094745916,"Zhong2025",2020
480,43.0832299041748,"Zhong2025",2020
481,9.69022467962578,"Zhong2025",2020
482,40.8715362345919,"Zhong2025",2020
483,14.6107688141771,"Zhong2025",2020
484,10.9378884593646,"Zhong2025",2020
485,24.8215128183365,"Zhong2025",2020
486,58.3580797048715,"Zhong2025",2020
487,14.1183758676052,"Zhong2025",2020
488,14.3800829031529,"Zhong2025",2020
489,11.5006965192465,"Zhong2025",2020
490,29.6178266430599,"Zhong2025",2020
491,0.228603542615396,"Zhong2025",2020
492,0.495017184395783,"Zhong2025",2020
493,0.72008113311642,"Zhong2025",2020
494,10.9753561692232,"Zhong2025",2020
495,6.31958029451484,"Zhong2025",2020
496,0.390842517850083,"Zhong2025",2020
497,4.81944178381928,"Zhong2025",2020
498,1.90395417728461,"Zhong2025",2020
499,12.9749439699679,"Zhong2025",2020
500,0.988924765393725,"Zhong2025",2020
501,14.1728840110066,"Zhong2025",2020
502,3.45231772363116,"Zhong2025",2020
503,1.15974798470207,"Zhong2025",2020
504,1.88255475943253,"Zhong2025",2020
505,7.68712562666505,"Zhong2025",2020
506,1.75883352783109,"Zhong2025",2020
507,4.72375130418745,"Zhong2025",2020
508,0.0103012796185139,"Zhong2025",2020
509,2.48223633488212,"Zhong2025",2020
510,0.506103758711874,"Zhong2025",2020
511,0.261823181688042,"Zhong2025",2020
512,0.174142326050798,"Zhong2025",2020
513,0.855086141540983,"Zhong2025",2020
514,0.550564254485112,"Zhong2025",2020
515,10.7820848018624,"Zhong2025",2020
516,10.7902258554304,"Zhong2025",2020
517,3.31591757781499,"Zhong2025",2020
518,0.143973489623034,"Zhong2025",2020
519,3.34025662881007,"Zhong2025",2020
520,1.08675680681668,"Zhong2025",2020
521,0.413984788831479,"Zhong2025",2020
522,10.1800499166573,"Zhong2025",2020
523,16.9755530878444,"Zhong2025",2020
524,0.507081287298077,"Zhong2025",2020
525,0.277420078786709,"Zhong2025",2020
526,5.16208970384432,"Zhong2025",2020
527,4.81695216884978,"Zhong2025",2020
528,0.199879254481215,"Zhong2025",2020
529,29.5935476816952,"Zhong2025",2020
530,17.0651268976513,"Zhong2025",2020
531,10.4035780053284,"Zhong2025",2020
532,1.99375897486045,"Zhong2025",2020
533,2.1147250000182,"Zhong2025",2020
534,4.38652772518645,"Zhong2025",2020
535,0.742121815045546,"Zhong2025",2020
536,4.4139352433197,"Zhong2025",2020
537,2.92293264881431,"Zhong2025",2020
538,2.58424554264604,"Zhong2025",2020
539,6.79175877364257,"Zhong2025",2020
540,4.36750265762414,"Zhong2025",2020
541,5.32812644277192,"Zhong2025",2020
542,2.70949733297655,"Zhong2025",2020
543,12.4553922585274,"Zhong2025",2020
544,4.95067494740225,"Zhong2025",2020
545,2.29267713590688,"Zhong2025",2020
546,2.9133051396619,"Zhong2025",2020
547,3.50301470822397,"Zhong2025",2020
548,3.41887036453682,"Zhong2025",2020
549,2.70891482678967,"Zhong2025",2020
550,2.34890616584129,"Zhong2025",2020
551,4.21907267229851,"Zhong2025",2020
552,2.44117686457445,"Zhong2025",2020
553,5.26678632243141,"Zhong2025",2020
554,3.14177761959815,"Zhong2025",2020
555,1.10281088380729,"Zhong2025",2020
556,8.67972041437436,"Zhong2025",2020
557,6.70292702561685,"Zhong2025",2020
558,10.7336512752597,"Zhong2025",2020
559,6.10891078465751,"Zhong2025",2020
560,3.26020383299328,"Zhong2025",2020
561,7.7664914317821,"Zhong2025",2020
562,18.5354212946094,"Zhong2025",2020
563,8.07929376186551,"Zhong2025",2020
564,3.63641831026714,"Zhong2025",2020
565,8.02899728622958,"Zhong2025",2020
566,1.91122727228716,"Zhong2025",2020
567,9.40270142343035,"Zhong2025",2020
568,1.13049574195242,"Zhong2025",2020
569,3.93557099477953,"Zhong2025",2020
570,0.402688951058718,"Zhong2025",2020
571,4.18644372838516,"Zhong2025",2020
572,1.88089175663717,"Zhong2025",2020
573,2.48865878155503,"Zhong2025",2020
574,1.90554759646361,"Zhong2025",2020
575,1.74701394447819,"Zhong2025",2020
576,6.68056424074276,"Zhong2025",2020
577,0.79732216313823,"Zhong2025",2020
578,3.35812966465293,"Zhong2025",2020
579,2.32770330773978,"Zhong2025",2020
580,4.76826151918169,"Zhong2025",2020
581,2.26873883657011,"Zhong2025",2020
582,0.905321833062755,"Zhong2025",2020
583,0.418172185585471,"Zhong2025",2020
584,1.78045896440976,"Zhong2025",2020
585,1.60911314776742,"Zhong2025",2020
586,1.54472540793261,"Zhong2025",2020
587,2.13017819487904,"Zhong2025",2020
588,0.320337547100429,"Zhong2025",2020
589,6.09858553971869,"Zhong2025",2020
590,1.98118939291605,"Zhong2025",2020
591,5.12328547776828,"Zhong2025",2020
592,1.00430614445414,"Zhong2025",2020
593,0.872680187999056,"Zhong2025",2020
594,11.4053409582003,"Zhong2025",2020
595,1.50902677502662,"Zhong2025",2020
596,0.330153815899084,"Zhong2025",2020
597,10.320299882027,"Zhong2025",2020
598,1.64921082009455,"Zhong2025",2020
599,4.18429480175518,"Zhong2025",2020
600,1.76435422868263,"Zhong2025",2020
601,5.74619407154045,"Zhong2025",2020
602,2.720931012964,"Zhong2025",2020
603,25.8329655861032,"Zhong2025",2020
604,3.71039170396873,"Zhong2025",2020
605,2.07698773867004,"Zhong2025",2020
606,7.61196237744884,"Zhong2025",2020
607,12.0263533263755,"Zhong2025",2020
608,22.0847190618515,"Zhong2025",2020
609,4.40260931547603,"Zhong2025",2020
610,2.56525417253415,"Zhong2025",2020
611,4.09653021260824,"Zhong2025",2020
612,0.483175823775431,"Zhong2025",2020
613,4.02403598412337,"Zhong2025",2020
614,12.0277434480246,"Zhong2025",2020
615,0.656814201708238,"Zhong2025",2020
616,5.27841773386243,"Zhong2025",2020
617,7.35307424709849,"Zhong2025",2020
618,15.3914226030374,"Zhong2025",2020
619,0.826713154142995,"Zhong2025",2020
620,11.2377547782393,"Zhong2025",2020
621,3.2752920387339,"Zhong2025",2020
622,2.92638406205433,"Zhong2025",2020
623,7.15604966128974,"Zhong2025",2020
624,5.33287269665723,"Zhong2025",2020
625,0.440903612955784,"Zhong2025",2020
626,7.86366768025435,"Zhong2025",2020
627,10.2470652951487,"Zhong2025",2020
628,16.6965544240071,"Zhong2025",2020
629,44.3945228788588,"Zhong2025",2020
630,14.9188365106997,"Zhong2025",2020
631,0.835335560856342,"Zhong2025",2020
632,0.0680920012636021,"Zhong2025",2020
633,0.0443741458715641,"Zhong2025",2020
634,2.73930224589363,"Zhong2025",2020
635,0.689702082825641,"Zhong2025",2020
636,3.47285523720168,"Zhong2025",2020
637,0.984243068291133,"Zhong2025",2020
638,36.0768740773201,"Zhong2025",2020
639,3.56662144142413,"Zhong2025",2020
640,1.00320796297595,"Zhong2025",2020
641,2.95273108895205,"Zhong2025",2020
642,2.36186866613571,"Zhong2025",2020
643,0.651980068593744,"Zhong2025",2020
644,1.09912032788353,"Zhong2025",2020
645,1.42935187075242,"Zhong2025",2020
646,12.5315336386363,"Zhong2025",2020
647,0.354095321664443,"Zhong2025",2020
648,1.08215627600165,"Zhong2025",2020
649,20.3298565057608,"Zhong2025",2020
650,4.58152937075054,"Zhong2025",2020
651,0.183026875092212,"Zhong2025",2020
652,4.36458127277539,"Zhong2025",2020
653,1.16359742579847,"Zhong2025",2020
654,15.3268796146323,"Zhong2025",2020
655,0.356465736724488,"Zhong2025",2020
656,1.21181089472594,"Zhong2025",2020
657,9.67949587331628,"Zhong2025",2020
658,8.82543144340937,"Zhong2025",2020
659,7.55212358636903,"Zhong2025",2020
660,0.0600647930151377,"Zhong2025",2020
661,24.4832998208942,"Zhong2025",2020
662,0.0947125962651282,"Zhong2025",2020
663,1.48998863523205,"Zhong2025",2020
664,0.0865415249552045,"Zhong2025",2020
665,1.15033126801596,"Zhong2025",2020
666,2.00059758814379,"Zhong2025",2020
667,0.0865302195316528,"Zhong2025",2020
668,4.47996037131716,"Zhong2025",2020
669,0.557204424481652,"Zhong2025",2020
670,0.314464817152112,"Zhong2025",2020
671,3.37257756420951,"Zhong2025",2020
672,20.1317032912879,"Zhong2025",2020
673,7.32472482786304,"Zhong2025",2020
674,1.98413409462601,"Zhong2025",2020
675,11.3843351333801,"Zhong2025",2020
676,5.57749045693449,"Zhong2025",2020
677,0.693284351195051,"Zhong2025",2020
678,1.32240395979197,"Zhong2025",2020
679,11.0160507490469,"Zhong2025",2020
680,8.60048942787703,"Zhong2025",2020
681,6.20781292331715,"Zhong2025",2020
682,0.368296192632171,"Zhong2025",2020
683,14.8148217373813,"Zhong2025",2020
684,1.20066389165433,"Zhong2025",2020
685,2.0529023186393,"Zhong2025",2020
686,9.72953788896925,"Zhong2025",2020
687,8.72187707893064,"Zhong2025",2020
688,1.5184172541308,"Zhong2025",2020
689,2.38996610468761,"Zhong2025",2020
690,4.07170219460658,"Zhong2025",2020
691,2.45693598838213,"Zhong2025",2020
692,17.6415768067042,"Zhong2025",2020
693,2.92096243402921,"Zhong2025",2020
694,10.765241582053,"Zhong2025",2020
695,7.64774588772949,"Zhong2025",2020
696,0.794112027295447,"Zhong2025",2020
697,10.9164519239693,"Zhong2025",2020
698,0.540318414692489,"Zhong2025",2020
699,0.246771738598389,"Zhong2025",2020
700,3.20922588149982,"Zhong2025",2020
701,0.941805915100368,"Zhong2025",2020
702,6.71637230636417,"Zhong2025",2020
703,7.51960177098438,"Zhong2025",2020
704,17.762995604811,"Zhong2025",2020
705,1.72334289173114,"Zhong2025",2020
706,37.4800839814983,"Zhong2025",2020
707,5.68101235093283,"Zhong2025",2020
708,14.3529058978671,"Zhong2025",2020
709,0.231004462655634,"Zhong2025",2020
710,5.72423086113388,"Zhong2025",2020
711,0.518142107078153,"Zhong2025",2020
712,11.6754271468885,"Zhong2025",2020
713,0.00364982684453328,"Zhong2025",2020
714,6.01426061551745,"Zhong2025",2020
715,0.376127747082839,"Zhong2025",2020
716,0.223901720048599,"Zhong2025",2020
717,2.76196968575124,"Zhong2025",2020
718,6.41300568554663,"Zhong2025",2020
719,4.22673232380222,"Zhong2025",2020
720,0.325731425043283,"Zhong2025",2020
721,2.87015276440563,"Zhong2025",2020
722,11.6335832314058,"Zhong2025",2020
723,16.3791282245879,"Zhong2025",2020
724,0.128997111547252,"Zhong2025",2020
725,5.46261143097999,"Zhong2025",2020
726,0.241275700916202,"Zhong2025",2020
727,1.36666438218493,"Zhong2025",2020
728,3.45010390027304,"Zhong2025",2020
729,0.5536968025189,"Zhong2025",2020
730,5.31837978161557,"Zhong2025",2020
731,0.761097223838655,"Zhong2025",2020
732,12.0788300233701,"Zhong2025",2020
733,5.75075304489813,"Zhong2025",2020
734,1.25230106526232,"Zhong2025",2020
735,0.971753254177218,"Zhong2025",2020
736,4.75902190000292,"Zhong2025",2020
737,4.42441965556827,"Zhong2025",2020
738,9.62614118099213,"Zhong2025",2020
739,4.40509138407112,"Zhong2025",2020
740,24.6724899768829,"Zhong2025",2020
741,0.587965676365565,"Zhong2025",2020
742,5.68461704033173,"Zhong2025",2020
743,10.3612015353309,"Zhong2025",2020
744,1.88717337496377,"Zhong2025",2020
745,4.89241344307331,"Zhong2025",2020
746,3.66136970057403,"Zhong2025",2020
747,20.4142574826065,"Zhong2025",2020
748,3.62947928597264,"Zhong2025",2020
749,3.12463439972213,"Zhong2025",2020
750,3.55416192223182,"Zhong2025",2020
751,1.13033217817752,"Zhong2025",2020
752,20.6484785337706,"Zhong2025",2020
753,1.50745404124833,"Zhong2025",2020
754,0.113689057528973,"Zhong2025",2020
755,5.87889548642344,"Zhong2025",2020
756,8.49197639896924,"Zhong2025",2020
757,0.313903877628036,"Zhong2025",2020
758,0.163133193306118,"Zhong2025",2020
759,0.368813285598111,"Zhong2025",2020
760,0.229797213026641,"Zhong2025",2020
761,13.5014225361394,"Zhong2025",2020
762,17.8062765487405,"Zhong2025",2020
763,13.1494347784254,"Zhong2025",2020
764,11.4900678618762,"Zhong2025",2020
765,1.18855016719193,"Zhong2025",2020
766,8.04653322789818,"Zhong2025",2020
767,15.5821103777204,"Zhong2025",2020
768,0.216485025079471,"Zhong2025",2020
769,16.2522622346878,"Zhong2025",2020
770,55.6353385231712,"Zhong2025",2020
771,0.854243875454681,"Zhong2025",2020
772,12.5052855157445,"Zhong2025",2020
773,2.09139164408242,"Zhong2025",2020
774,0.933790031697045,"Zhong2025",2020
775,12.7854276735049,"Zhong2025",2020
776,10.0167227718445,"Zhong2025",2020
777,6.95642559026176,"Zhong2025",2020
778,16.3933306086651,"Zhong2025",2020
779,56.9532928466797,"Zhong2025",2020
780,10.0593170020087,"Zhong2025",2020
781,19.8632010017953,"Zhong2025",2020
782,0.922994168368833,"Zhong2025",2020
783,31.125982994125,"Zhong2025",2020
784,1.65666952166207,"Zhong2025",2020
785,4.95683478903683,"Zhong2025",2020
786,57.2351630154778,"Zhong2025",2020
787,7.60943092899509,"Zhong2025",2020
788,0.192635829213225,"Zhong2025",2020
789,38.524059140405,"Zhong2025",2020
790,0.787340018693562,"Zhong2025",2020
791,0.28701976512896,"Zhong2025",2020
792,14.7108804827831,"Zhong2025",2020
793,10.2010386438833,"Zhong2025",2020
794,4.59510886547032,"Zhong2025",2020
795,9.13088334848813,"Zhong2025",2020
796,2.31921698563561,"Zhong2025",2020
797,6.86940277681978,"Zhong2025",2020
798,9.19297623456414,"Zhong2025",2020
799,6.37153656850569,"Zhong2025",2020
800,0.188308712655194,"Zhong2025",2020
801,0.892394869853842,"Zhong2025",2020
802,1.0556731975375,"Zhong2025",2020
803,22.1437568235656,"Zhong2025",2020
804,19.8407886773348,"Zhong2025",2020
805,2.62994208036385,"Zhong2025",2020
806,0.466625414733939,"Zhong2025",2020
807,11.3288491169612,"Zhong2025",2020
808,8.52667268699515,"Zhong2025",2020
809,2.14866949873781,"Zhong2025",2020
810,45.2056500814795,"Zhong2025",2020
811,1.75705487026633,"Zhong2025",2020
812,0.367204510679921,"Zhong2025",2020
813,8.55602598678449,"Zhong2025",2020
814,20.7670019727487,"Zhong2025",2020
815,12.8157040276875,"Zhong2025",2020
816,2.05129365654041,"Zhong2025",2020
817,5.75562099377314,"Zhong2025",2020
818,0.498331443894477,"Zhong2025",2020
819,3.25824720329021,"Zhong2025",2020
820,0,"Zhong2025",2020
821,8.29521058540086,"Zhong2025",2020
822,0.357772053972639,"Zhong2025",2020
823,4.48773199876988,"Zhong2025",2020
824,3.78061286331104,"Zhong2025",2020
825,0.376705562604555,"Zhong2025",2020
826,4.63523619542165,"Zhong2025",2020
827,5.12056031703235,"Zhong2025",2020
828,5.17123434649637,"Zhong2025",2020
829,10.5524265637765,"Zhong2025",2020
830,23.1047035181964,"Zhong2025",2020
831,19.9003701311477,"Zhong2025",2020
832,1.95352632280153,"Zhong2025",2020
833,0.266980875979682,"Zhong2025",2020
834,10.9202519030798,"Zhong2025",2020
835,11.9477655355595,"Zhong2025",2020
836,13.3634838355618,"Zhong2025",2020
837,17.3526789440828,"Zhong2025",2020
838,8.78037811041463,"Zhong2025",2020
839,38.4561132657326,"Zhong2025",2020
840,12.0125370426611,"Zhong2025",2020
841,11.9892881981543,"Zhong2025",2020
842,4.05538377339823,"Zhong2025",2020
843,4.99342160773199,"Zhong2025",2020
844,11.4437303290223,"Zhong2025",2020
845,27.4222137113161,"Zhong2025",2020
846,6.10102829814967,"Zhong2025",2020
847,18.0993471322236,"Zhong2025",2020
848,39.8941013773934,"Zhong2025",2020
849,13.9768239524629,"Zhong2025",2020
850,2.2494747849374,"Zhong2025",2020
851,8.53168771232503,"Zhong2025",2020
852,47.7492694091797,"Zhong2025",2020
853,0.170174303513608,"Zhong2025",2020
854,0.408351587079785,"Zhong2025",2020
855,11.6643046044015,"Zhong2025",2020
856,17.8241106139289,"Zhong2025",2020
857,2.52869508550313,"Zhong2025",2020
858,2.74559393394546,"Zhong2025",2020
859,0.969376834195205,"Zhong2025",2020
860,5.05436320194643,"Zhong2025",2020
861,0.0745896779080795,"Zhong2025",2020
862,6.69050238430038,"Zhong2025",2020
863,14.2235520066453,"Zhong2025",2020
864,8.68260018326515,"Zhong2025",2020
865,0.129407535186969,"Zhong2025",2020
866,15.3581295498347,"Zhong2025",2020
867,22.8766813981021,"Zhong2025",2020
868,12.653706951947,"Zhong2025",2020
869,13.1326060341275,"Zhong2025",2020
870,0.755418314373809,"Zhong2025",2020
871,0.21696838946758,"Zhong2025",2020
872,4.73076385205601,"Zhong2025",2020
873,0.14809747195819,"Zhong2025",2020
874,0.68797279055696,"Zhong2025",2020
875,0.311824549537582,"Zhong2025",2020
876,8.30254229588168,"Zhong2025",2020
877,0.310456945969347,"Zhong2025",2020
878,4.056466605174,"Zhong2025",2020
879,5.52182274097768,"Zhong2025",2020
880,2.85556884263582,"Zhong2025",2020
881,0.115167934717777,"Zhong2025",2020
882,0.925547716961327,"Zhong2025",2020
883,1.58076789878895,"Zhong2025",2020
884,1.24016546874101,"Zhong2025",2020
885,1.13589427721607,"Zhong2025",2020
886,24.3398678426389,"Zhong2025",2020
887,2.08495325154515,"Zhong2025",2020
888,1.34986387396551,"Zhong2025",2020
889,7.08192154524692,"Zhong2025",2020
890,6.49225993115669,"Zhong2025",2020
891,1.94537420267,"Zhong2025",2020
892,4.95373358605231,"Zhong2025",2020
893,3.24363528671502,"Zhong2025",2020
894,0.671763939635832,"Zhong2025",2020
895,0.623515491415513,"Zhong2025",2020
896,17.615153015694,"Zhong2025",2020
897,1.9056495881433,"Zhong2025",2020
898,0.505590062540292,"Zhong2025",2020
899,1.56622400465491,"Zhong2025",2020
900,0.0941745782676427,"Zhong2025",2020
901,27.2251187045165,"Zhong2025",2020
902,0.249666610237465,"Zhong2025",2020
903,0.867089076681095,"Zhong2025",2020
904,0.331766676267579,"Zhong2025",2020
905,0.623840738740774,"Zhong2025",2020
906,1.40239790512887,"Zhong2025",2020
907,0.630666962066909,"Zhong2025",2020
908,0.393005166067692,"Zhong2025",2020
909,23.3490700646929,"Zhong2025",2020
910,16.6776065441674,"Zhong2025",2020
911,14.1972664241294,"Zhong2025",2020
912,2.56866394074505,"Zhong2025",2020
913,2.94251003619228,"Zhong2025",2020
914,11.7076429745304,"Zhong2025",2020
915,1.07685371396159,"Zhong2025",2020
916,1.64301097440386,"Zhong2025",2020
917,0.193279986462459,"Zhong2025",2020
918,1.67829012854071,"Zhong2025",2020
919,2.15842466053242,"Zhong2025",2020
920,1.65877975430963,"Zhong2025",2020
921,11.1455282561831,"Zhong2025",2020
922,4.55742293513483,"Zhong2025",2020
923,0.137892220010185,"Zhong2025",2020
924,0.0320378003478212,"Zhong2025",2020
925,0.695243254803243,"Zhong2025",2020
926,0.375954675413783,"Zhong2025",2020
927,0.301967594113821,"Zhong2025",2020
928,0.232233345263107,"Zhong2025",2020
929,0.0956157533197033,"Zhong2025",2020
930,6.47835120819316,"Zhong2025",2020
931,1.51154219595454,"Zhong2025",2020
932,0.34318304262907,"Zhong2025",2020
933,0.063751929040466,"Zhong2025",2020
934,0.466973616455017,"Zhong2025",2020
935,0.122445266119148,"Zhong2025",2020
936,0.0792370861726266,"Zhong2025",2020
937,0.00600863100672146,"Zhong2025",2020
938,0.980385233340775,"Zhong2025",2020
939,11.3925297990243,"Zhong2025",2020
940,6.67696412424738,"Zhong2025",2020
941,1.55504378660832,"Zhong2025",2020
942,3.33195001241728,"Zhong2025",2020
943,0.732148660351833,"Zhong2025",2020
944,1.12338777938633,"Zhong2025",2020
945,0.663753981180786,"Zhong2025",2020
946,2.26929018923078,"Zhong2025",2020
947,1.33169670473018,"Zhong2025",2020
948,1.35620240876169,"Zhong2025",2020
949,7.77866441789708,"Zhong2025",2020
950,7.86791341122466,"Zhong2025",2020
951,1.24143341539632,"Zhong2025",2020
952,2.70476516212872,"Zhong2025",2020
953,8.15821106202847,"Zhong2025",2020
954,9.23127922043204,"Zhong2025",2020
955,0.589507279955924,"Zhong2025",2020
956,0.592316680081551,"Zhong2025",2020
957,0.847463754106904,"Zhong2025",2020
958,0.729467431999122,"Zhong2025",2020
959,0.923851573866814,"Zhong2025",2020
960,5.96013442275366,"Zhong2025",2020
961,2.43823401883731,"Zhong2025",2020
962,0.591046585947172,"Zhong2025",2020
963,4.43089870120268,"Zhong2025",2020
964,1.14219725466463,"Zhong2025",2020
965,9.71416077657435,"Zhong2025",2020
966,7.10625227237612,"Zhong2025",2020
967,4.40713377211647,"Zhong2025",2020
968,0.0226973978829987,"Zhong2025",2020
969,6.34845355107193,"Zhong2025",2020
970,0.37058152610679,"Zhong2025",2020
971,4.28855368478392,"Zhong2025",2020
972,1.17085215143219,"Zhong2025",2020
973,6.95200271143814,"Zhong2025",2020
974,2.73203696186685,"Zhong2025",2020
975,0.547448742186289,"Zhong2025",2020
976,0.328382239830268,"Zhong2025",2020
977,0.0156486204925314,"Zhong2025",2020
978,5.07197740694831,"Zhong2025",2020
979,19.1228533472334,"Zhong2025",2020
980,9.46198418113839,"Zhong2025",2020
981,13.7638931150629,"Zhong2025",2020
982,3.69596293722005,"Zhong2025",2020
983,6.51737920326345,"Zhong2025",2020
984,6.4366704331504,"Zhong2025",2020
985,1.62271644873009,"Zhong2025",2020
986,0.336371443067834,"Zhong2025",2020
987,0.441695555260307,"Zhong2025",2020
988,0.46943446312536,"Zhong2025",2020
989,1.10198593840517,"Zhong2025",2020
990,1.95415092644935,"Zhong2025",2020
991,0.0334483277376579,"Zhong2025",2020
992,3.47403480145423,"Zhong2025",2020
993,0.645568412276063,"Zhong2025",2020
994,0.816633831413057,"Zhong2025",2020
995,0.534146695999028,"Zhong2025",2020
996,2.59363864128572,"Zhong2025",2020
997,6.20713740519118,"Zhong2025",2020
998,0.651293051305739,"Zhong2025",2020
999,3.60967171672852,"Zhong2025",2020
1000,17.5518412677998,"Zhong2025",2020
1001,0.180420810985842,"Zhong2025",2020
1002,4.58054403509991,"Zhong2025",2020
1003,0.135570312573298,"Zhong2025",2020
1004,3.03219844585722,"Zhong2025",2020
1005,0.773500381965019,"Zhong2025",2020
1006,0,"Zhong2025",2020
1007,0.912218141719621,"Zhong2025",2020
1008,14.374879348554,"Zhong2025",2020
1009,1.28905212792629,"Zhong2025",2020
1010,0.00520875385685914,"Zhong2025",2020
1011,0.82687392969577,"Zhong2025",2020
1012,3.44681379892074,"Zhong2025",2020
1013,2.06142164186081,"Zhong2025",2020
1014,2.03431313064335,"Zhong2025",2020
1015,2.05967458497887,"Zhong2025",2020
1016,8.03265260589811,"Zhong2025",2020
1017,2.41590355452226,"Zhong2025",2020
1018,3.68813521917476,"Zhong2025",2020
1019,0.399686586568132,"Zhong2025",2020
1020,0.429503090113607,"Zhong2025",2020
1021,0.101022854222347,"Zhong2025",2020
1022,9.22742554059329,"Zhong2025",2020
1023,9.83053986184913,"Zhong2025",2020
1024,0.0737448808045015,"Zhong2025",2020
1025,13.5436582452264,"Zhong2025",2020
1026,2.1424393584664,"Zhong2025",2020
1027,0.404024288577919,"Zhong2025",2020
1028,0.33954292725003,"Zhong2025",2020
1029,1.93424715969363,"Zhong2025",2020
1030,1.60315167835439,"Zhong2025",2020
1031,0.160996581161402,"Zhong2025",2020
1032,4.63459233262322,"Zhong2025",2020
1033,3.17457066893072,"Zhong2025",2020
1034,4.19902118885672,"Zhong2025",2020
1035,12.0038877871999,"Zhong2025",2020
1036,5.90411440697604,"Zhong2025",2020
1037,0.0964783727059663,"Zhong2025",2020
1038,2.01975712587977,"Zhong2025",2020
1039,0.964041427111831,"Zhong2025",2020
1040,0.0569257140957445,"Zhong2025",2020
1041,4.1900669346973,"Zhong2025",2020
1042,0.0922986436414654,"Zhong2025",2020
1043,0.463627911172807,"Zhong2025",2020
1044,0.67115244982487,"Zhong2025",2020
1045,0.0594736738063927,"Zhong2025",2020
1046,1.81756949926225,"Zhong2025",2020
1047,1.13188898125116,"Zhong2025",2020
1048,0.570693422370007,"Zhong2025",2020
1049,0.0917577422725243,"Zhong2025",2020
1050,0.468504526323846,"Zhong2025",2020
1051,0.975244745568013,"Zhong2025",2020
1052,1.53960433618074,"Zhong2025",2020
1053,3.11066435793923,"Zhong2025",2020
1054,6.8151779435575,"Zhong2025",2020
1055,0.530600766535567,"Zhong2025",2020
1056,0.507208012837045,"Zhong2025",2020
1057,15.9511427661465,"Zhong2025",2020
1058,44.8514825339629,"Zhong2025",2020
1059,0.419500885765995,"Zhong2025",2020
1060,0.0944925795685357,"Zhong2025",2020
1061,15.5981742561562,"Zhong2025",2020
1062,41.3800357507496,"Zhong2025",2020
1063,12.8847186623917,"Zhong2025",2020
1064,0.478213601889841,"Zhong2025",2020
1065,3.44222260040846,"Zhong2025",2020
1066,1.30910713336037,"Zhong2025",2020
1067,1.22554106337555,"Zhong2025",2020
1068,2.02570343943648,"Zhong2025",2020
1069,0.391214466988431,"Zhong2025",2020
1070,2.61379930091485,"Zhong2025",2020
1071,9.34628929917155,"Zhong2025",2020
1072,1.09107217913563,"Zhong2025",2020
1073,1.07579933928783,"Zhong2025",2020
1074,5.41726549635788,"Zhong2025",2020
1075,1.48617955727256,"Zhong2025",2020
1076,0.528913070984777,"Zhong2025",2020
1077,0.321829373518539,"Zhong2025",2020
1078,23.8970046345954,"Zhong2025",2020
1079,3.09724913827471,"Zhong2025",2020
1080,28.7917774892321,"Zhong2025",2020
1081,6.95781266580307,"Zhong2025",2020
1082,7.66503003047678,"Zhong2025",2020
1083,1.29019105877341,"Zhong2025",2020
1084,8.10308418183571,"Zhong2025",2020
1085,5.45226077636083,"Zhong2025",2020
1086,6.00785264197626,"Zhong2025",2020
1087,7.79680273293828,"Zhong2025",2020
1088,24.6114204102284,"Zhong2025",2020
1089,0.457284934835563,"Zhong2025",2020
1090,0.679972893003171,"Zhong2025",2020
1091,1.7803755798321,"Zhong2025",2020
1092,4.93457002224217,"Zhong2025",2020
1093,7.22099211575234,"Zhong2025",2020
1094,0.391987645423309,"Zhong2025",2020
1095,2.63865495376464,"Zhong2025",2020
1096,13.7767418764218,"Zhong2025",2020
1097,0.108150325938051,"Zhong2025",2020
1098,0.255761795174881,"Zhong2025",2020
1099,1.84750154478124,"Zhong2025",2020
1100,8.89546491833989,"Zhong2025",2020
1101,0.891190407017769,"Zhong2025",2020
1102,4.4130318899334,"Zhong2025",2020
1103,0.969476789184148,"Zhong2025",2020
1104,6.23230236004362,"Zhong2025",2020
1105,2.47443178173181,"Zhong2025",2020
1106,2.83262998040487,"Zhong2025",2020
1107,1.39840182886812,"Zhong2025",2020
1108,0.740532381116952,"Zhong2025",2020
1109,3.61120690875932,"Zhong2025",2020
1110,1.57501745147625,"Zhong2025",2020
1111,3.92822658097688,"Zhong2025",2020
1112,29.3456933754462,"Zhong2025",2020
1113,35.4296087068529,"Zhong2025",2020
1114,58.2334767296201,"Zhong2025",2020
1115,28.4431728583116,"Zhong2025",2020
1116,44.1666760571235,"Zhong2025",2020
1117,21.4669169572683,"Zhong2025",2020
1118,30.0823023283836,"Zhong2025",2020
1119,1.76566998486153,"Zhong2025",2020
1120,5.75094556336679,"Zhong2025",2020
1121,56.0544023513794,"Zhong2025",2020
1122,52.3714496712936,"Zhong2025",2020
1,2.13838204819158,"Zhong2025",2021
2,0.0519772717789574,"Zhong2025",2021
3,0.216083514735658,"Zhong2025",2021
4,0.568362653417641,"Zhong2025",2021
5,0.289357215433423,"Zhong2025",2021
6,0.11216258688834,"Zhong2025",2021
7,0,"Zhong2025",2021
8,0.0735961812410931,"Zhong2025",2021
9,0.156497352878869,"Zhong2025",2021
10,0.0143538239989496,"Zhong2025",2021
11,0.0354602078535067,"Zhong2025",2021
12,0.0990986450066252,"Zhong2025",2021
13,0.00938835208970718,"Zhong2025",2021
14,0.185208753703286,"Zhong2025",2021
15,0.567605801031623,"Zhong2025",2021
16,0.121603126865861,"Zhong2025",2021
17,19.1400814433554,"Zhong2025",2021
18,0.633813359849756,"Zhong2025",2021
19,0.23273555256915,"Zhong2025",2021
20,0.249597433094567,"Zhong2025",2021
21,0.413394162270362,"Zhong2025",2021
22,2.98618896894125,"Zhong2025",2021
23,3.12099880099297,"Zhong2025",2021
24,2.05395692648326,"Zhong2025",2021
25,11.3130783941729,"Zhong2025",2021
26,9.22026580071883,"Zhong2025",2021
27,3.52360734318273,"Zhong2025",2021
28,17.9275928912777,"Zhong2025",2021
29,0.290824096844168,"Zhong2025",2021
30,2.20486255738175,"Zhong2025",2021
31,0.763519779745151,"Zhong2025",2021
32,0.178244392354617,"Zhong2025",2021
33,0.452136788481661,"Zhong2025",2021
34,11.4829662493643,"Zhong2025",2021
35,1.01643587066007,"Zhong2025",2021
36,12.7258608147905,"Zhong2025",2021
37,0.24909011617513,"Zhong2025",2021
38,0.945769360691648,"Zhong2025",2021
39,0.305599277829414,"Zhong2025",2021
40,12.7979419943533,"Zhong2025",2021
41,22.2327813444466,"Zhong2025",2021
42,0.611817016290381,"Zhong2025",2021
43,1.86291502760507,"Zhong2025",2021
44,0.0637824757988926,"Zhong2025",2021
45,11.0538929415756,"Zhong2025",2021
46,0.000813688581568585,"Zhong2025",2021
47,1.71844434663891,"Zhong2025",2021
48,2.00045981976279,"Zhong2025",2021
49,2.23867365008093,"Zhong2025",2021
50,0.133749243990157,"Zhong2025",2021
51,11.8433435798851,"Zhong2025",2021
52,7.58410456630908,"Zhong2025",2021
53,2.1879424238874,"Zhong2025",2021
54,0.397159055990035,"Zhong2025",2021
55,0.0889058133304052,"Zhong2025",2021
56,0,"Zhong2025",2021
57,0,"Zhong2025",2021
58,24.5277410575322,"Zhong2025",2021
59,40.6766895563174,"Zhong2025",2021
60,17.9890469682628,"Zhong2025",2021
61,6.71665200667751,"Zhong2025",2021
62,2.68222719870116,"Zhong2025",2021
63,6.65673159175959,"Zhong2025",2021
64,8.02502350059252,"Zhong2025",2021
65,9.3733644751111,"Zhong2025",2021
66,2.88074163080219,"Zhong2025",2021
67,30.2981653244364,"Zhong2025",2021
68,18.8571902841102,"Zhong2025",2021
69,2.12397496900402,"Zhong2025",2021
70,1.63599245631033,"Zhong2025",2021
71,11.7144689801476,"Zhong2025",2021
72,3.47733459289648,"Zhong2025",2021
73,8.00162891785209,"Zhong2025",2021
74,7.00653413453825,"Zhong2025",2021
75,13.6956703143961,"Zhong2025",2021
76,14.134199993427,"Zhong2025",2021
77,4.76832940923897,"Zhong2025",2021
78,19.6397881477573,"Zhong2025",2021
79,10.6353954193332,"Zhong2025",2021
80,10.6732965128063,"Zhong2025",2021
81,6.88678529699919,"Zhong2025",2021
82,12.2496001916424,"Zhong2025",2021
83,12.045301972371,"Zhong2025",2021
84,4.01905335815765,"Zhong2025",2021
85,6.83126635993681,"Zhong2025",2021
86,4.56902009476197,"Zhong2025",2021
87,8.15470511271245,"Zhong2025",2021
88,14.2289510250092,"Zhong2025",2021
89,2.46644709029077,"Zhong2025",2021
90,10.6926437145522,"Zhong2025",2021
91,8.62332259824401,"Zhong2025",2021
92,36.2896131787981,"Zhong2025",2021
93,11.2466151730148,"Zhong2025",2021
94,6.2737052818097,"Zhong2025",2021
95,15.8427507483114,"Zhong2025",2021
96,10.2561735911049,"Zhong2025",2021
97,13.8355713078817,"Zhong2025",2021
98,1.86598155767482,"Zhong2025",2021
99,6.6954870052195,"Zhong2025",2021
100,1.47060001433753,"Zhong2025",2021
101,2.55538747560162,"Zhong2025",2021
102,6.00674065805095,"Zhong2025",2021
103,1.11690973573428,"Zhong2025",2021
104,6.33684954272978,"Zhong2025",2021
105,0.347791486756229,"Zhong2025",2021
106,2.81357639530047,"Zhong2025",2021
107,0.7207459028242,"Zhong2025",2021
108,0.562130972551994,"Zhong2025",2021
109,2.60140859784835,"Zhong2025",2021
110,0.205814188933888,"Zhong2025",2021
111,1.5394977706216,"Zhong2025",2021
112,0.0375129292685686,"Zhong2025",2021
113,0.0484046676408471,"Zhong2025",2021
114,7.27875851383876,"Zhong2025",2021
115,2.31738240644336,"Zhong2025",2021
116,0.801217978877079,"Zhong2025",2021
117,1.31483708357938,"Zhong2025",2021
118,4.43733604372196,"Zhong2025",2021
119,0.25120099936612,"Zhong2025",2021
120,3.62896192282961,"Zhong2025",2021
121,1.19555454540648,"Zhong2025",2021
122,0.133249318570638,"Zhong2025",2021
123,8.29163532747942,"Zhong2025",2021
124,0.895156166355366,"Zhong2025",2021
125,6.47212548683127,"Zhong2025",2021
126,13.1266682094998,"Zhong2025",2021
127,1.89655438084391,"Zhong2025",2021
128,9.64873432202186,"Zhong2025",2021
129,6.59006963020716,"Zhong2025",2021
130,9.09670433845926,"Zhong2025",2021
131,17.2277522652836,"Zhong2025",2021
132,2.45273854583502,"Zhong2025",2021
133,5.35602764568983,"Zhong2025",2021
134,5.12450366417567,"Zhong2025",2021
135,1.54028753864089,"Zhong2025",2021
136,7.80396374480592,"Zhong2025",2021
137,11.863535194397,"Zhong2025",2021
138,5.27265899273065,"Zhong2025",2021
139,4.27911960541225,"Zhong2025",2021
140,1.2177222697675,"Zhong2025",2021
141,5.96548736721212,"Zhong2025",2021
142,7.9721194729709,"Zhong2025",2021
143,0.758298464894295,"Zhong2025",2021
144,0.3080636879902,"Zhong2025",2021
145,8.25906280512611,"Zhong2025",2021
146,3.10321579217077,"Zhong2025",2021
147,6.7209491127423,"Zhong2025",2021
148,0.0937593189403922,"Zhong2025",2021
149,2.97589184907803,"Zhong2025",2021
150,6.01734183029882,"Zhong2025",2021
151,1.83660767787643,"Zhong2025",2021
152,0.959882573589035,"Zhong2025",2021
153,5.30043817786667,"Zhong2025",2021
154,5.20461895547186,"Zhong2025",2021
155,3.47860884335477,"Zhong2025",2021
156,0,"Zhong2025",2021
157,11.3831962913275,"Zhong2025",2021
158,5.92435910060783,"Zhong2025",2021
159,7.92032042351262,"Zhong2025",2021
160,2.63854070107104,"Zhong2025",2021
161,1.38500298557328,"Zhong2025",2021
162,0.0584140361213108,"Zhong2025",2021
163,0.14457576982064,"Zhong2025",2021
164,0.500476857467508,"Zhong2025",2021
165,0.107365818511114,"Zhong2025",2021
166,0.00962361951096359,"Zhong2025",2021
167,0.0788892659412068,"Zhong2025",2021
168,0.00778134205194162,"Zhong2025",2021
169,0.0170501261028938,"Zhong2025",2021
170,0,"Zhong2025",2021
171,0,"Zhong2025",2021
172,0,"Zhong2025",2021
173,0.392581415948647,"Zhong2025",2021
174,0.0466433927160474,"Zhong2025",2021
175,0,"Zhong2025",2021
176,0.00502592054492529,"Zhong2025",2021
177,0.0713235729697532,"Zhong2025",2021
178,0,"Zhong2025",2021
179,0,"Zhong2025",2021
180,0.0196460906833944,"Zhong2025",2021
181,0.000952016672410011,"Zhong2025",2021
182,0,"Zhong2025",2021
183,0,"Zhong2025",2021
184,0,"Zhong2025",2021
185,0,"Zhong2025",2021
186,0.00725466805468263,"Zhong2025",2021
187,0.203281531879871,"Zhong2025",2021
188,0.0307844485505696,"Zhong2025",2021
189,0.00698474318935656,"Zhong2025",2021
190,6.76122790218372,"Zhong2025",2021
191,6.29713059799223,"Zhong2025",2021
192,0,"Zhong2025",2021
193,0,"Zhong2025",2021
194,0.600664569796581,"Zhong2025",2021
195,2.81843516308459,"Zhong2025",2021
196,0.440699834957295,"Zhong2025",2021
197,0.531246246807054,"Zhong2025",2021
198,1.22137562723471,"Zhong2025",2021
199,0.0690961796693851,"Zhong2025",2021
200,0.827642118869464,"Zhong2025",2021
201,0.26099435007059,"Zhong2025",2021
202,0.548288048531777,"Zhong2025",2021
203,0.130420095350136,"Zhong2025",2021
204,3.64403286800052,"Zhong2025",2021
205,0.450317446638583,"Zhong2025",2021
206,4.3658613731258,"Zhong2025",2021
207,0.196003420409727,"Zhong2025",2021
208,0.161685474230193,"Zhong2025",2021
209,0.220488962981164,"Zhong2025",2021
210,0.00120645550236861,"Zhong2025",2021
211,0,"Zhong2025",2021
212,0,"Zhong2025",2021
213,0,"Zhong2025",2021
214,0,"Zhong2025",2021
215,0,"Zhong2025",2021
216,0,"Zhong2025",2021
217,0.00570277957355275,"Zhong2025",2021
218,0,"Zhong2025",2021
219,0,"Zhong2025",2021
220,0.0509885037135335,"Zhong2025",2021
221,0.0122045259175221,"Zhong2025",2021
222,0,"Zhong2025",2021
223,0,"Zhong2025",2021
224,0,"Zhong2025",2021
225,0.000821656991330709,"Zhong2025",2021
226,0.110769599916337,"Zhong2025",2021
227,0.0145443165827261,"Zhong2025",2021
228,0.0176309446150546,"Zhong2025",2021
229,0.00836667406668159,"Zhong2025",2021
230,21.2511326667049,"Zhong2025",2021
231,2.55387979647693,"Zhong2025",2021
232,4.56118143953908,"Zhong2025",2021
233,0.266125826356482,"Zhong2025",2021
234,4.39007197367518,"Zhong2025",2021
235,10.7722327808539,"Zhong2025",2021
236,3.60756239350079,"Zhong2025",2021
237,4.14733741352315,"Zhong2025",2021
238,4.49014712195394,"Zhong2025",2021
239,3.42224749924597,"Zhong2025",2021
240,16.9375295053449,"Zhong2025",2021
241,8.41023865392653,"Zhong2025",2021
242,2.67064880644903,"Zhong2025",2021
243,8.89956270760324,"Zhong2025",2021
244,1.60644729323685,"Zhong2025",2021
245,9.29489317561826,"Zhong2025",2021
246,6.51001068393229,"Zhong2025",2021
247,0.746017508311879,"Zhong2025",2021
248,11.5709169748006,"Zhong2025",2021
249,6.34292716489119,"Zhong2025",2021
250,0.358640184239397,"Zhong2025",2021
251,2.02115578854725,"Zhong2025",2021
252,7.918875321098,"Zhong2025",2021
253,1.11869243228098,"Zhong2025",2021
254,16.8141350261236,"Zhong2025",2021
255,3.09106606448488,"Zhong2025",2021
256,5.0005305220421,"Zhong2025",2021
257,34.8609478415512,"Zhong2025",2021
258,8.96710619261098,"Zhong2025",2021
259,18.5401889913473,"Zhong2025",2021
260,30.3838012119134,"Zhong2025",2021
261,5.19186510514188,"Zhong2025",2021
262,12.9640537869614,"Zhong2025",2021
263,1.50840346848179,"Zhong2025",2021
264,19.1030322624289,"Zhong2025",2021
265,12.7036862976943,"Zhong2025",2021
266,1.99894539971406,"Zhong2025",2021
267,17.3022231021961,"Zhong2025",2021
268,5.09305847518686,"Zhong2025",2021
269,24.2614996584843,"Zhong2025",2021
270,4.48797347271635,"Zhong2025",2021
271,10.2375535137124,"Zhong2025",2021
272,7.36088684863074,"Zhong2025",2021
273,50.3423301643795,"Zhong2025",2021
274,7.98671807808297,"Zhong2025",2021
275,4.55289907945493,"Zhong2025",2021
276,19.582194664899,"Zhong2025",2021
277,12.4216173658004,"Zhong2025",2021
278,0.648261420284264,"Zhong2025",2021
279,0.340143208323696,"Zhong2025",2021
280,8.66479803505675,"Zhong2025",2021
281,7.7932274687117,"Zhong2025",2021
282,4.93407149458452,"Zhong2025",2021
283,49.4384174635188,"Zhong2025",2021
284,5.8497596163057,"Zhong2025",2021
285,2.47277528288429,"Zhong2025",2021
286,1.90149011665583,"Zhong2025",2021
287,0.389338761683487,"Zhong2025",2021
288,1.03875320904203,"Zhong2025",2021
289,2.54040586015132,"Zhong2025",2021
290,40.8405565334733,"Zhong2025",2021
291,1.33999257305517,"Zhong2025",2021
292,24.0489118538694,"Zhong2025",2021
293,6.92218035306686,"Zhong2025",2021
294,0.261973851476796,"Zhong2025",2021
295,0.713809335510014,"Zhong2025",2021
296,0.847488955363519,"Zhong2025",2021
297,4.1223868496743,"Zhong2025",2021
298,0.461670023147892,"Zhong2025",2021
299,2.11624287618768,"Zhong2025",2021
300,15.7914523405187,"Zhong2025",2021
301,3.20400249056588,"Zhong2025",2021
302,0.823671968586385,"Zhong2025",2021
303,22.1891812165578,"Zhong2025",2021
304,1.45877626613019,"Zhong2025",2021
305,0.203789510648138,"Zhong2025",2021
306,2.42753497291685,"Zhong2025",2021
307,1.87511810992462,"Zhong2025",2021
308,2.57798240278749,"Zhong2025",2021
309,1.12589977299286,"Zhong2025",2021
310,3.09863215549849,"Zhong2025",2021
311,0.796006165650816,"Zhong2025",2021
312,8.26883759180705,"Zhong2025",2021
313,1.01989154828155,"Zhong2025",2021
314,5.49388361216954,"Zhong2025",2021
315,0.446385161656756,"Zhong2025",2021
316,0.577025908618086,"Zhong2025",2021
317,1.78785688550893,"Zhong2025",2021
318,3.04649868598812,"Zhong2025",2021
319,9.30403895666135,"Zhong2025",2021
320,4.62454793226719,"Zhong2025",2021
321,0.83327709531956,"Zhong2025",2021
322,5.16458213360242,"Zhong2025",2021
323,9.4792421000118,"Zhong2025",2021
324,1.72805030230855,"Zhong2025",2021
325,1.09189282659841,"Zhong2025",2021
326,22.6460435899456,"Zhong2025",2021
327,4.58333755666194,"Zhong2025",2021
328,3.7679942277026,"Zhong2025",2021
329,11.0221154164631,"Zhong2025",2021
330,5.25231519689539,"Zhong2025",2021
331,8.60635756019123,"Zhong2025",2021
332,50.5676334857941,"Zhong2025",2021
333,3.9051869036713,"Zhong2025",2021
334,0.868229829743029,"Zhong2025",2021
335,7.65532516140536,"Zhong2025",2021
336,11.6158307917107,"Zhong2025",2021
337,51.6125388216617,"Zhong2025",2021
338,4.31933944711541,"Zhong2025",2021
339,2.70627620343949,"Zhong2025",2021
340,5.27273612343561,"Zhong2025",2021
341,10.7851934311911,"Zhong2025",2021
342,2.36704508106186,"Zhong2025",2021
343,1.88623243686797,"Zhong2025",2021
344,3.27016037849674,"Zhong2025",2021
345,10.3785025010408,"Zhong2025",2021
346,6.32264162966004,"Zhong2025",2021
347,4.66289174933965,"Zhong2025",2021
348,0.589703900118669,"Zhong2025",2021
349,2.24038075426151,"Zhong2025",2021
350,0.782759623300215,"Zhong2025",2021
351,21.8949697358268,"Zhong2025",2021
352,0.404000843612201,"Zhong2025",2021
353,11.6354834603482,"Zhong2025",2021
354,1.58910139235907,"Zhong2025",2021
355,3.86683056124197,"Zhong2025",2021
356,1.09863799867718,"Zhong2025",2021
357,12.6710968087408,"Zhong2025",2021
358,0.822894919216633,"Zhong2025",2021
359,2.80653266866062,"Zhong2025",2021
360,2.68477304577827,"Zhong2025",2021
361,17.4701649683068,"Zhong2025",2021
362,1.0394125134763,"Zhong2025",2021
363,1.64425972506488,"Zhong2025",2021
364,1.31834804979773,"Zhong2025",2021
365,2.3854398438936,"Zhong2025",2021
366,0.872936908169032,"Zhong2025",2021
367,51.4716487664443,"Zhong2025",2021
368,20.9112896752265,"Zhong2025",2021
369,1.01219466099658,"Zhong2025",2021
370,6.2940126000456,"Zhong2025",2021
371,3.030136838009,"Zhong2025",2021
372,1.13071981597942,"Zhong2025",2021
373,6.44996618204995,"Zhong2025",2021
374,0.197454872522868,"Zhong2025",2021
375,15.8745109871511,"Zhong2025",2021
376,8.13089266019977,"Zhong2025",2021
377,0.590695279323067,"Zhong2025",2021
378,0.585740310130817,"Zhong2025",2021
379,0.151565248838174,"Zhong2025",2021
380,0.0601616911856191,"Zhong2025",2021
381,10.6717620462179,"Zhong2025",2021
382,32.5622491189989,"Zhong2025",2021
383,1.23090365962959,"Zhong2025",2021
384,1.63896118018412,"Zhong2025",2021
385,12.5360030881976,"Zhong2025",2021
386,11.1773132975948,"Zhong2025",2021
387,30.9994503638574,"Zhong2025",2021
388,6.04835934282463,"Zhong2025",2021
389,3.36424822209048,"Zhong2025",2021
390,62.8499296188354,"Zhong2025",2021
391,4.85737446080598,"Zhong2025",2021
392,11.9132282793029,"Zhong2025",2021
393,10.656868735305,"Zhong2025",2021
394,36.9095049138449,"Zhong2025",2021
395,3.4286492780324,"Zhong2025",2021
396,3.76883972990418,"Zhong2025",2021
397,2.5868615674901,"Zhong2025",2021
398,42.5705006014217,"Zhong2025",2021
399,0.169576432057409,"Zhong2025",2021
400,0.329950692465052,"Zhong2025",2021
401,0.511815554064922,"Zhong2025",2021
402,0.299201503167337,"Zhong2025",2021
403,0,"Zhong2025",2021
404,0,"Zhong2025",2021
405,8.95378085718091,"Zhong2025",2021
406,0.0290530726249616,"Zhong2025",2021
407,1.0396975629613,"Zhong2025",2021
408,0.183798721989288,"Zhong2025",2021
409,0,"Zhong2025",2021
410,0.445368618378837,"Zhong2025",2021
411,0,"Zhong2025",2021
412,0.115255577275728,"Zhong2025",2021
413,0.00461677652819394,"Zhong2025",2021
414,0,"Zhong2025",2021
415,0.150575817919763,"Zhong2025",2021
416,0,"Zhong2025",2021
417,0.303993124921213,"Zhong2025",2021
418,0.569823090213272,"Zhong2025",2021
419,0.295511355186978,"Zhong2025",2021
420,0,"Zhong2025",2021
421,0.162731783345409,"Zhong2025",2021
422,0.0133738443304963,"Zhong2025",2021
423,0.023616139453204,"Zhong2025",2021
424,0,"Zhong2025",2021
425,0,"Zhong2025",2021
426,0.0882734386532596,"Zhong2025",2021
427,0.0108151844354591,"Zhong2025",2021
428,0,"Zhong2025",2021
429,0.323149745092018,"Zhong2025",2021
430,0.336610246914894,"Zhong2025",2021
431,0.0667162750901097,"Zhong2025",2021
432,0.013136255054752,"Zhong2025",2021
433,0.33094843874704,"Zhong2025",2021
434,0.0355455313141238,"Zhong2025",2021
435,1.44914073956397,"Zhong2025",2021
436,0.615517915141696,"Zhong2025",2021
437,5.1311968681778,"Zhong2025",2021
438,0.704061082056065,"Zhong2025",2021
439,1.55462419807774,"Zhong2025",2021
440,0.845430823730542,"Zhong2025",2021
441,17.5830742378666,"Zhong2025",2021
442,3.38605602094254,"Zhong2025",2021
443,8.16895833353443,"Zhong2025",2021
444,7.39901385959622,"Zhong2025",2021
445,8.31191525333806,"Zhong2025",2021
446,3.79679754750154,"Zhong2025",2021
447,5.15830216331339,"Zhong2025",2021
448,2.85383239578701,"Zhong2025",2021
449,8.63038857777913,"Zhong2025",2021
450,1.97350715802744,"Zhong2025",2021
451,3.3479817061095,"Zhong2025",2021
452,2.52695703287033,"Zhong2025",2021
453,0.342971988989963,"Zhong2025",2021
454,10.5343392235892,"Zhong2025",2021
455,7.83295644197274,"Zhong2025",2021
456,11.8950147964738,"Zhong2025",2021
457,10.8598286624246,"Zhong2025",2021
458,3.59625878937299,"Zhong2025",2021
459,5.44814171483192,"Zhong2025",2021
460,1.16904748618886,"Zhong2025",2021
461,4.86432527289485,"Zhong2025",2021
462,10.7875073901538,"Zhong2025",2021
463,1.8750484803221,"Zhong2025",2021
464,2.6147784039717,"Zhong2025",2021
465,1.59297889060709,"Zhong2025",2021
466,0.424579397940099,"Zhong2025",2021
467,59.9288082936915,"Zhong2025",2021
468,25.3035886706287,"Zhong2025",2021
469,16.2285889443897,"Zhong2025",2021
470,11.4646929303805,"Zhong2025",2021
471,40.5878257660639,"Zhong2025",2021
472,11.0513009480481,"Zhong2025",2021
473,9.49113142472537,"Zhong2025",2021
474,38.6281056220715,"Zhong2025",2021
475,11.2248429815452,"Zhong2025",2021
476,17.6654210577206,"Zhong2025",2021
477,4.85366245872279,"Zhong2025",2021
478,19.1198206681472,"Zhong2025",2021
479,10.661827921328,"Zhong2025",2021
480,43.3824703470866,"Zhong2025",2021
481,9.67353433429103,"Zhong2025",2021
482,40.9324446941944,"Zhong2025",2021
483,14.6464160283407,"Zhong2025",2021
484,11.6843182881673,"Zhong2025",2021
485,24.998708689914,"Zhong2025",2021
486,58.3580797048715,"Zhong2025",2021
487,14.2410474320253,"Zhong2025",2021
488,14.5299200547047,"Zhong2025",2021
489,11.5006965192465,"Zhong2025",2021
490,29.6265302866165,"Zhong2025",2021
491,0.243831027588581,"Zhong2025",2021
492,0.517281892414419,"Zhong2025",2021
493,0.786332983477616,"Zhong2025",2021
494,10.9564016255798,"Zhong2025",2021
495,6.5630033043983,"Zhong2025",2021
496,0.416235923785391,"Zhong2025",2021
497,4.88622175714145,"Zhong2025",2021
498,1.69499424567824,"Zhong2025",2021
499,13.0124893762792,"Zhong2025",2021
500,1.00594834405774,"Zhong2025",2021
501,14.2105627295735,"Zhong2025",2021
502,3.53682496683945,"Zhong2025",2021
503,1.23858182630468,"Zhong2025",2021
504,1.90978789530684,"Zhong2025",2021
505,7.69171027555381,"Zhong2025",2021
506,1.90361275976862,"Zhong2025",2021
507,4.72816411446321,"Zhong2025",2021
508,0.0240333119264661,"Zhong2025",2021
509,2.42302010619862,"Zhong2025",2021
510,0.523402643397788,"Zhong2025",2021
511,0.367868437492996,"Zhong2025",2021
512,0.179722059773986,"Zhong2025",2021
513,1.07262554122955,"Zhong2025",2021
514,0.580861889987442,"Zhong2025",2021
515,10.7820848018624,"Zhong2025",2021
516,10.7902258554304,"Zhong2025",2021
517,3.48404912838135,"Zhong2025",2021
518,0.14647512578489,"Zhong2025",2021
519,3.34183461495528,"Zhong2025",2021
520,1.09202225545374,"Zhong2025",2021
521,0.439622357278971,"Zhong2025",2021
522,10.1859016859729,"Zhong2025",2021
523,16.9755530878444,"Zhong2025",2021
524,0.561878165166361,"Zhong2025",2021
525,0.272668569958671,"Zhong2025",2021
526,5.16208970384432,"Zhong2025",2021
527,4.77206045250183,"Zhong2025",2021
528,0.199879254481215,"Zhong2025",2021
529,29.6572992943193,"Zhong2025",2021
530,16.9840933167195,"Zhong2025",2021
531,10.4035780053284,"Zhong2025",2021
532,1.9135042541666,"Zhong2025",2021
533,2.14098486822075,"Zhong2025",2021
534,4.47530369291183,"Zhong2025",2021
535,0.759852962386438,"Zhong2025",2021
536,4.44871468567333,"Zhong2025",2021
537,2.93535736844523,"Zhong2025",2021
538,2.58902070104819,"Zhong2025",2021
539,6.75283087516779,"Zhong2025",2021
540,4.44850688803168,"Zhong2025",2021
541,5.39787530370905,"Zhong2025",2021
542,2.7593110109053,"Zhong2025",2021
543,12.4929075609832,"Zhong2025",2021
544,4.9564451669177,"Zhong2025",2021
545,2.51637744243986,"Zhong2025",2021
546,3.06678425727805,"Zhong2025",2021
547,3.49676927019523,"Zhong2025",2021
548,3.25809136422879,"Zhong2025",2021
549,2.79233415083316,"Zhong2025",2021
550,2.72924917017316,"Zhong2025",2021
551,4.27456769636773,"Zhong2025",2021
552,2.4633704130538,"Zhong2025",2021
553,5.3662919650161,"Zhong2025",2021
554,3.12627263666442,"Zhong2025",2021
555,1.11598157230823,"Zhong2025",2021
556,8.03394759672624,"Zhong2025",2021
557,6.93809392454191,"Zhong2025",2021
558,10.800324190807,"Zhong2025",2021
559,6.21944361475725,"Zhong2025",2021
560,3.23115858196979,"Zhong2025",2021
561,7.74841418883246,"Zhong2025",2021
562,18.5715270150758,"Zhong2025",2021
563,8.14786417725924,"Zhong2025",2021
564,3.67218824251926,"Zhong2025",2021
565,7.88617219093839,"Zhong2025",2021
566,1.92347645943275,"Zhong2025",2021
567,9.39308894928928,"Zhong2025",2021
568,1.12793161914275,"Zhong2025",2021
569,3.92750002131431,"Zhong2025",2021
570,0.416514214297238,"Zhong2025",2021
571,4.12979851848227,"Zhong2025",2021
572,1.90856836534371,"Zhong2025",2021
573,2.45008402481282,"Zhong2025",2021
574,1.95238988142561,"Zhong2025",2021
575,1.77328244341592,"Zhong2025",2021
576,6.68056424074276,"Zhong2025",2021
577,0.817200812561038,"Zhong2025",2021
578,3.31425953915484,"Zhong2025",2021
579,2.30747778751922,"Zhong2025",2021
580,4.7844594708738,"Zhong2025",2021
581,2.38995856033694,"Zhong2025",2021
582,0.967275692977515,"Zhong2025",2021
583,0.426570919565962,"Zhong2025",2021
584,1.77449906982269,"Zhong2025",2021
585,1.87917224214802,"Zhong2025",2021
586,1.50011339572924,"Zhong2025",2021
587,2.11547768930649,"Zhong2025",2021
588,0.34549027409137,"Zhong2025",2021
589,6.07717270379402,"Zhong2025",2021
590,2.04996303761651,"Zhong2025",2021
591,5.29358988022915,"Zhong2025",2021
592,1.08047608381441,"Zhong2025",2021
593,0.84580546127489,"Zhong2025",2021
594,11.2491633047174,"Zhong2025",2021
595,1.75234603178745,"Zhong2025",2021
596,0.296405478415297,"Zhong2025",2021
597,10.2621942250715,"Zhong2025",2021
598,1.64880989766673,"Zhong2025",2021
599,4.17471697330236,"Zhong2025",2021
600,1.7193301108621,"Zhong2025",2021
601,5.85946832964925,"Zhong2025",2021
602,2.83258726279045,"Zhong2025",2021
603,25.8563837495343,"Zhong2025",2021
604,3.72341139487971,"Zhong2025",2021
605,2.48478434865095,"Zhong2025",2021
606,7.61196237744884,"Zhong2025",2021
607,12.1737110263535,"Zhong2025",2021
608,22.3411748806636,"Zhong2025",2021
609,4.40260931547603,"Zhong2025",2021
610,2.62661442958692,"Zhong2025",2021
611,4.14959324836042,"Zhong2025",2021
612,0.496491408712852,"Zhong2025",2021
613,4.83943601081007,"Zhong2025",2021
614,12.2680786818823,"Zhong2025",2021
615,0.70245711867126,"Zhong2025",2021
616,5.28535481133559,"Zhong2025",2021
617,7.41674817871788,"Zhong2025",2021
618,15.4593568044307,"Zhong2025",2021
619,0.867618862632721,"Zhong2025",2021
620,11.2574992228986,"Zhong2025",2021
621,3.67692825604121,"Zhong2025",2021
622,2.87783204336095,"Zhong2025",2021
623,7.19210294771778,"Zhong2025",2021
624,5.30601132886459,"Zhong2025",2021
625,0.46160774813965,"Zhong2025",2021
626,7.890763677244,"Zhong2025",2021
627,10.2557335116904,"Zhong2025",2021
628,16.7238625493206,"Zhong2025",2021
629,44.488549373768,"Zhong2025",2021
630,14.9188365106997,"Zhong2025",2021
631,0.837758586504188,"Zhong2025",2021
632,0.0665220193520359,"Zhong2025",2021
633,0.0508486353643409,"Zhong2025",2021
634,2.64070018574835,"Zhong2025",2021
635,0.646915806117521,"Zhong2025",2021
636,3.52599980920932,"Zhong2025",2021
637,0.903094615780522,"Zhong2025",2021
638,36.3663723915815,"Zhong2025",2021
639,3.87117873219353,"Zhong2025",2021
640,1.01532070688464,"Zhong2025",2021
641,3.04928103403176,"Zhong2025",2021
642,2.44071723026938,"Zhong2025",2021
643,0.779807733460551,"Zhong2025",2021
644,1.13526961727157,"Zhong2025",2021
645,1.49555229356047,"Zhong2025",2021
646,13.4006915139217,"Zhong2025",2021
647,0.355042593525006,"Zhong2025",2021
648,1.04521815716719,"Zhong2025",2021
649,20.3676218665563,"Zhong2025",2021
650,4.50695902398891,"Zhong2025",2021
651,0.200350540890535,"Zhong2025",2021
652,4.45851414664176,"Zhong2025",2021
653,1.17792107471163,"Zhong2025",2021
654,15.4618531768157,"Zhong2025",2021
655,0.366584102449926,"Zhong2025",2021
656,1.38634102931246,"Zhong2025",2021
657,10.8045445781834,"Zhong2025",2021
658,8.84916614582762,"Zhong2025",2021
659,7.78218219100268,"Zhong2025",2021
660,0,"Zhong2025",2021
661,24.606029147823,"Zhong2025",2021
662,0.0947125962651282,"Zhong2025",2021
663,1.36427721361009,"Zhong2025",2021
664,0.0865415249552045,"Zhong2025",2021
665,1.15033126801596,"Zhong2025",2021
666,2.28696969034664,"Zhong2025",2021
667,0.0865302195316528,"Zhong2025",2021
668,4.66765865885124,"Zhong2025",2021
669,0.544927704579837,"Zhong2025",2021
670,0.358669988020523,"Zhong2025",2021
671,3.68874103628146,"Zhong2025",2021
672,20.3319004567207,"Zhong2025",2021
673,7.4232230953752,"Zhong2025",2021
674,2.20763583660025,"Zhong2025",2021
675,12.1292768146488,"Zhong2025",2021
676,6.03865111790716,"Zhong2025",2021
677,0.0603596461831399,"Zhong2025",2021
678,1.43978478938893,"Zhong2025",2021
679,11.0556382356688,"Zhong2025",2021
680,8.9855329713156,"Zhong2025",2021
681,6.55179192072579,"Zhong2025",2021
682,0.368296192632171,"Zhong2025",2021
683,15.162673225193,"Zhong2025",2021
684,1.22860813583155,"Zhong2025",2021
685,2.06126474731997,"Zhong2025",2021
686,10.5813070274563,"Zhong2025",2021
687,8.84322233720804,"Zhong2025",2021
688,2.09455859900007,"Zhong2025",2021
689,2.43626452909049,"Zhong2025",2021
690,4.08161019134734,"Zhong2025",2021
691,2.49534072346675,"Zhong2025",2021
692,17.6994385984209,"Zhong2025",2021
693,2.91100949385705,"Zhong2025",2021
694,11.6928618431091,"Zhong2025",2021
695,9.37223933817198,"Zhong2025",2021
696,0.803351130346646,"Zhong2025",2021
697,11.2640729343827,"Zhong2025",2021
698,0.627876834476022,"Zhong2025",2021
699,0.23197559351545,"Zhong2025",2021
700,3.21945349371268,"Zhong2025",2021
701,0.962452129037987,"Zhong2025",2021
702,6.78967120509217,"Zhong2025",2021
703,7.74564347796076,"Zhong2025",2021
704,18.1524080613564,"Zhong2025",2021
705,1.63622468889787,"Zhong2025",2021
706,38.0503643536177,"Zhong2025",2021
707,6.82474282756448,"Zhong2025",2021
708,14.8169218282851,"Zhong2025",2021
709,0.291421308826655,"Zhong2025",2021
710,5.85800243848541,"Zhong2025",2021
711,0.509267992485962,"Zhong2025",2021
712,12.0341711930693,"Zhong2025",2021
713,0.00364982684453328,"Zhong2025",2021
714,6.57405420265547,"Zhong2025",2021
715,0.376127747082839,"Zhong2025",2021
716,0.223901720048599,"Zhong2025",2021
717,2.82706379156213,"Zhong2025",2021
718,6.46607163159007,"Zhong2025",2021
719,4.31872193764974,"Zhong2025",2021
720,0.00483658374615119,"Zhong2025",2021
721,2.97592694666953,"Zhong2025",2021
722,11.6489205866149,"Zhong2025",2021
723,16.8635798672031,"Zhong2025",2021
724,0.128997111547252,"Zhong2025",2021
725,5.98347825034993,"Zhong2025",2021
726,0.249619160844939,"Zhong2025",2021
727,1.37551371268928,"Zhong2025",2021
728,3.50426533472056,"Zhong2025",2021
729,0.679889031193102,"Zhong2025",2021
730,5.47946911210745,"Zhong2025",2021
731,0.771217993449238,"Zhong2025",2021
732,12.970184778292,"Zhong2025",2021
733,5.86127636443686,"Zhong2025",2021
734,1.30094350316739,"Zhong2025",2021
735,1.32875519311902,"Zhong2025",2021
736,4.96621884689445,"Zhong2025",2021
737,4.59634601579501,"Zhong2025",2021
738,9.89778002262116,"Zhong2025",2021
739,4.55783106321901,"Zhong2025",2021
740,26.0903691927592,"Zhong2025",2021
741,0.932523928845658,"Zhong2025",2021
742,5.70797336178578,"Zhong2025",2021
743,10.8557248009576,"Zhong2025",2021
744,1.72940115993087,"Zhong2025",2021
745,5.04515694240306,"Zhong2025",2021
746,3.92561649481157,"Zhong2025",2021
747,22.1426007893621,"Zhong2025",2021
748,3.70377925155862,"Zhong2025",2021
749,3.25179347523954,"Zhong2025",2021
750,3.66822933997917,"Zhong2025",2021
751,1.13033217817752,"Zhong2025",2021
752,20.7016217773025,"Zhong2025",2021
753,1.74460609688853,"Zhong2025",2021
754,0.113689057528973,"Zhong2025",2021
755,6.57227027771431,"Zhong2025",2021
756,8.58083497862288,"Zhong2025",2021
757,0.313903877628036,"Zhong2025",2021
758,0.211252823269855,"Zhong2025",2021
759,0.383814885127809,"Zhong2025",2021
760,0.258143790724734,"Zhong2025",2021
761,13.5552847712648,"Zhong2025",2021
762,17.8154251390649,"Zhong2025",2021
763,13.1857474398991,"Zhong2025",2021
764,11.4900678618762,"Zhong2025",2021
765,1.29825106252262,"Zhong2025",2021
766,8.13498620036989,"Zhong2025",2021
767,15.5846270061675,"Zhong2025",2021
768,0.215209443635112,"Zhong2025",2021
769,16.3515901054655,"Zhong2025",2021
770,57.634884296764,"Zhong2025",2021
771,0.861307825789285,"Zhong2025",2021
772,12.5530577439528,"Zhong2025",2021
773,2.04381329191963,"Zhong2025",2021
774,0.931416786980728,"Zhong2025",2021
775,13.5673949405169,"Zhong2025",2021
776,10.0171156856628,"Zhong2025",2021
777,7.468212757335,"Zhong2025",2021
778,17.9988171042691,"Zhong2025",2021
779,58.8713873523777,"Zhong2025",2021
780,10.6689144907327,"Zhong2025",2021
781,19.8632010017953,"Zhong2025",2021
782,0.812844753837479,"Zhong2025",2021
783,31.3956033729372,"Zhong2025",2021
784,1.65666952166207,"Zhong2025",2021
785,4.95683478903683,"Zhong2025",2021
786,58.8634364745196,"Zhong2025",2021
787,7.76533348019044,"Zhong2025",2021
788,0.192635829213225,"Zhong2025",2021
789,40.0522454949312,"Zhong2025",2021
790,0.838913213639032,"Zhong2025",2021
791,0.287059156605492,"Zhong2025",2021
792,14.7108804827831,"Zhong2025",2021
793,11.1692588309447,"Zhong2025",2021
794,4.56588610368085,"Zhong2025",2021
795,9.16447101672741,"Zhong2025",2021
796,2.31921698563561,"Zhong2025",2021
797,7.29093705954503,"Zhong2025",2021
798,9.19297623456414,"Zhong2025",2021
799,6.27758252725872,"Zhong2025",2021
800,0.188308712655194,"Zhong2025",2021
801,0.897061720648979,"Zhong2025",2021
802,1.01056130998178,"Zhong2025",2021
803,22.7622413621001,"Zhong2025",2021
804,20.8701221138239,"Zhong2025",2021
805,2.59203466633564,"Zhong2025",2021
806,0.588449183139293,"Zhong2025",2021
807,11.3520409192568,"Zhong2025",2021
808,10.1343682218343,"Zhong2025",2021
809,2.44138496726783,"Zhong2025",2021
810,45.8016713150149,"Zhong2025",2021
811,2.21115816318031,"Zhong2025",2021
812,0.429868800008662,"Zhong2025",2021
813,8.772893187044,"Zhong2025",2021
814,21.709727204763,"Zhong2025",2021
815,13.0149928230792,"Zhong2025",2021
816,2.06091198107849,"Zhong2025",2021
817,5.92603034337362,"Zhong2025",2021
818,0.498331443894477,"Zhong2025",2021
819,3.35392674535538,"Zhong2025",2021
820,0,"Zhong2025",2021
821,8.29521058540086,"Zhong2025",2021
822,0.36650499571855,"Zhong2025",2021
823,4.48773199876988,"Zhong2025",2021
824,3.87569031051434,"Zhong2025",2021
825,0.376705562604555,"Zhong2025",2021
826,4.63523619542165,"Zhong2025",2021
827,5.12056031703235,"Zhong2025",2021
828,5.15254879241379,"Zhong2025",2021
829,10.5916407493445,"Zhong2025",2021
830,23.2252276279308,"Zhong2025",2021
831,19.9364050195572,"Zhong2025",2021
832,1.95352632280153,"Zhong2025",2021
833,0.219212069130335,"Zhong2025",2021
834,11.0390887184749,"Zhong2025",2021
835,11.9477655355595,"Zhong2025",2021
836,13.5559549109398,"Zhong2025",2021
837,17.3526789440828,"Zhong2025",2021
838,9.12969991462488,"Zhong2025",2021
839,38.8134986101571,"Zhong2025",2021
840,12.1832388758659,"Zhong2025",2021
841,12.3379766416291,"Zhong2025",2021
842,3.98371647277942,"Zhong2025",2021
843,4.99513034275178,"Zhong2025",2021
844,12.1561867504409,"Zhong2025",2021
845,27.899260943449,"Zhong2025",2021
846,6.64212989708774,"Zhong2025",2021
847,18.1836653285556,"Zhong2025",2021
848,41.456036552054,"Zhong2025",2021
849,13.9782296339671,"Zhong2025",2021
850,2.75612285938756,"Zhong2025",2021
851,8.54040964444597,"Zhong2025",2021
852,48.886008682251,"Zhong2025",2021
853,0.177571028777349,"Zhong2025",2021
854,0.421651030796322,"Zhong2025",2021
855,11.6643046044015,"Zhong2025",2021
856,18.210715647097,"Zhong2025",2021
857,2.5365480238833,"Zhong2025",2021
858,2.84285281928851,"Zhong2025",2021
859,1.16347845441564,"Zhong2025",2021
860,5.05436320194643,"Zhong2025",2021
861,0.264813079073065,"Zhong2025",2021
862,7.25795278161926,"Zhong2025",2021
863,14.2238569261671,"Zhong2025",2021
864,8.70995222357817,"Zhong2025",2021
865,0.129407535186969,"Zhong2025",2021
866,15.3899874929654,"Zhong2025",2021
867,23.4009594911337,"Zhong2025",2021
868,12.9013242019074,"Zhong2025",2021
869,13.2993082552985,"Zhong2025",2021
870,0.760603481790688,"Zhong2025",2021
871,0.21696838946758,"Zhong2025",2021
872,4.88416886469092,"Zhong2025",2021
873,0.142757859499308,"Zhong2025",2021
874,0.639781308496992,"Zhong2025",2021
875,0.270635990442422,"Zhong2025",2021
876,8.48971343610968,"Zhong2025",2021
877,0.288649667404536,"Zhong2025",2021
878,4.06051907216833,"Zhong2025",2021
879,5.63755819598626,"Zhong2025",2021
880,2.96119661473173,"Zhong2025",2021
881,0.11530026379374,"Zhong2025",2021
882,0.908127021306956,"Zhong2025",2021
883,1.58076789878895,"Zhong2025",2021
884,1.21919811078209,"Zhong2025",2021
885,1.08500967619854,"Zhong2025",2021
886,24.5179939375983,"Zhong2025",2021
887,2.11290593797802,"Zhong2025",2021
888,1.28288365319129,"Zhong2025",2021
889,7.11153666623285,"Zhong2025",2021
890,6.63285067432841,"Zhong2025",2021
891,2.81639298730056,"Zhong2025",2021
892,4.96297134217271,"Zhong2025",2021
893,3.42115467200401,"Zhong2025",2021
894,0.678552967627212,"Zhong2025",2021
895,0.607215967013218,"Zhong2025",2021
896,18.0697630884319,"Zhong2025",2021
897,2.11451702072891,"Zhong2025",2021
898,0.530828369268154,"Zhong2025",2021
899,1.17203519154034,"Zhong2025",2021
900,0.113875579970944,"Zhong2025",2021
901,27.2468244553816,"Zhong2025",2021
902,0.232936811901958,"Zhong2025",2021
903,0.876521298028129,"Zhong2025",2021
904,0.332366512232811,"Zhong2025",2021
905,0.578828575610637,"Zhong2025",2021
906,1.43820695853329,"Zhong2025",2021
907,0.645803682557263,"Zhong2025",2021
908,0.425989634030558,"Zhong2025",2021
909,23.3827250869207,"Zhong2025",2021
910,16.729957759303,"Zhong2025",2021
911,14.2486138997962,"Zhong2025",2021
912,2.64926436699201,"Zhong2025",2021
913,2.91254976653306,"Zhong2025",2021
914,11.780050131038,"Zhong2025",2021
915,1.08433544777234,"Zhong2025",2021
916,1.70057195827228,"Zhong2025",2021
917,0.24301504094539,"Zhong2025",2021
918,1.86794230597378,"Zhong2025",2021
919,2.06844970987489,"Zhong2025",2021
920,1.71898229735402,"Zhong2025",2021
921,12.6191371352108,"Zhong2025",2021
922,4.55751249120822,"Zhong2025",2021
923,0.149654725250996,"Zhong2025",2021
924,0.0345012630882144,"Zhong2025",2021
925,0.781548437712354,"Zhong2025",2021
926,0.408723956553735,"Zhong2025",2021
927,0.355689470454487,"Zhong2025",2021
928,0.258692891459053,"Zhong2025",2021
929,0.100735835003936,"Zhong2025",2021
930,6.59507013787877,"Zhong2025",2021
931,1.59872564260734,"Zhong2025",2021
932,0.374510171947279,"Zhong2025",2021
933,0.0921066982287263,"Zhong2025",2021
934,0.498773706992943,"Zhong2025",2021
935,0.134955169806513,"Zhong2025",2021
936,0.0883652590959715,"Zhong2025",2021
937,0.00615957749694064,"Zhong2025",2021
938,1.01193001400542,"Zhong2025",2021
939,11.4155050554979,"Zhong2025",2021
940,6.74826308019239,"Zhong2025",2021
941,1.57027123851433,"Zhong2025",2021
942,3.47481968038057,"Zhong2025",2021
943,0.727726537677149,"Zhong2025",2021
944,1.29526772921926,"Zhong2025",2021
945,0.716711825061224,"Zhong2025",2021
946,2.30801376679218,"Zhong2025",2021
947,1.29016551418983,"Zhong2025",2021
948,1.44730523052541,"Zhong2025",2021
949,7.80312180119477,"Zhong2025",2021
950,7.96825853795281,"Zhong2025",2021
951,1.38145557079305,"Zhong2025",2021
952,2.76072927306425,"Zhong2025",2021
953,8.54126217508864,"Zhong2025",2021
954,9.35044052282518,"Zhong2025",2021
955,0.628401863507528,"Zhong2025",2021
956,0.602416988991091,"Zhong2025",2021
957,0.847463754106904,"Zhong2025",2021
958,0.958114711547799,"Zhong2025",2021
959,1.00391579446159,"Zhong2025",2021
960,5.99822738760804,"Zhong2025",2021
961,2.45571744604087,"Zhong2025",2021
962,0.595210810117847,"Zhong2025",2021
963,4.99391316924572,"Zhong2025",2021
964,1.20352247506806,"Zhong2025",2021
965,9.78805257835796,"Zhong2025",2021
966,7.15473098441982,"Zhong2025",2021
967,5.29397597742907,"Zhong2025",2021
968,0.0239332066840479,"Zhong2025",2021
969,6.42353068823168,"Zhong2025",2021
970,0.374030295726821,"Zhong2025",2021
971,4.43546411208313,"Zhong2025",2021
972,1.20377818164619,"Zhong2025",2021
973,7.09304417743299,"Zhong2025",2021
974,2.84659382564296,"Zhong2025",2021
975,0.561327825799493,"Zhong2025",2021
976,0.328382239830268,"Zhong2025",2021
977,0.0156486204925314,"Zhong2025",2021
978,4.88322346655433,"Zhong2025",2021
979,19.3843833183756,"Zhong2025",2021
980,9.41439449555286,"Zhong2025",2021
981,13.457962405078,"Zhong2025",2021
982,3.32906065403214,"Zhong2025",2021
983,4.7200575197006,"Zhong2025",2021
984,5.06549124916395,"Zhong2025",2021
985,1.50397578915902,"Zhong2025",2021
986,0.276645076773843,"Zhong2025",2021
987,0.345762102292818,"Zhong2025",2021
988,0.473978331933419,"Zhong2025",2021
989,1.08330485055796,"Zhong2025",2021
990,2.30125012046852,"Zhong2025",2021
991,0.0334483277376579,"Zhong2025",2021
992,3.73409383680087,"Zhong2025",2021
993,0.647889730034044,"Zhong2025",2021
994,0.815522240084601,"Zhong2025",2021
995,0.194717835776414,"Zhong2025",2021
996,2.60200900350658,"Zhong2025",2021
997,5.87165670627144,"Zhong2025",2021
998,0.650468572116895,"Zhong2025",2021
999,3.74919984513713,"Zhong2025",2021
1000,17.595683267607,"Zhong2025",2021
1001,0.0890025128887979,"Zhong2025",2021
1002,4.58208399247608,"Zhong2025",2021
1003,0.491384356307822,"Zhong2025",2021
1004,2.78651823597649,"Zhong2025",2021
1005,0.810674109780639,"Zhong2025",2021
1006,0,"Zhong2025",2021
1007,0.869148346805136,"Zhong2025",2021
1008,14.4941988828558,"Zhong2025",2021
1009,1.49288231349374,"Zhong2025",2021
1010,0.00710232152123486,"Zhong2025",2021
1011,0.753588637181868,"Zhong2025",2021
1012,3.89225246338344,"Zhong2025",2021
1013,2.07381428057218,"Zhong2025",2021
1014,2.06963797244411,"Zhong2025",2021
1015,1.735884137058,"Zhong2025",2021
1016,8.00046962900804,"Zhong2025",2021
1017,2.22317422512762,"Zhong2025",2021
1018,3.68813521917476,"Zhong2025",2021
1019,0.413688655492983,"Zhong2025",2021
1020,0.419819671994247,"Zhong2025",2021
1021,0.101022854222347,"Zhong2025",2021
1022,8.60522090073369,"Zhong2025",2021
1023,9.8897565751229,"Zhong2025",2021
1024,0.0737448808045015,"Zhong2025",2021
1025,13.5923549049887,"Zhong2025",2021
1026,2.15629577412596,"Zhong2025",2021
1027,0.405886591589609,"Zhong2025",2021
1028,0.360632749018136,"Zhong2025",2021
1029,2.69447037080119,"Zhong2025",2021
1030,1.61078657811224,"Zhong2025",2021
1031,0.166064250509432,"Zhong2025",2021
1032,1.84591741487384,"Zhong2025",2021
1033,2.58612565216372,"Zhong2025",2021
1034,4.19902118885672,"Zhong2025",2021
1035,12.0954637694777,"Zhong2025",2021
1036,6.26465196193273,"Zhong2025",2021
1037,0.0985763822139123,"Zhong2025",2021
1038,1.82821350466753,"Zhong2025",2021
1039,0.903227702528238,"Zhong2025",2021
1040,0.0446811580794205,"Zhong2025",2021
1041,4.20255883904138,"Zhong2025",2021
1042,0.109233284774826,"Zhong2025",2021
1043,0.457532823566151,"Zhong2025",2021
1044,0.712116068536955,"Zhong2025",2021
1045,0.0943559516620423,"Zhong2025",2021
1046,1.80422505779335,"Zhong2025",2021
1047,1.24947562455175,"Zhong2025",2021
1048,0.329209828122615,"Zhong2025",2021
1049,0.0938341374365197,"Zhong2025",2021
1050,0.530514166076919,"Zhong2025",2021
1051,0.827741873570797,"Zhong2025",2021
1052,1.23071134281935,"Zhong2025",2021
1053,3.26061103484509,"Zhong2025",2021
1054,7.74861012771726,"Zhong2025",2021
1055,0.204192478952451,"Zhong2025",2021
1056,0.507208012837045,"Zhong2025",2021
1057,16.0884723542062,"Zhong2025",2021
1058,45.1257249974759,"Zhong2025",2021
1059,0.410756532411515,"Zhong2025",2021
1060,0.0994914644487346,"Zhong2025",2021
1061,15.7426226938696,"Zhong2025",2021
1062,41.3802240200159,"Zhong2025",2021
1063,12.9426659899271,"Zhong2025",2021
1064,0.484374092366152,"Zhong2025",2021
1065,3.45582966120981,"Zhong2025",2021
1066,1.27865748244371,"Zhong2025",2021
1067,1.22554106337555,"Zhong2025",2021
1068,2.0086689402315,"Zhong2025",2021
1069,0.43184106198888,"Zhong2025",2021
1070,2.61433419834869,"Zhong2025",2021
1071,9.4553512450069,"Zhong2025",2021
1072,1.1254224590218,"Zhong2025",2021
1073,1.09135272170726,"Zhong2025",2021
1074,5.4046278379778,"Zhong2025",2021
1075,1.64318658382623,"Zhong2025",2021
1076,0.512900187683544,"Zhong2025",2021
1077,0.323459233532848,"Zhong2025",2021
1078,23.8986234096729,"Zhong2025",2021
1079,3.12536596032615,"Zhong2025",2021
1080,28.7917774892321,"Zhong2025",2021
1081,7.03289537094371,"Zhong2025",2021
1082,7.95311431198721,"Zhong2025",2021
1083,1.27909916410174,"Zhong2025",2021
1084,8.1210408107737,"Zhong2025",2021
1085,5.42798487923124,"Zhong2025",2021
1086,6.0118818809724,"Zhong2025",2021
1087,7.75653199688075,"Zhong2025",2021
1088,24.902096306747,"Zhong2025",2021
1089,0.479737274752379,"Zhong2025",2021
1090,0.659673211833999,"Zhong2025",2021
1091,1.8423395795209,"Zhong2025",2021
1092,5.26012727691674,"Zhong2025",2021
1093,7.22099211575234,"Zhong2025",2021
1094,0.380220440375982,"Zhong2025",2021
1095,2.67562506305087,"Zhong2025",2021
1096,13.7352939792373,"Zhong2025",2021
1097,0.154120459921425,"Zhong2025",2021
1098,0.252091124757042,"Zhong2025",2021
1099,1.84750154478124,"Zhong2025",2021
1100,9.0588912913094,"Zhong2025",2021
1101,0.893744623426146,"Zhong2025",2021
1102,4.52571457122488,"Zhong2025",2021
1103,1.0110375158982,"Zhong2025",2021
1104,6.25287565780041,"Zhong2025",2021
1105,2.47443178173181,"Zhong2025",2021
1106,2.94265802390329,"Zhong2025",2021
1107,1.40358845272969,"Zhong2025",2021
1108,0.702326299410248,"Zhong2025",2021
1109,3.7391228586364,"Zhong2025",2021
1110,1.76636207568566,"Zhong2025",2021
1111,3.82273506914284,"Zhong2025",2021
1112,29.3670252755836,"Zhong2025",2021
1113,35.4449726013682,"Zhong2025",2021
1114,58.6854456492833,"Zhong2025",2021
1115,28.470775614728,"Zhong2025",2021
1116,44.2089956840583,"Zhong2025",2021
1117,21.4669169866122,"Zhong2025",2021
1118,30.1129123657057,"Zhong2025",2021
1119,1.69204434871278,"Zhong2025",2021
1120,5.75518746473929,"Zhong2025",2021
1121,56.0544023513794,"Zhong2025",2021
1122,52.3714496712936,"Zhong2025",2021
1,2.37108608893928,"Zhong2025",2022
2,0.0827497200031454,"Zhong2025",2022
3,0.276351510992971,"Zhong2025",2022
4,0.624291600826485,"Zhong2025",2022
5,0.298782133440219,"Zhong2025",2022
6,0.132443657334927,"Zhong2025",2022
7,0.0031899769508729,"Zhong2025",2022
8,0.239584823505434,"Zhong2025",2022
9,0.193769979015299,"Zhong2025",2022
10,0.0246747457228708,"Zhong2025",2022
11,0.0387400833188511,"Zhong2025",2022
12,0.106669962208662,"Zhong2025",2022
13,0.00970897335110178,"Zhong2025",2022
14,0.20174194812095,"Zhong2025",2022
15,0.587038770510417,"Zhong2025",2022
16,0.123921125654724,"Zhong2025",2022
17,19.1998609491812,"Zhong2025",2022
18,0.678977906088074,"Zhong2025",2022
19,0.234017165665893,"Zhong2025",2022
20,0.301453320186098,"Zhong2025",2022
21,0.46739286186547,"Zhong2025",2022
22,3.2121154057379,"Zhong2025",2022
23,3.36380200295486,"Zhong2025",2022
24,2.22366949293188,"Zhong2025",2022
25,11.8196589464837,"Zhong2025",2022
26,9.3737734901795,"Zhong2025",2022
27,3.59192063015396,"Zhong2025",2022
28,18.0757472255442,"Zhong2025",2022
29,0.291961507075086,"Zhong2025",2022
30,3.66729186247537,"Zhong2025",2022
31,0.869857347909022,"Zhong2025",2022
32,0.180330167706619,"Zhong2025",2022
33,0.492616123709152,"Zhong2025",2022
34,11.5522494576304,"Zhong2025",2022
35,1.07633866494249,"Zhong2025",2022
36,12.9231576790681,"Zhong2025",2022
37,0.479959658229597,"Zhong2025",2022
38,1.05617301279088,"Zhong2025",2022
39,0.305599277829414,"Zhong2025",2022
40,13.0656923461902,"Zhong2025",2022
41,22.2828062649431,"Zhong2025",2022
42,0.614911170579971,"Zhong2025",2022
43,1.86291502760507,"Zhong2025",2022
44,0.0661020991288776,"Zhong2025",2022
45,11.1860278519983,"Zhong2025",2022
46,0.00185193963211256,"Zhong2025",2022
47,1.73827733137581,"Zhong2025",2022
48,2.01406161563842,"Zhong2025",2022
49,2.28739683409967,"Zhong2025",2022
50,0.521096742847101,"Zhong2025",2022
51,11.8437272428419,"Zhong2025",2022
52,7.98593015455035,"Zhong2025",2022
53,2.24063740937118,"Zhong2025",2022
54,0.412360210065286,"Zhong2025",2022
55,0.0900665170551014,"Zhong2025",2022
56,0,"Zhong2025",2022
57,0.00511932968530197,"Zhong2025",2022
58,24.5394717398144,"Zhong2025",2022
59,40.6981920266763,"Zhong2025",2022
60,18.0643059138594,"Zhong2025",2022
61,6.89006821043426,"Zhong2025",2022
62,2.99330188506528,"Zhong2025",2022
63,6.66407032485788,"Zhong2025",2022
64,8.25908784572359,"Zhong2025",2022
65,9.60044760134934,"Zhong2025",2022
66,2.94048471386748,"Zhong2025",2022
67,30.3162366626332,"Zhong2025",2022
68,18.8644073373489,"Zhong2025",2022
69,2.16915935241164,"Zhong2025",2022
70,1.76969779047701,"Zhong2025",2022
71,11.860264233382,"Zhong2025",2022
72,3.54337319853996,"Zhong2025",2022
73,8.08943105265144,"Zhong2025",2022
74,7.1302461762021,"Zhong2025",2022
75,13.6975729507558,"Zhong2025",2022
76,14.134199993427,"Zhong2025",2022
77,4.83461098129099,"Zhong2025",2022
78,19.9774317337557,"Zhong2025",2022
79,10.8059991439504,"Zhong2025",2022
80,10.6732965128063,"Zhong2025",2022
81,6.92748534529366,"Zhong2025",2022
82,12.4611845172904,"Zhong2025",2022
83,12.0453019812013,"Zhong2025",2022
84,4.30663733982379,"Zhong2025",2022
85,7.31651223474933,"Zhong2025",2022
86,4.70295933571374,"Zhong2025",2022
87,8.27448751246204,"Zhong2025",2022
88,14.2820764780045,"Zhong2025",2022
89,2.52200661002184,"Zhong2025",2022
90,10.7143396048987,"Zhong2025",2022
91,8.64201251779035,"Zhong2025",2022
92,36.3320337263476,"Zhong2025",2022
93,11.5761672014965,"Zhong2025",2022
94,7.19056845140114,"Zhong2025",2022
95,15.9915896701062,"Zhong2025",2022
96,10.4260934328696,"Zhong2025",2022
97,13.9307432745351,"Zhong2025",2022
98,1.93305820682006,"Zhong2025",2022
99,6.7363639580844,"Zhong2025",2022
100,1.527439985113,"Zhong2025",2022
101,2.61520527840762,"Zhong2025",2022
102,7.21573348496767,"Zhong2025",2022
103,1.13326889278398,"Zhong2025",2022
104,7.26965602163715,"Zhong2025",2022
105,0.378953177484061,"Zhong2025",2022
106,2.84609176124909,"Zhong2025",2022
107,0.8752856365284,"Zhong2025",2022
108,0.562130972551994,"Zhong2025",2022
109,2.6098357406495,"Zhong2025",2022
110,0.206087766802827,"Zhong2025",2022
111,1.56637682252981,"Zhong2025",2022
112,0.0388083956999815,"Zhong2025",2022
113,0.0544979283844777,"Zhong2025",2022
114,7.27875851383876,"Zhong2025",2022
115,2.31738240644336,"Zhong2025",2022
116,0.936958715170337,"Zhong2025",2022
117,1.33956489547996,"Zhong2025",2022
118,4.48496625841312,"Zhong2025",2022
119,0.253370078420266,"Zhong2025",2022
120,3.65611354928268,"Zhong2025",2022
121,1.26431362898135,"Zhong2025",2022
122,0.140140525904213,"Zhong2025",2022
123,8.68716194851817,"Zhong2025",2022
124,0.901711244109528,"Zhong2025",2022
125,6.47212548683127,"Zhong2025",2022
126,13.8072502083249,"Zhong2025",2022
127,1.93350916143943,"Zhong2025",2022
128,9.92524124444478,"Zhong2025",2022
129,6.59006963020716,"Zhong2025",2022
130,9.59626615174273,"Zhong2025",2022
131,17.5762220641314,"Zhong2025",2022
132,2.45273854583502,"Zhong2025",2022
133,5.43215848962145,"Zhong2025",2022
134,5.12450366417567,"Zhong2025",2022
135,1.62823749586415,"Zhong2025",2022
136,7.82863433812819,"Zhong2025",2022
137,12.0900944519043,"Zhong2025",2022
138,5.71486869591933,"Zhong2025",2022
139,4.54162565917998,"Zhong2025",2022
140,1.24801883548994,"Zhong2025",2022
141,6.03099282232742,"Zhong2025",2022
142,8.76835267535792,"Zhong2025",2022
143,0.761629754185677,"Zhong2025",2022
144,0.359774477284299,"Zhong2025",2022
145,8.31144583917326,"Zhong2025",2022
146,3.12820217138404,"Zhong2025",2022
147,6.7209491127423,"Zhong2025",2022
148,0.0975094890082572,"Zhong2025",2022
149,3.03693967962645,"Zhong2025",2022
150,6.025802934067,"Zhong2025",2022
151,1.84318003435278,"Zhong2025",2022
152,1.06027897483341,"Zhong2025",2022
153,5.84947006446783,"Zhong2025",2022
154,5.23430712463334,"Zhong2025",2022
155,3.51207856392134,"Zhong2025",2022
156,0,"Zhong2025",2022
157,11.4234143008788,"Zhong2025",2022
158,6.24684817094137,"Zhong2025",2022
159,7.99654141273992,"Zhong2025",2022
160,2.784811141334,"Zhong2025",2022
161,1.43303201498004,"Zhong2025",2022
162,0.0645187022824256,"Zhong2025",2022
163,0.237539344516598,"Zhong2025",2022
164,0.500476857467508,"Zhong2025",2022
165,0.126713375252965,"Zhong2025",2022
166,0.00962361951096359,"Zhong2025",2022
167,0.0890620064763208,"Zhong2025",2022
168,0.00778134205194162,"Zhong2025",2022
169,0.0170501261028938,"Zhong2025",2022
170,0,"Zhong2025",2022
171,0,"Zhong2025",2022
172,0,"Zhong2025",2022
173,0.399662771100298,"Zhong2025",2022
174,0.0466433927160474,"Zhong2025",2022
175,0,"Zhong2025",2022
176,0.0184004430942815,"Zhong2025",2022
177,0.0799647617770307,"Zhong2025",2022
178,0,"Zhong2025",2022
179,0,"Zhong2025",2022
180,0.0196460906833944,"Zhong2025",2022
181,0.000952016672410011,"Zhong2025",2022
182,0,"Zhong2025",2022
183,0,"Zhong2025",2022
184,0,"Zhong2025",2022
185,0,"Zhong2025",2022
186,0.00725466805468263,"Zhong2025",2022
187,0.229191497495406,"Zhong2025",2022
188,0.0335587402902744,"Zhong2025",2022
189,0.00795043530629265,"Zhong2025",2022
190,7.05009090157937,"Zhong2025",2022
191,6.5440248939376,"Zhong2025",2022
192,0,"Zhong2025",2022
193,0,"Zhong2025",2022
194,0.634685252634772,"Zhong2025",2022
195,3.06614855889938,"Zhong2025",2022
196,0.450054600718582,"Zhong2025",2022
197,0.624215056034439,"Zhong2025",2022
198,1.50210899582962,"Zhong2025",2022
199,0.0722045814280683,"Zhong2025",2022
200,1.15009841574268,"Zhong2025",2022
201,0.26099435007059,"Zhong2025",2022
202,0.593679043585499,"Zhong2025",2022
203,0.133980431351794,"Zhong2025",2022
204,3.69784246943278,"Zhong2025",2022
205,0.478271534352142,"Zhong2025",2022
206,4.92193451106501,"Zhong2025",2022
207,0.196343323149952,"Zhong2025",2022
208,0.166867007713091,"Zhong2025",2022
209,0.223104331543371,"Zhong2025",2022
210,0.00120645550236861,"Zhong2025",2022
211,0,"Zhong2025",2022
212,0,"Zhong2025",2022
213,0,"Zhong2025",2022
214,0,"Zhong2025",2022
215,0,"Zhong2025",2022
216,0,"Zhong2025",2022
217,0.00570277957355275,"Zhong2025",2022
218,0,"Zhong2025",2022
219,0,"Zhong2025",2022
220,0.0515909279551717,"Zhong2025",2022
221,0.0122045259175221,"Zhong2025",2022
222,0,"Zhong2025",2022
223,0,"Zhong2025",2022
224,0,"Zhong2025",2022
225,0.000821656991330709,"Zhong2025",2022
226,0.114750524217954,"Zhong2025",2022
227,0.0146597964504025,"Zhong2025",2022
228,0.019576548135711,"Zhong2025",2022
229,0.00836667406668159,"Zhong2025",2022
230,21.5229624467842,"Zhong2025",2022
231,2.59447852986863,"Zhong2025",2022
232,4.58725027264371,"Zhong2025",2022
233,0.266125826356482,"Zhong2025",2022
234,4.39249800882841,"Zhong2025",2022
235,10.8496424323983,"Zhong2025",2022
236,3.62709020749361,"Zhong2025",2022
237,4.15594120940534,"Zhong2025",2022
238,4.59366474781699,"Zhong2025",2022
239,3.42224749924597,"Zhong2025",2022
240,16.9674626818874,"Zhong2025",2022
241,8.54966791605545,"Zhong2025",2022
242,2.67714022761211,"Zhong2025",2022
243,8.94514873374387,"Zhong2025",2022
244,1.60644729323685,"Zhong2025",2022
245,9.5020152335493,"Zhong2025",2022
246,6.55934086520604,"Zhong2025",2022
247,0.756329852346731,"Zhong2025",2022
248,11.5709169748006,"Zhong2025",2022
249,6.53886533134124,"Zhong2025",2022
250,0.365037944022589,"Zhong2025",2022
251,2.03981749287153,"Zhong2025",2022
252,8.20930605867635,"Zhong2025",2022
253,1.1266400236255,"Zhong2025",2022
254,16.8150630967092,"Zhong2025",2022
255,3.21148381749257,"Zhong2025",2022
256,5.001630920331,"Zhong2025",2022
257,34.860947872565,"Zhong2025",2022
258,8.96710619261098,"Zhong2025",2022
259,18.6879773139954,"Zhong2025",2022
260,30.3838462630908,"Zhong2025",2022
261,5.27481723532722,"Zhong2025",2022
262,13.0071430501685,"Zhong2025",2022
263,1.57889300059839,"Zhong2025",2022
264,19.1439639511316,"Zhong2025",2022
265,12.7120323271691,"Zhong2025",2022
266,2.04778157446462,"Zhong2025",2022
267,17.4135409735299,"Zhong2025",2022
268,5.24330717931219,"Zhong2025",2022
269,24.413836809305,"Zhong2025",2022
270,4.58381637745807,"Zhong2025",2022
271,10.2792856470933,"Zhong2025",2022
272,7.76877781966741,"Zhong2025",2022
273,50.3931242624919,"Zhong2025",2022
274,8.01349189014078,"Zhong2025",2022
275,4.6929354936499,"Zhong2025",2022
276,19.6177431555355,"Zhong2025",2022
277,12.4350923590171,"Zhong2025",2022
278,0.677018628202844,"Zhong2025",2022
279,0.341887418388383,"Zhong2025",2022
280,8.66479803505675,"Zhong2025",2022
281,8.11169847020866,"Zhong2025",2022
282,5.03757736006161,"Zhong2025",2022
283,49.7086520182996,"Zhong2025",2022
284,6.00114265859047,"Zhong2025",2022
285,2.4783369585432,"Zhong2025",2022
286,2.37046787208195,"Zhong2025",2022
287,0.423959557414952,"Zhong2025",2022
288,1.04784358197298,"Zhong2025",2022
289,2.54040586015132,"Zhong2025",2022
290,40.9063229348249,"Zhong2025",2022
291,1.33999257305517,"Zhong2025",2022
292,24.4856412630477,"Zhong2025",2022
293,6.96001060803731,"Zhong2025",2022
294,0.261973851476796,"Zhong2025",2022
295,0.951248455661698,"Zhong2025",2022
296,0.87391121016073,"Zhong2025",2022
297,4.22148732440141,"Zhong2025",2022
298,0.465859698194185,"Zhong2025",2022
299,2.1292835396691,"Zhong2025",2022
300,15.8156220604392,"Zhong2025",2022
301,3.213804397363,"Zhong2025",2022
302,0.823671968586385,"Zhong2025",2022
303,22.3415458626217,"Zhong2025",2022
304,1.45877626613019,"Zhong2025",2022
305,0.312684898779463,"Zhong2025",2022
306,2.47926704366089,"Zhong2025",2022
307,1.90192191986974,"Zhong2025",2022
308,2.59093929304826,"Zhong2025",2022
309,1.14029041893443,"Zhong2025",2022
310,3.16268254814502,"Zhong2025",2022
311,0.817276217360806,"Zhong2025",2022
312,8.62387336413066,"Zhong2025",2022
313,1.02763010638546,"Zhong2025",2022
314,5.60080538034689,"Zhong2025",2022
315,0.446385161656756,"Zhong2025",2022
316,0.793546004174771,"Zhong2025",2022
317,2.1286858766877,"Zhong2025",2022
318,3.04649869326808,"Zhong2025",2022
319,9.85047102934562,"Zhong2025",2022
320,4.64602271544933,"Zhong2025",2022
321,0.890012483821965,"Zhong2025",2022
322,5.1725853286543,"Zhong2025",2022
323,9.4792421000118,"Zhong2025",2022
324,1.77700664565258,"Zhong2025",2022
325,1.1228245709104,"Zhong2025",2022
326,22.7557397317351,"Zhong2025",2022
327,4.60353761948549,"Zhong2025",2022
328,3.78589052002947,"Zhong2025",2022
329,11.2369993355812,"Zhong2025",2022
330,6.55442670141488,"Zhong2025",2022
331,8.78732026197292,"Zhong2025",2022
332,51.0526288747787,"Zhong2025",2022
333,3.9051869036713,"Zhong2025",2022
334,0.874963504792432,"Zhong2025",2022
335,7.65532518055544,"Zhong2025",2022
336,11.8914002723958,"Zhong2025",2022
337,52.1185679222221,"Zhong2025",2022
338,4.41896540676262,"Zhong2025",2022
339,2.72062874766358,"Zhong2025",2022
340,5.28085953243863,"Zhong2025",2022
341,10.8780702926839,"Zhong2025",2022
342,2.76998139190816,"Zhong2025",2022
343,1.96310265416989,"Zhong2025",2022
344,3.27016039064546,"Zhong2025",2022
345,10.7334106197086,"Zhong2025",2022
346,6.93083703402131,"Zhong2025",2022
347,4.67393114584301,"Zhong2025",2022
348,0.593961302936077,"Zhong2025",2022
349,2.27799266767408,"Zhong2025",2022
350,0.809506722734551,"Zhong2025",2022
351,21.9160181726728,"Zhong2025",2022
352,0.424844388631685,"Zhong2025",2022
353,12.5623767649541,"Zhong2025",2022
354,1.64782025027495,"Zhong2025",2022
355,3.94008084968238,"Zhong2025",2022
356,1.19084159414123,"Zhong2025",2022
357,12.7808616939449,"Zhong2025",2022
358,0.827723542882337,"Zhong2025",2022
359,3.41388192236922,"Zhong2025",2022
360,2.68477304577827,"Zhong2025",2022
361,17.5598537117602,"Zhong2025",2022
362,1.06202402650058,"Zhong2025",2022
363,1.66137720203615,"Zhong2025",2022
364,1.31834804979773,"Zhong2025",2022
365,2.63483129341125,"Zhong2025",2022
366,0.872936908169032,"Zhong2025",2022
367,51.9365947796748,"Zhong2025",2022
368,21.2741097476232,"Zhong2025",2022
369,1.04607722941321,"Zhong2025",2022
370,6.57159106535716,"Zhong2025",2022
371,3.05297416268035,"Zhong2025",2022
372,1.16656704502659,"Zhong2025",2022
373,6.44996618204995,"Zhong2025",2022
374,0.197454872522868,"Zhong2025",2022
375,16.9270350154369,"Zhong2025",2022
376,8.16028345672207,"Zhong2025",2022
377,0.604442388462681,"Zhong2025",2022
378,0.929353846888638,"Zhong2025",2022
379,0.420311833692793,"Zhong2025",2022
380,0.204119596281089,"Zhong2025",2022
381,10.6717620700598,"Zhong2025",2022
382,33.1192965507507,"Zhong2025",2022
383,1.2800138063335,"Zhong2025",2022
384,1.66526256833509,"Zhong2025",2022
385,12.7886942217804,"Zhong2025",2022
386,11.5365345853201,"Zhong2025",2022
387,31.0055788316897,"Zhong2025",2022
388,6.09491021833687,"Zhong2025",2022
389,3.36424822209048,"Zhong2025",2022
390,62.8499296188354,"Zhong2025",2022
391,4.85737446080598,"Zhong2025",2022
392,11.9213555627618,"Zhong2025",2022
393,11.1066633191555,"Zhong2025",2022
394,38.9570184426805,"Zhong2025",2022
395,3.4286492780324,"Zhong2025",2022
396,3.83902314728053,"Zhong2025",2022
397,2.58686157286292,"Zhong2025",2022
398,42.8931873494929,"Zhong2025",2022
399,0.180286466481461,"Zhong2025",2022
400,0.344895514004637,"Zhong2025",2022
401,0.515843654692814,"Zhong2025",2022
402,0.318024194836561,"Zhong2025",2022
403,0,"Zhong2025",2022
404,0.0044249671463079,"Zhong2025",2022
405,9.92033610050639,"Zhong2025",2022
406,0.04181209213426,"Zhong2025",2022
407,1.09986270873814,"Zhong2025",2022
408,0.187419245484121,"Zhong2025",2022
409,0,"Zhong2025",2022
410,0.489320351192264,"Zhong2025",2022
411,0,"Zhong2025",2022
412,0.16708703439762,"Zhong2025",2022
413,0.00461677652819394,"Zhong2025",2022
414,0.0093092178065363,"Zhong2025",2022
415,0.160168370547095,"Zhong2025",2022
416,0.000645340354021407,"Zhong2025",2022
417,0.459086229364303,"Zhong2025",2022
418,0.66995262850815,"Zhong2025",2022
419,0.413107753294686,"Zhong2025",2022
420,0,"Zhong2025",2022
421,0.218806962203922,"Zhong2025",2022
422,0.0212270914793501,"Zhong2025",2022
423,0.023616139453204,"Zhong2025",2022
424,0,"Zhong2025",2022
425,0,"Zhong2025",2022
426,0.115056657354639,"Zhong2025",2022
427,0.0108151844354591,"Zhong2025",2022
428,0.0133179021354576,"Zhong2025",2022
429,0.427029715679098,"Zhong2025",2022
430,0.382412274267394,"Zhong2025",2022
431,0.0667658306281237,"Zhong2025",2022
432,0.013136255054752,"Zhong2025",2022
433,0.347792591677596,"Zhong2025",2022
434,0.0510349949764778,"Zhong2025",2022
435,2.57000668469431,"Zhong2025",2022
436,0.692400813337351,"Zhong2025",2022
437,5.9720594743927,"Zhong2025",2022
438,0.735462634496816,"Zhong2025",2022
439,1.74724994280907,"Zhong2025",2022
440,1.52365677338302,"Zhong2025",2022
441,19.926534419298,"Zhong2025",2022
442,3.94438029832185,"Zhong2025",2022
443,8.76260471610959,"Zhong2025",2022
444,8.28383939173677,"Zhong2025",2022
445,9.47426257698159,"Zhong2025",2022
446,3.93546581921146,"Zhong2025",2022
447,5.64879475316332,"Zhong2025",2022
448,3.5365523163666,"Zhong2025",2022
449,8.98683503541079,"Zhong2025",2022
450,2.99108900912621,"Zhong2025",2022
451,3.73335984365506,"Zhong2025",2022
452,2.66449959518351,"Zhong2025",2022
453,0.827681344310078,"Zhong2025",2022
454,10.9807706484719,"Zhong2025",2022
455,8.51047633778045,"Zhong2025",2022
456,12.5718806472692,"Zhong2025",2022
457,11.0702592736862,"Zhong2025",2022
458,4.10496299824722,"Zhong2025",2022
459,6.39239120005215,"Zhong2025",2022
460,1.30458779522366,"Zhong2025",2022
461,6.13615497953865,"Zhong2025",2022
462,11.4699211079499,"Zhong2025",2022
463,1.99242981184159,"Zhong2025",2022
464,2.70044824291903,"Zhong2025",2022
465,2.00071306919118,"Zhong2025",2022
466,0.459169265099826,"Zhong2025",2022
467,59.9460946292412,"Zhong2025",2022
468,25.3577091639279,"Zhong2025",2022
469,16.4066719100589,"Zhong2025",2022
470,11.6634888549646,"Zhong2025",2022
471,40.8099516459874,"Zhong2025",2022
472,11.6129451362477,"Zhong2025",2022
473,9.51807870979731,"Zhong2025",2022
474,38.7993311148423,"Zhong2025",2022
475,11.539003870698,"Zhong2025",2022
476,18.3823476762188,"Zhong2025",2022
477,5.49197179303546,"Zhong2025",2022
478,20.0474594311836,"Zhong2025",2022
479,11.3967947632209,"Zhong2025",2022
480,44.1377549997965,"Zhong2025",2022
481,9.80380414565294,"Zhong2025",2022
482,42.3057785845817,"Zhong2025",2022
483,14.9604564919258,"Zhong2025",2022
484,11.738156970342,"Zhong2025",2022
485,26.1834690009846,"Zhong2025",2022
486,58.3830444335938,"Zhong2025",2022
487,14.6445004244645,"Zhong2025",2022
488,15.1985224014673,"Zhong2025",2022
489,11.6493310401073,"Zhong2025",2022
490,29.8592778924084,"Zhong2025",2022
491,0.294016623299984,"Zhong2025",2022
492,0.520527904078087,"Zhong2025",2022
493,0.905099211774245,"Zhong2025",2022
494,11.2055132541289,"Zhong2025",2022
495,7.88646395058429,"Zhong2025",2022
496,0.44760489883918,"Zhong2025",2022
497,5.3126589975825,"Zhong2025",2022
498,1.69654004349021,"Zhong2025",2022
499,13.0591245006977,"Zhong2025",2022
500,1.08580134671459,"Zhong2025",2022
501,15.4038953283331,"Zhong2025",2022
502,3.76808366166284,"Zhong2025",2022
503,1.26230696695322,"Zhong2025",2022
504,1.91855324183991,"Zhong2025",2022
505,7.78288170909008,"Zhong2025",2022
506,2.53629810455582,"Zhong2025",2022
507,4.76413259715742,"Zhong2025",2022
508,0.0371443450702606,"Zhong2025",2022
509,2.47835860745473,"Zhong2025",2022
510,0.531014991998153,"Zhong2025",2022
511,0.382144346655834,"Zhong2025",2022
512,0.180090199633307,"Zhong2025",2022
513,1.16096419612805,"Zhong2025",2022
514,0.634982419574099,"Zhong2025",2022
515,10.9687279074691,"Zhong2025",2022
516,11.3174407796426,"Zhong2025",2022
517,3.56327514406472,"Zhong2025",2022
518,0.14647512578489,"Zhong2025",2022
519,3.35879668163598,"Zhong2025",2022
520,1.11890768627163,"Zhong2025",2022
521,0.439790563458779,"Zhong2025",2022
522,10.5016297192534,"Zhong2025",2022
523,18.4280497576196,"Zhong2025",2022
524,0.621201684911311,"Zhong2025",2022
525,0.283080616351412,"Zhong2025",2022
526,5.3018192247589,"Zhong2025",2022
527,4.82564321743804,"Zhong2025",2022
528,0.234248856731035,"Zhong2025",2022
529,30.6728754870968,"Zhong2025",2022
530,17.0149607913087,"Zhong2025",2022
531,10.6759790350255,"Zhong2025",2022
532,1.91827269161802,"Zhong2025",2022
533,2.22514133990335,"Zhong2025",2022
534,4.63595877670629,"Zhong2025",2022
535,1.00363219170292,"Zhong2025",2022
536,4.52704644970098,"Zhong2025",2022
537,3.14499839023404,"Zhong2025",2022
538,2.66964013821679,"Zhong2025",2022
539,6.84058757125942,"Zhong2025",2022
540,4.46558653383706,"Zhong2025",2022
541,5.46398648506478,"Zhong2025",2022
542,2.84468833498385,"Zhong2025",2022
543,12.5884505210403,"Zhong2025",2022
544,5.32867315898917,"Zhong2025",2022
545,2.69750026737542,"Zhong2025",2022
546,3.11503211517438,"Zhong2025",2022
547,3.54390762918893,"Zhong2025",2022
548,3.29823193107928,"Zhong2025",2022
549,3.19221903485574,"Zhong2025",2022
550,2.82059140243174,"Zhong2025",2022
551,4.45191750460365,"Zhong2025",2022
552,2.61507543686665,"Zhong2025",2022
553,5.50769030879415,"Zhong2025",2022
554,3.39717254950583,"Zhong2025",2022
555,1.23455409755719,"Zhong2025",2022
556,8.05326267330247,"Zhong2025",2022
557,7.02684094752617,"Zhong2025",2022
558,11.2203392923962,"Zhong2025",2022
559,6.23770552802654,"Zhong2025",2022
560,3.25158531538909,"Zhong2025",2022
561,7.84929560168174,"Zhong2025",2022
562,18.7792081639781,"Zhong2025",2022
563,8.72246061144648,"Zhong2025",2022
564,4.00164305429934,"Zhong2025",2022
565,8.04318150902743,"Zhong2025",2022
566,1.99542803265304,"Zhong2025",2022
567,9.63172117465354,"Zhong2025",2022
568,1.16567631447842,"Zhong2025",2022
569,3.96299595345643,"Zhong2025",2022
570,0.442942458543,"Zhong2025",2022
571,4.15361919791727,"Zhong2025",2022
572,1.95660921501839,"Zhong2025",2022
573,2.49274545035734,"Zhong2025",2022
574,2.18604762178475,"Zhong2025",2022
575,1.82526294555543,"Zhong2025",2022
576,6.73525858380061,"Zhong2025",2022
577,0.942344772603775,"Zhong2025",2022
578,3.31425953915484,"Zhong2025",2022
579,2.34446264532459,"Zhong2025",2022
580,4.86483338559954,"Zhong2025",2022
581,2.89183388673195,"Zhong2025",2022
582,1.16881911139914,"Zhong2025",2022
583,0.449718549745,"Zhong2025",2022
584,1.80273694825406,"Zhong2025",2022
585,2.0816419648127,"Zhong2025",2022
586,1.50160004531079,"Zhong2025",2022
587,2.15144115502199,"Zhong2025",2022
588,0.406541664334507,"Zhong2025",2022
589,6.10209790094452,"Zhong2025",2022
590,2.2177286404185,"Zhong2025",2022
591,5.60589259447833,"Zhong2025",2022
592,1.14020973980756,"Zhong2025",2022
593,0.84580546127489,"Zhong2025",2022
594,11.2499622207754,"Zhong2025",2022
595,1.93297388581175,"Zhong2025",2022
596,0.304794940915444,"Zhong2025",2022
597,10.3046513352574,"Zhong2025",2022
598,1.67675820292975,"Zhong2025",2022
599,4.27308824996412,"Zhong2025",2022
600,1.72234886939967,"Zhong2025",2022
601,5.9108848502551,"Zhong2025",2022
602,3.23018912408954,"Zhong2025",2022
603,26.2408411749478,"Zhong2025",2022
604,3.82936871480318,"Zhong2025",2022
605,2.58072055443339,"Zhong2025",2022
606,8.03915623302082,"Zhong2025",2022
607,12.6703134221938,"Zhong2025",2022
608,22.777209798495,"Zhong2025",2022
609,4.48955770393555,"Zhong2025",2022
610,2.70483405313691,"Zhong2025",2022
611,4.17011507105276,"Zhong2025",2022
612,0.591562984598568,"Zhong2025",2022
613,5.79971213759743,"Zhong2025",2022
614,12.7007495362625,"Zhong2025",2022
615,0.890012413040996,"Zhong2025",2022
616,5.4489080995535,"Zhong2025",2022
617,7.80552912471087,"Zhong2025",2022
618,15.7175865637792,"Zhong2025",2022
619,0.892647362654885,"Zhong2025",2022
620,11.3364260795646,"Zhong2025",2022
621,3.95246985178696,"Zhong2025",2022
622,2.92343212741773,"Zhong2025",2022
623,7.43155543541779,"Zhong2025",2022
624,5.39519806554404,"Zhong2025",2022
625,0.470369861964136,"Zhong2025",2022
626,8.10813029054517,"Zhong2025",2022
627,10.7066288857964,"Zhong2025",2022
628,17.2452330168316,"Zhong2025",2022
629,44.820346655669,"Zhong2025",2022
630,15.1187032616657,"Zhong2025",2022
631,0.846139813316241,"Zhong2025",2022
632,0.0682688739160444,"Zhong2025",2022
633,0.0516264495110675,"Zhong2025",2022
634,2.66851417709827,"Zhong2025",2022
635,0.666993301587748,"Zhong2025",2022
636,3.60036456835287,"Zhong2025",2022
637,0.938302938414605,"Zhong2025",2022
638,36.4659071937203,"Zhong2025",2022
639,4.03710264895832,"Zhong2025",2022
640,1.12726613858195,"Zhong2025",2022
641,3.51950368195874,"Zhong2025",2022
642,2.57045603920922,"Zhong2025",2022
643,0.877641558883682,"Zhong2025",2022
644,1.15253431692365,"Zhong2025",2022
645,1.52230627250843,"Zhong2025",2022
646,13.9706116797877,"Zhong2025",2022
647,0.636155801724929,"Zhong2025",2022
648,1.04521815716719,"Zhong2025",2022
649,20.4495448240867,"Zhong2025",2022
650,4.52920814497787,"Zhong2025",2022
651,0.234150107619883,"Zhong2025",2022
652,4.45851414664176,"Zhong2025",2022
653,1.18542242870307,"Zhong2025",2022
654,15.7198522584834,"Zhong2025",2022
655,0.370935140940901,"Zhong2025",2022
656,1.42980106948167,"Zhong2025",2022
657,10.8207573789471,"Zhong2025",2022
658,8.97622862349575,"Zhong2025",2022
659,8.40270175247804,"Zhong2025",2022
660,0,"Zhong2025",2022
661,24.8147174307416,"Zhong2025",2022
662,0.105978788908261,"Zhong2025",2022
663,1.40638705273159,"Zhong2025",2022
664,0.0865415249552045,"Zhong2025",2022
665,1.24202426544087,"Zhong2025",2022
666,2.36529982463193,"Zhong2025",2022
667,0.106469759485719,"Zhong2025",2022
668,4.72265237665023,"Zhong2025",2022
669,0.647081431209542,"Zhong2025",2022
670,0.390544269688891,"Zhong2025",2022
671,3.78328815363585,"Zhong2025",2022
672,20.5922203281495,"Zhong2025",2022
673,7.80892608993717,"Zhong2025",2022
674,2.21538291501536,"Zhong2025",2022
675,13.7677187493869,"Zhong2025",2022
676,6.11392173756446,"Zhong2025",2022
677,0.0603596461831399,"Zhong2025",2022
678,1.44988969175352,"Zhong2025",2022
679,11.513472468354,"Zhong2025",2022
680,9.30237695782684,"Zhong2025",2022
681,6.80810431923185,"Zhong2025",2022
682,0.798718558820455,"Zhong2025",2022
683,15.299854444165,"Zhong2025",2022
684,1.22860813583155,"Zhong2025",2022
685,2.17867705164707,"Zhong2025",2022
686,11.0550767021221,"Zhong2025",2022
687,8.84322233720804,"Zhong2025",2022
688,3.43927787260517,"Zhong2025",2022
689,2.57248630086807,"Zhong2025",2022
690,4.26298948755405,"Zhong2025",2022
691,3.15111719571675,"Zhong2025",2022
692,17.8977587885327,"Zhong2025",2022
693,2.91100949385705,"Zhong2025",2022
694,11.7846338680812,"Zhong2025",2022
695,9.3893781689927,"Zhong2025",2022
696,0.811694768783839,"Zhong2025",2022
697,11.6721195947533,"Zhong2025",2022
698,0.839062131318966,"Zhong2025",2022
699,0.269364771366652,"Zhong2025",2022
700,3.26323087702471,"Zhong2025",2022
701,0.962452129037987,"Zhong2025",2022
702,6.78967120509217,"Zhong2025",2022
703,8.11176764052607,"Zhong2025",2022
704,18.7702184298943,"Zhong2025",2022
705,1.69966556083026,"Zhong2025",2022
706,38.1461941453277,"Zhong2025",2022
707,7.26725945674947,"Zhong2025",2022
708,14.8169218282851,"Zhong2025",2022
709,0.295328672800213,"Zhong2025",2022
710,5.96799341135357,"Zhong2025",2022
711,0.509267992485962,"Zhong2025",2022
712,12.5276244838586,"Zhong2025",2022
713,0.0977476683551107,"Zhong2025",2022
714,6.71267107928672,"Zhong2025",2022
715,0.423493385618406,"Zhong2025",2022
716,0.223901720048599,"Zhong2025",2022
717,2.91039779180906,"Zhong2025",2022
718,6.49373565721467,"Zhong2025",2022
719,4.6991110409392,"Zhong2025",2022
720,0.00483658374615119,"Zhong2025",2022
721,3.08783930233465,"Zhong2025",2022
722,11.8374480514815,"Zhong2025",2022
723,17.5980476478621,"Zhong2025",2022
724,0.18337486706998,"Zhong2025",2022
725,6.54016732495784,"Zhong2025",2022
726,0.370199604885573,"Zhong2025",2022
727,1.4028393220443,"Zhong2025",2022
728,3.78263397500944,"Zhong2025",2022
729,0.716136536520264,"Zhong2025",2022
730,5.57249925673847,"Zhong2025",2022
731,0.997476394367745,"Zhong2025",2022
732,13.0210925036716,"Zhong2025",2022
733,7.25269981133349,"Zhong2025",2022
734,1.38809402190548,"Zhong2025",2022
735,1.35617920478637,"Zhong2025",2022
736,5.30329119136173,"Zhong2025",2022
737,4.64104606796946,"Zhong2025",2022
738,10.3776062393188,"Zhong2025",2022
739,5.20160779368675,"Zhong2025",2022
740,26.3680224577586,"Zhong2025",2022
741,0.943271839725809,"Zhong2025",2022
742,5.9896342121234,"Zhong2025",2022
743,12.1403986983829,"Zhong2025",2022
744,1.84144606347288,"Zhong2025",2022
745,5.38175915784024,"Zhong2025",2022
746,3.96394707544958,"Zhong2025",2022
747,22.5166188454141,"Zhong2025",2022
748,4.17027424843538,"Zhong2025",2022
749,3.25179347523954,"Zhong2025",2022
750,4.02170924997229,"Zhong2025",2022
751,1.59634846732607,"Zhong2025",2022
752,20.7016218030775,"Zhong2025",2022
753,1.8327334884984,"Zhong2025",2022
754,0.39003155110725,"Zhong2025",2022
755,6.87639420055026,"Zhong2025",2022
756,9.74000208103639,"Zhong2025",2022
757,0.517770625679987,"Zhong2025",2022
758,0.222055288589682,"Zhong2025",2022
759,0.386603690176121,"Zhong2025",2022
760,0.258143790724734,"Zhong2025",2022
761,13.5791849716037,"Zhong2025",2022
762,18.2435237511184,"Zhong2025",2022
763,13.2728716153947,"Zhong2025",2022
764,11.7030060344229,"Zhong2025",2022
765,1.48963050963357,"Zhong2025",2022
766,8.96997886919416,"Zhong2025",2022
767,15.8204594566709,"Zhong2025",2022
768,0.245376074640396,"Zhong2025",2022
769,16.6168122291565,"Zhong2025",2022
770,57.6431162053888,"Zhong2025",2022
771,0.956492009731054,"Zhong2025",2022
772,14.1420175458631,"Zhong2025",2022
773,2.24386651037423,"Zhong2025",2022
774,1.04631618601759,"Zhong2025",2022
775,15.8836383399291,"Zhong2025",2022
776,10.2320844027226,"Zhong2025",2022
777,8.8116506993061,"Zhong2025",2022
778,18.7133977249475,"Zhong2025",2022
779,59.1881720332776,"Zhong2025",2022
780,12.241719130812,"Zhong2025",2022
781,20.1956761833129,"Zhong2025",2022
782,0.812844753837479,"Zhong2025",2022
783,32.0057604085831,"Zhong2025",2022
784,1.8695404222792,"Zhong2025",2022
785,5.04924800041906,"Zhong2025",2022
786,59.3679733276367,"Zhong2025",2022
787,8.68469637919621,"Zhong2025",2022
788,0.23100647703733,"Zhong2025",2022
789,40.3124491891196,"Zhong2025",2022
790,0.935745125670573,"Zhong2025",2022
791,0.720356728167048,"Zhong2025",2022
792,15.5225394671081,"Zhong2025",2022
793,12.1955064455668,"Zhong2025",2022
794,4.74855344657649,"Zhong2025",2022
795,9.3443375648906,"Zhong2025",2022
796,3.23604564881606,"Zhong2025",2022
797,7.45683194414379,"Zhong2025",2022
798,9.31993761525225,"Zhong2025",2022
799,6.28135992537638,"Zhong2025",2022
800,0.232329543497823,"Zhong2025",2022
801,1.31290995970051,"Zhong2025",2022
802,1.04153552264054,"Zhong2025",2022
803,23.6153254153072,"Zhong2025",2022
804,21.2750990897417,"Zhong2025",2022
805,2.61984907230133,"Zhong2025",2022
806,0.644332997528288,"Zhong2025",2022
807,11.4897062101482,"Zhong2025",2022
808,12.1603768631816,"Zhong2025",2022
809,3.12894069021489,"Zhong2025",2022
810,46.2485355439225,"Zhong2025",2022
811,2.29063451968666,"Zhong2025",2022
812,0.475262742577143,"Zhong2025",2022
813,9.01883076285494,"Zhong2025",2022
814,22.3719114386118,"Zhong2025",2022
815,13.8358310600122,"Zhong2025",2022
816,2.26442944084605,"Zhong2025",2022
817,6.14083968162537,"Zhong2025",2022
818,0.551610274654296,"Zhong2025",2022
819,3.54057979454693,"Zhong2025",2022
820,0,"Zhong2025",2022
821,8.49093601429785,"Zhong2025",2022
822,0.376932024920737,"Zhong2025",2022
823,4.81127350537152,"Zhong2025",2022
824,4.04390042158388,"Zhong2025",2022
825,0.532999038554765,"Zhong2025",2022
826,5.0567686755565,"Zhong2025",2022
827,5.23927941859687,"Zhong2025",2022
828,5.71844846589061,"Zhong2025",2022
829,11.0228047370911,"Zhong2025",2022
830,25.8663932835614,"Zhong2025",2022
831,20.3353041385082,"Zhong2025",2022
832,2.11429970462162,"Zhong2025",2022
833,0.226266380405573,"Zhong2025",2022
834,11.2079715123252,"Zhong2025",2022
835,12.0906122006661,"Zhong2025",2022
836,14.0038059109809,"Zhong2025",2022
837,17.5279266301323,"Zhong2025",2022
838,9.81103425005487,"Zhong2025",2022
839,38.9859880350404,"Zhong2025",2022
840,12.5532640641386,"Zhong2025",2022
841,13.2647414285204,"Zhong2025",2022
842,4.24355931125962,"Zhong2025",2022
843,5.38949256971342,"Zhong2025",2022
844,13.0258086992033,"Zhong2025",2022
845,27.9225234261042,"Zhong2025",2022
846,6.75558497762812,"Zhong2025",2022
847,19.0454036394755,"Zhong2025",2022
848,42.3066328548994,"Zhong2025",2022
849,14.0385275814268,"Zhong2025",2022
850,3.34928605602733,"Zhong2025",2022
851,9.35796647345125,"Zhong2025",2022
852,49.0882721201579,"Zhong2025",2022
853,0.179400849290878,"Zhong2025",2022
854,0.505934348601821,"Zhong2025",2022
855,11.7878283852929,"Zhong2025",2022
856,19.3262889385223,"Zhong2025",2022
857,2.88909438764887,"Zhong2025",2022
858,3.11333640595687,"Zhong2025",2022
859,1.35797685517096,"Zhong2025",2022
860,5.2062155824818,"Zhong2025",2022
861,0.264813079073065,"Zhong2025",2022
862,8.31398180043633,"Zhong2025",2022
863,14.5483809452073,"Zhong2025",2022
864,8.93039598908535,"Zhong2025",2022
865,0.141792367857881,"Zhong2025",2022
866,15.5290734080945,"Zhong2025",2022
867,23.7349903583527,"Zhong2025",2022
868,13.4916780518961,"Zhong2025",2022
869,13.3330427850111,"Zhong2025",2022
870,0.777446038051393,"Zhong2025",2022
871,0.21696838946758,"Zhong2025",2022
872,4.96077635019338,"Zhong2025",2022
873,0.142757859499308,"Zhong2025",2022
874,0.659950658852855,"Zhong2025",2022
875,0.270635990442422,"Zhong2025",2022
876,8.61554963861193,"Zhong2025",2022
877,0.291257548465727,"Zhong2025",2022
878,4.07804265936867,"Zhong2025",2022
879,5.64237465619611,"Zhong2025",2022
880,3.20419328867809,"Zhong2025",2022
881,0.11530026379374,"Zhong2025",2022
882,0.936153170144693,"Zhong2025",2022
883,1.59080172545706,"Zhong2025",2022
884,1.26117541223076,"Zhong2025",2022
885,1.08981934987196,"Zhong2025",2022
886,25.4020866813483,"Zhong2025",2022
887,2.11290593797802,"Zhong2025",2022
888,1.28288365319129,"Zhong2025",2022
889,7.21048414934606,"Zhong2025",2022
890,6.64940115646977,"Zhong2025",2022
891,2.95087533600774,"Zhong2025",2022
892,5.06979255251428,"Zhong2025",2022
893,3.43121199841025,"Zhong2025",2022
894,0.680629795234155,"Zhong2025",2022
895,0.665064803953116,"Zhong2025",2022
896,18.1105885836585,"Zhong2025",2022
897,2.20840650262119,"Zhong2025",2022
898,0.538176406587582,"Zhong2025",2022
899,1.17564592788886,"Zhong2025",2022
900,0.118883689314346,"Zhong2025",2022
901,27.3468202260709,"Zhong2025",2022
902,0.234696568806009,"Zhong2025",2022
903,0.877576349866036,"Zhong2025",2022
904,0.332366512232811,"Zhong2025",2022
905,0.62877516642977,"Zhong2025",2022
906,1.49276847919742,"Zhong2025",2022
907,0.646636007663112,"Zhong2025",2022
908,0.43899333789474,"Zhong2025",2022
909,23.4795801212711,"Zhong2025",2022
910,16.9389306189488,"Zhong2025",2022
911,14.2624671935535,"Zhong2025",2022
912,2.70559072229932,"Zhong2025",2022
913,3.11972507406452,"Zhong2025",2022
914,11.8850170391351,"Zhong2025",2022
915,1.1113210653296,"Zhong2025",2022
916,1.94274885950476,"Zhong2025",2022
917,0.247358037415563,"Zhong2025",2022
918,2.04810276759713,"Zhong2025",2022
919,2.14075686812866,"Zhong2025",2022
920,2.05932885910486,"Zhong2025",2022
921,13.7667173326468,"Zhong2025",2022
922,4.57923855514576,"Zhong2025",2022
923,0.162154945143392,"Zhong2025",2022
924,0.0407236125465392,"Zhong2025",2022
925,0.969881693938951,"Zhong2025",2022
926,0.436154807639164,"Zhong2025",2022
927,0.387964084346412,"Zhong2025",2022
928,0.25983561791402,"Zhong2025",2022
929,0.109896557874625,"Zhong2025",2022
930,7.07043043226776,"Zhong2025",2022
931,1.62442388237156,"Zhong2025",2022
932,0.440790446382092,"Zhong2025",2022
933,0.096207274744908,"Zhong2025",2022
934,0.530664484170947,"Zhong2025",2022
935,0.145016573801358,"Zhong2025",2022
936,0.118290950368417,"Zhong2025",2022
937,0.00866243679695278,"Zhong2025",2022
938,1.12587268535441,"Zhong2025",2022
939,11.4674455512157,"Zhong2025",2022
940,7.20354166842619,"Zhong2025",2022
941,1.76867886873665,"Zhong2025",2022
942,3.83440629427844,"Zhong2025",2022
943,0.771415437621375,"Zhong2025",2022
944,1.92577756960938,"Zhong2025",2022
945,0.85936324450679,"Zhong2025",2022
946,2.38735219051567,"Zhong2025",2022
947,1.54753489010961,"Zhong2025",2022
948,1.9883920302671,"Zhong2025",2022
949,8.04610518908492,"Zhong2025",2022
950,8.23618396172135,"Zhong2025",2022
951,1.55638026614937,"Zhong2025",2022
952,2.78771337348101,"Zhong2025",2022
953,9.70693684383741,"Zhong2025",2022
954,9.92858460229455,"Zhong2025",2022
955,0.812495619729315,"Zhong2025",2022
956,0.737035792422239,"Zhong2025",2022
957,0.861892915001362,"Zhong2025",2022
958,1.50877765223656,"Zhong2025",2022
959,1.46641100814571,"Zhong2025",2022
960,6.27544165879251,"Zhong2025",2022
961,2.55971593758981,"Zhong2025",2022
962,0.633021289199553,"Zhong2025",2022
963,6.63474584197133,"Zhong2025",2022
964,1.28358500322363,"Zhong2025",2022
965,10.0902475404172,"Zhong2025",2022
966,7.88372081938952,"Zhong2025",2022
967,7.37785942583199,"Zhong2025",2022
968,0.0369864397650347,"Zhong2025",2022
969,7.08809386183918,"Zhong2025",2022
970,0.405234521708186,"Zhong2025",2022
971,5.36022863606427,"Zhong2025",2022
972,1.23055531397746,"Zhong2025",2022
973,7.16630021360625,"Zhong2025",2022
974,3.03550342348704,"Zhong2025",2022
975,0.838455305741195,"Zhong2025",2022
976,0.328382239830268,"Zhong2025",2022
977,0.0788538299848215,"Zhong2025",2022
978,5.02915023989434,"Zhong2025",2022
979,19.855584426802,"Zhong2025",2022
980,9.49888233702395,"Zhong2025",2022
981,13.5200586488262,"Zhong2025",2022
982,3.32906875195294,"Zhong2025",2022
983,4.72664531254593,"Zhong2025",2022
984,5.06549124916395,"Zhong2025",2022
985,1.50397578915902,"Zhong2025",2022
986,0.276645076773843,"Zhong2025",2022
987,0.345762102292818,"Zhong2025",2022
988,0.475730598744777,"Zhong2025",2022
989,1.10729795468112,"Zhong2025",2022
990,2.33427825384885,"Zhong2025",2022
991,0.0334483277376579,"Zhong2025",2022
992,3.73409383680087,"Zhong2025",2022
993,0.658452810369563,"Zhong2025",2022
994,0.819479791494347,"Zhong2025",2022
995,0.194717835776414,"Zhong2025",2022
996,2.65187309104914,"Zhong2025",2022
997,5.91404992050643,"Zhong2025",2022
998,0.654639325833984,"Zhong2025",2022
999,3.74919984513713,"Zhong2025",2022
1000,17.7825778878596,"Zhong2025",2022
1001,0.0890025128887979,"Zhong2025",2022
1002,4.60785005878611,"Zhong2025",2022
1003,0.491820508765208,"Zhong2025",2022
1004,2.78912586559192,"Zhong2025",2022
1005,0.826106478477668,"Zhong2025",2022
1006,0,"Zhong2025",2022
1007,0.871328643908363,"Zhong2025",2022
1008,14.5719202702244,"Zhong2025",2022
1009,1.59786178057672,"Zhong2025",2022
1010,0.0299851657137383,"Zhong2025",2022
1011,0.753588637181868,"Zhong2025",2022
1012,3.91553931015446,"Zhong2025",2022
1013,2.10548648060683,"Zhong2025",2022
1014,2.07064717900929,"Zhong2025",2022
1015,1.76776786627651,"Zhong2025",2022
1016,8.13956476117556,"Zhong2025",2022
1017,2.22571863070687,"Zhong2025",2022
1018,3.69107699948688,"Zhong2025",2022
1019,0.417765063414616,"Zhong2025",2022
1020,0.419819671994247,"Zhong2025",2022
1021,0.101022854222347,"Zhong2025",2022
1022,8.61403849671199,"Zhong2025",2022
1023,10.3344668408446,"Zhong2025",2022
1024,0.241926186196848,"Zhong2025",2022
1025,13.5923549049887,"Zhong2025",2022
1026,2.20248619406446,"Zhong2025",2022
1027,0.411954980874196,"Zhong2025",2022
1028,0.360632749018136,"Zhong2025",2022
1029,2.72518324090409,"Zhong2025",2022
1030,1.64310607332613,"Zhong2025",2022
1031,0.16808805592061,"Zhong2025",2022
1032,1.84591741487384,"Zhong2025",2022
1033,2.58612565216372,"Zhong2025",2022
1034,4.26640989060526,"Zhong2025",2022
1035,12.2903124784168,"Zhong2025",2022
1036,6.32069862953254,"Zhong2025",2022
1037,0.0985763822139123,"Zhong2025",2022
1038,1.86570727247573,"Zhong2025",2022
1039,0.903227702528238,"Zhong2025",2022
1040,0.0446811580794205,"Zhong2025",2022
1041,4.61442912627983,"Zhong2025",2022
1042,0.119747703970745,"Zhong2025",2022
1043,0.457532823566151,"Zhong2025",2022
1044,0.71730494562321,"Zhong2025",2022
1045,0.0943559516620423,"Zhong2025",2022
1046,1.83222504736832,"Zhong2025",2022
1047,1.32916090600591,"Zhong2025",2022
1048,0.329209828122615,"Zhong2025",2022
1049,0.0991804994985624,"Zhong2025",2022
1050,0.554104030096815,"Zhong2025",2022
1051,0.827741873570797,"Zhong2025",2022
1052,1.23071134281935,"Zhong2025",2022
1053,3.29200017496689,"Zhong2025",2022
1054,7.74861012771726,"Zhong2025",2022
1055,0.204192478952451,"Zhong2025",2022
1056,0.87405747777604,"Zhong2025",2022
1057,16.1806303157459,"Zhong2025",2022
1058,45.1257249974759,"Zhong2025",2022
1059,0.421694103890085,"Zhong2025",2022
1060,0.0994914644487346,"Zhong2025",2022
1061,15.7854562959255,"Zhong2025",2022
1062,41.3802240200159,"Zhong2025",2022
1063,13.4656859527486,"Zhong2025",2022
1064,0.690811721060891,"Zhong2025",2022
1065,4.12038326405072,"Zhong2025",2022
1066,1.32268513728802,"Zhong2025",2022
1067,1.4893630484025,"Zhong2025",2022
1068,2.06034911890997,"Zhong2025",2022
1069,0.44422837605169,"Zhong2025",2022
1070,2.85499758177234,"Zhong2025",2022
1071,10.3537614517318,"Zhong2025",2022
1072,1.13944137666039,"Zhong2025",2022
1073,1.18687112886984,"Zhong2025",2022
1074,5.94732920838123,"Zhong2025",2022
1075,1.72949693454522,"Zhong2025",2022
1076,0.667856373640526,"Zhong2025",2022
1077,0.372122772879833,"Zhong2025",2022
1078,24.7448851740879,"Zhong2025",2022
1079,3.33527320233753,"Zhong2025",2022
1080,28.8764098204818,"Zhong2025",2022
1081,7.18512153841848,"Zhong2025",2022
1082,8.67823788436363,"Zhong2025",2022
1083,1.28663380990453,"Zhong2025",2022
1084,8.58569592092872,"Zhong2025",2022
1085,5.69115467194402,"Zhong2025",2022
1086,6.37182070678192,"Zhong2025",2022
1087,8.0888630262016,"Zhong2025",2022
1088,25.3782652807686,"Zhong2025",2022
1089,0.535353207779926,"Zhong2025",2022
1090,0.746832896377443,"Zhong2025",2022
1091,1.94826919713617,"Zhong2025",2022
1092,5.45579829465755,"Zhong2025",2022
1093,7.5172911652198,"Zhong2025",2022
1094,0.407113722918621,"Zhong2025",2022
1095,2.88631679603596,"Zhong2025",2022
1096,13.9161681600932,"Zhong2025",2022
1097,0.160650929945425,"Zhong2025",2022
1098,0.323823522411635,"Zhong2025",2022
1099,1.97506623888234,"Zhong2025",2022
1100,9.59088937171025,"Zhong2025",2022
1101,0.944707226586239,"Zhong2025",2022
1102,4.98413869181948,"Zhong2025",2022
1103,1.10853145891989,"Zhong2025",2022
1104,6.73282385009481,"Zhong2025",2022
1105,2.5443774751195,"Zhong2025",2022
1106,3.31598421075502,"Zhong2025",2022
1107,1.46161406208472,"Zhong2025",2022
1108,0.760032201610636,"Zhong2025",2022
1109,3.98905203354202,"Zhong2025",2022
1110,2.33447178504856,"Zhong2025",2022
1111,3.83498103998992,"Zhong2025",2022
1112,29.6406301321807,"Zhong2025",2022
1113,35.4449726013682,"Zhong2025",2022
1114,59.149636450268,"Zhong2025",2022
1115,28.470775614728,"Zhong2025",2022
1116,44.210007929169,"Zhong2025",2022
1117,21.5221354484558,"Zhong2025",2022
1118,30.4843101530972,"Zhong2025",2022
1119,1.75472507298797,"Zhong2025",2022
1120,6.04677682381625,"Zhong2025",2022
1121,56.0544023513794,"Zhong2025",2022
1122,52.3714496712936,"Zhong2025",2022
